0
0
0
0,1998326
0,1998326
0,266864
0,266864
0,266864
0,266864
0,266864
0,266864
0,266864
0,266864
0,266864
0,266864
0,2333586
0,1999745
0,1999745
0,1999745
0,1663363
0,1663363
0,1663363
0,1663363
0,1663363
0,1663363
0,1663363
0,1663363
0,1663363
0,1663363
0,1663363
0,1663363
0,1663363
0,1663363
0,1663363
0,1663363
0,1663363
0,1663363
0,1663363
0,1663363
0,1663363
0,1663363
0,1663363
0,1663363
0,1663363
0,1663363
0,1328351
0,1328351
0,1328351
0,1328351
0,1328351
0,1994512
0,1661795
0,1661795
0,1661795
0,2333827
0,2333827
0,2333827
0,2333827
0,2333827
0,2670203
0,2670203
0,2670203
0,2670203
0,2670203
0,2670203
0,2670203
0,2670203
0,2670203
0,2670203
0,2670203
0,2670203
0,2670203
0,3002945
0,334032
0,3671701
0,3671701
0,3335683
0,3335683
0,3335683
0,3670742
0,3670742
0,3670292
0,3670292
0,4998789
0,4998789
0,4998789
0,5330628
0,5664097
0,5331352
0,600599
0,6339065
0,6005607
0,6003004
0,6330514
0,6668923
0,4001534
0,03373709
0,03373709
0,03373709
0
0
0,1998326
0,1998326
0,3995291
0,4662208
0,4998586
0,4665147
0,3997102
0,3663632
0,3663632
0,3663632
0,3666039
0,3666039
0,3666039
0,3666039
0,3666039
0,3666039
0,3666039
0,3666039
0,3666039
0,3666039
0,3666039
0,3666039
0,3332346
0,3000625
0,3000625
0,3000625
0,3000625
0,3000625
0,3336638
0,3336638
0,367401
0,367401
0,367401
0,434017
0,4672908
0,4672908
0,4672908
0,4672908
0,4672908
0,4672908
0,5008947
0,5008947
0,5008947
0,5008947
0,5008947
0,5008947
0,5340205
0,5340205
0,5340205
0,5340205
0,5672253
0,5672253
0,5672253
0,5672253
0,5672253
0,5672253
0,5672253
0,5672253
0,5672253
0,5669808
0,6001526
0,6335205
0,6335205
0,6335205
0,6335205
0,7003351
0,7003351
0,7334375
0,766589
0,766589
0,8332179
0,8332179
0,8668878
0,8668878
0,8668878
0,9332701
0,9332701
0,9332701
0,9666154
0,9666154
0,9666154
0,9666154
0,9666154
0,9666154
0,9666154
0,9666154
0,9666154
0,9666154
0,9666154
1
1
1
0,966872
0,966872
0,8669345
0,7671243
0,7336199
0,6668923
0,3664165
0,1663267
0,3327293
0,3660733
0,6667172
0,7662542
0,7998936
0,7998936
0,7662916
0,7329434
0,7326443
0,7326443
0,6993459
0,6993459
0,6993459
0,6993459
0,6993459
0,632916
0,632916
0,632916
0,632916
0,632916
0,632916
0,632916
0,632916
0,632916
0,632916
0,632916
0,632916
0,632916
0,6665162
0,6665162
0,6665162
0,6665162
0,6665162
0,7000068
0,7000068
0,7000068
0,7000068
0,7000068
0,7000068
0,7000068
0,7333512
0,7333512
0,7333512
0,7667963
0,7667963
0,7667963
0,7667963
0,7667963
0,7667963
0,8002633
0,8002633
0,8002633
0,8002633
0,8002633
0,8002633
0,8002633
0,8339334
0,9003834
0,9003834
0,9003834
0,9003834
0,9003834
0,9334696
0,9334696
0,9334696
0,9668164
0,9668164
0,9668164
0,9668164
0,9668164
1
1
1
1
1
1
1
1
1
1
1
1
1
1
1
1
1
1
1
1
1
1
0,966872
0,966872
0,8669345
0,8669345
0,8334313
0,7667017
0,466226
0,199789
0,3995291
0,4662208
0,733216
0,7994065
0,7998936
0,7998936
0,7998936
0,7998936
0,7995897
0,8330821
0,7997841
0,8329691
0,8329691
0,8329691
0,8329691
0,7665386
0,7665386
0,7665386
0,7665386
0,7665386
0,7665386
0,7665386
0,7665386
0,7665386
0,7665386
0,7665386
0,7665386
0,7665386
0,7665386
0,7999848
0,7999848
0,7999848
0,7999848
0,7999848
0,7999848
0,7999848
0,7999848
0,7999848
0,7999848
0,7999848
0,8333277
0,8333277
0,8333277
0,8333277
0,8664797
0,8664797
0,8664797
0,8664797
0,8664797
0,899947
0,899947
0,899947
0,899947
0,899947
0,899947
0,899947
0,9336151
0,9669129
0,9669129
0,9669129
0,9669129
0,9669129
1
1
1
1
1
1
1
1
1
1
1
1
1
1
1
1
1
1
1
1
1
1
1
1
1
1
1
1
1
1
0,966872
0,966872
0,900426
0,900426
0,8669192
0,8001913
0,466226
0,1998226
0,6334994
0,6996886
0,7994065
0,832589
0,7994387
0,866296
0,8999368
0,8999368
0,8999368
0,8999368
0,8999368
0,8999368
0,8999368
0,8999368
0,8999368
0,8999368
0,8999368
0,8999368
0,8999368
0,8999368
0,8999368
0,8999368
0,8999368
0,8999368
0,8999368
0,8999368
0,8999368
0,8999368
0,8999368
0,9333811
0,9333811
0,9333811
0,9333811
0,9333811
0,9333811
0,9333811
0,9668479
0,9668479
0,9668479
0,9668479
0,9668479
0,9668479
0,9668479
0,9668479
1
1
1
1
1
1
1
1
1
1
1
1
1
1
1
1
1
1
1
1
1
1
1
1
1
1
1
1
1
1
1
1
1
1
1
1
1
1
1
1
1
1
1
1
1
1
1
1
0,966872
0,966872
0,900426
0,900426
0,8669192
0,8001913
0,466226
0,3000334
0,4663171
0,5661916
0,632829
0,6997658
0,6997658
0,6997658
0,6662995
0,6662995
0,6996685
0,6996685
0,6996685
0,6996685
0,7331744
0,7665576
0,7665576
0,7665576
0,8001956
0,8001956
0,8001956
0,8001956
0,8001956
0,833664
0,833664
0,833664
0,833664
0,833664
0,833664
0,833664
0,833664
0,833664
0,833664
0,833664
0,833664
0,833664
0,833664
0,833664
0,833664
0,833664
0,833664
0,833664
0,833664
0,833664
0,833664
0,833664
0,8671654
0,8671654
0,8671654
0,8671654
0,8671654
0,8671654
0,9004364
0,9004364
0,8669463
0,8338199
0,8338199
0,8338199
0,8338199
0,7666169
0,7666169
0,7666169
0,7666169
0,7666169
0,7329779
0,7329779
0,7329779
0,7329779
0,7329779
0,7329779
0,7329779
0,7329779
0,7329779
0,7329779
0,7329779
0,7665813
0,7665813
0,7333081
0,6995702
0,6664318
0,699923
0,699923
0,699923
0,699923
0,6664158
0,7000175
0,6997354
0,7330083
0,8662118
0,8996776
0,9331242
0,9662625
1
0,966872
0,966872
0,966872
0,8669192
0,8001913
0,6665172
0,4664405
0,2661501
0,0331517
0,3672635
0,533429
0,533429
0,6002639
0,6002639
0,6002639
0,6334659
0,6334659
0,6665954
0,6665954
0,6665954
0,6665954
0,7001008
0,7001008
0,7001008
0,7001008
0,733739
0,733739
0,733739
0,7671071
0,7671071
0,7671071
0,7671071
0,800279
0,800279
0,800279
0,800279
0,800279
0,800279
0,800279
0,800279
0,800279
0,7665416
0,7665416
0,7665416
0,7665416
0,7665416
0,7334161
0,7001429
0,7001429
0,7001429
0,7001429
0,7001429
0,7001429
0,6665406
0,6665406
0,6665406
0,6665406
0,6665406
0,6334118
0,6334118
0,6334118
0,5999224
0,5667186
0,5667186
0,5667186
0,5667186
0,5665008
0,5665008
0,5665008
0,5333625
0,5333625
0,466553
0,4331838
0,4331838
0,4331838
0,4331838
0,4331838
0,4331838
0,3666139
0,3666139
0,3334625
0,3334625
0,3334625
0,3000166
0,3000166
0,266347
0,2330497
0,2665404
0,2334536
0,2001101
0,2001101
0,2665779
0,3001786
0,533412
0,6994348
0,8001414
0,8001414
0,9667032
0,966872
0,966872
0,966872
0,9335288
0,8338371
0,7005611
0,5335476
0,4665399
0,2334894
0,03319884
0,06662939
0,2337811
0,3003577
0,3003577
0,3003577
0,3339585
0,3673058
0,3673058
0,3673058
0,4006029
0,4006029
0,4006029
0,4006029
0,4006029
0,4006029
0,4006029
0,4339472
0,4339472
0,4339472
0,4339472
0,4673156
0,4673156
0,4673156
0,4673156
0,4673156
0,4673156
0,4673156
0,4673156
0,4673156
0,4673156
0,4673156
0,4673156
0,4673156
0,399978
0,399978
0,399978
0,3664876
0,3664876
0,3333623
0,3333623
0,3333623
0,3333623
0,3333623
0,3333623
0,3333623
0,300018
0,300018
0,300018
0,2665728
0,2665728
0,2665728
0,2665728
0,2665728
0,2665728
0,2665728
0,2665728
0,2665728
0,2665728
0,2665728
0,2665728
0,2001237
0,2001237
0,2001237
0,2001237
0,1667546
0,1667546
0,1667546
0,1667546
0,1667546
0,1667546
0,09993991
0,09993991
0,09993991
0,09993991
0,09993991
0,06675623
0,06675623
0,03308638
0,03308638
0,03308638
0
0,06662935
0,10023
0,1666759
0,2331539
0,5336277
0,6000707
0,7669728
0,8001715
0,9335756
0,966872
0,966872
0,9333711
0,9000262
0,6999603
0,5330479
0,3666789
0,233333
0,1003139
0
0,03346736
0,03346736
0,1000967
0,1332484
0,1667389
0,1667389
0,1667389
0,1667389
0,1667389
0,2337056
0,2337056
0,2337056
0,2337056
0,2337056
0,2333018
0,2333018
0,2666454
0,2334618
0,2334618
0,2334618
0,2334618
0,2334618
0,2334618
0,2334618
0,2334618
0,2334618
0,2334618
0,2334618
0,2334618
0,2334618
0,2334618
0,2334618
0,2334618
0,2334618
0,200016
0,200016
0,200016
0,200016
0,200016
0,200016
0,200016
0,200016
0,200016
0,200016
0,200016
0,1666724
0,1666724
0,1666724
0,1666724
0,1335207
0,1335207
0,1000535
0,1000535
0,1000535
0,1000535
0,1000535
0,1000535
0,1000535
0,1000535
0,06638367
0,03308638
0,03308638
0,03308638
0,03308638
0,03308638
0,03308638
0,03308638
0,03308638
0
0
0
0
0
0
0
0
0
0
0
0,03312816
0,03312816
0,06662935
0,1335037
0,3668875
0,5331001
0,7001802
0,7333795
0,8663966
0,8663966
0,9335756
0,966872
0,966872
0,8666441
0,6993161
0,5324078
0,4329371
0,2669722
0,1004186
0,03373709
0
0
0,03346736
0,03346736
0,03346736
0,03346736
0,03346736
0,03346736
0,03346736
0,03346736
0,03346736
0,03346736
0,03346736
0,03346736
0,03346736
0,03346736
0,03346736
0,03346736
0,03346736
0,03346736
0,03346736
0,03346736
0,03346736
0,03346736
0,03346736
0,03346736
0,03346736
0,03346736
0,03346736
0,03346736
0,03346736
0,03346736
0,03346736
0,03346736
0,03346736
0,03346736
0,03346736
0,03346736
0,03346736
0,03346736
0,03346736
1,401298E-45
1,401298E-45
1,401298E-45
1,401298E-45
1,401298E-45
1,401298E-45
1,401298E-45
0
0
0
0
0
0
0
0
0
0
0
0
0
0
0
0
0
0
0
0
0
0
0
0
0
0
0
0
0
0
0
0
0,06662935
0,06662935
0,1332977
0,2999084
0,6005522
0,6670287
0,7336261
0,766825
0,8666539
0,8999523
0,966872
0,9333711
0,8668547
0,7335631
0,5997519
0,3997808
0,2663737
0,1666519
0,03329732
0
0
0
0
0
0
0
0,03346736
0,03346736
0,03346736
0,03346736
0,03346736
0,03346736
0,03346736
0,03346736
0,03346736
0,03346736
0,03346736
0,03346736
0,03346736
0,03346736
0,03346736
0,03346736
0,03346736
0,03346736
0,03346736
0,03346736
0,03346736
1,401298E-45
1,401298E-45
1,401298E-45
1,401298E-45
1,401298E-45
1,401298E-45
1,401298E-45
1,401298E-45
1,401298E-45
1,401298E-45
1,401298E-45
1,401298E-45
1,401298E-45
1,401298E-45
1,401298E-45
1,401298E-45
1,401298E-45
0
0
0
0
0
0
0
0
0
0
0
0
0
0
0
0
0
0
0
0
0
0
0
0
0
0
0
0
0
0
0
0
0
0
0,03350119
0,03350119
0,06662935
0,10023
0,267006
0,4332878
0,7001802
0,7001802
0,7667114
0,7999117
0,8666539
0,8664498
0,9333711
0,8666441
0,6668959
0,433556
0,3333094
0,3333094
0,1999402
0,100218
0,03329732
0
0
0
0
0
0
0
0,03346736
0,03346736
0,03346736
0,03346736
0,03346736
0,03346736
0,03346736
0,03346736
0,03346736
0,03346736
0,03346736
0,03346736
0,03346736
0,03346736
0,03346736
0,03346736
0,03346736
0,03346736
0,03346736
0,03346736
0,03346736
1,401298E-45
1,401298E-45
1,401298E-45
1,401298E-45
1,401298E-45
1,401298E-45
1,401298E-45
1,401298E-45
1,401298E-45
1,401298E-45
1,401298E-45
1,401298E-45
1,401298E-45
1,401298E-45
1,401298E-45
1,401298E-45
1,401298E-45
0
0
0
0
0
0
0
0
0
0
0
0
0
0
0
0
0
0
0
0
0
0
0
0
0
0
0
0
0
0
0
0
0
0
0,03350119
0,06662935
0,1002675
0,2003138
0,5003555
0,6001925
0,7001802
0,7333795
0,8666434
0,8331981
0,8663359
0,8996329
0,9000262
0,733222
0,4996716
0,3664127
0,2998196
0,2000974
0,100218
0,06692075
0
0
0
0
0
0
0
0
0
0
0
0
0
0
0
0
0
0
0
0
0
0
0
0
0
1,401298E-45
1,401298E-45
1,401298E-45
1,401298E-45
1,401298E-45
1,401298E-45
1,401298E-45
1,401298E-45
1,401298E-45
1,401298E-45
1,401298E-45
1,401298E-45
1,401298E-45
1,401298E-45
1,401298E-45
1,401298E-45
0
0
0
0
0
0
0
0
0
0
0
0
0
0
0
0
0
0
0
0
0
0
0
0
0
0
0
0
0
0
0
0
0
0
0
0
0
0,03350119
0,06662935
0,1002675
0,1671419
0,2673003
0,4003087
0,6670287
0,6670287
0,7669728
0,7335418
0,8331516
0,8663359
0,9000732
0,8664969
0,6331095
0,4997107
0,4327143
0,3329216
0,2330266
0,1333044
0,06703437
0,03373709
1,401298E-45
1,401298E-45
0
0
0
0
0
0
0
0
0
0
0
0
0
0
0
0
0
0
0
0
0
0
0
1,401298E-45
1,401298E-45
1,401298E-45
1,401298E-45
1,401298E-45
1,401298E-45
1,401298E-45
1,401298E-45
1,401298E-45
1,401298E-45
1,401298E-45
1,401298E-45
1,401298E-45
1,401298E-45
1,401298E-45
1,401298E-45
0
0
0
0
0
0
0
0
0
0
0
0
0
0
0
0
0
0
0
0
0
0
0
0
0
0
0
0
0
0
0
0
0
0
0
0,03350119
0,03350119
0,06662935
0,09990323
0,1670317
0,2671975
0,4670521
0,5670513
0,7336261
0,7667114
0,7997568
0,7998133
0,8663359
0,8330613
0,7670634
0,7332921
0,4659185
0,3662909
0,3328452
0,266278
0,1667412
0,100218
0,06703437
0,03373709
1,401298E-45
1,401298E-45
0
0
0
0
0
0
0
0
0
0
0
0
0
0
0
0
0
0
0
0
0
0
1,401298E-45
1,401298E-45
1,401298E-45
1,401298E-45
1,401298E-45
1,401298E-45
1,401298E-45
1,401298E-45
1,401298E-45
1,401298E-45
1,401298E-45
1,401298E-45
1,401298E-45
1,401298E-45
1,401298E-45
1,401298E-45
1,401298E-45
0
0
0
0
0
0
0
0
0
0
0
0
0
0
0
0
0
0
0
0
0
0
0
0
0
0
0
0
0
0
0
0
0
0
0
0,03350119
0,06677495
0,1335412
0,2001066
0,3666402
0,4668819
0,5336933
0,6335726
0,7336261
0,7667114
0,8000134
0,8331981
0,8663359
0,8331885
0,7000533
0,5665094
0,3662909
0,2998196
0,2663737
0,1997911
0,1333569
0,100218
0,03329732
1,401298E-45
1,401298E-45
1,401298E-45
0
0
0
0
0
0
0
0
0
0
0
0
0
0
0
0
0
0
0
0
0
0
1,401298E-45
1,401298E-45
1,401298E-45
1,401298E-45
1,401298E-45
1,401298E-45
1,401298E-45
1,401298E-45
1,401298E-45
1,401298E-45
1,401298E-45
1,401298E-45
1,401298E-45
1,401298E-45
1,401298E-45
1,401298E-45
1,401298E-45
0
0
0
0
0
0
0
0
0
0
0
0
0
0
0
0
0
0
0
0
0
0
0
0
0
0
0
0
0
0
0
0
0
0,03350119
0,03350119
0,1002675
0,1335412
0,166713
0,2668784
0,4335849
0,5333501
0,6668724
0,7667114
0,766932
0,766932
0,8000134
0,8331981
0,8326986
0,7327464
0,5332887
0,4665504
0,3328452
0,2663737
0,1999402
0,100218
0,100218
0,06692075
1,401298E-45
1,401298E-45
1,401298E-45
1,401298E-45
0
0
0
0
0
0
0
0
0
0
0
0
0
0
0
0
0
0
0
0
0
0
0
1,401298E-45
1,401298E-45
1,401298E-45
1,401298E-45
1,401298E-45
1,401298E-45
1,401298E-45
1,401298E-45
1,401298E-45
1,401298E-45
1,401298E-45
1,401298E-45
0
0
0
0
0
0
0
0
0
0
0
0
0
0
0
0
0
0
0
0
0
0
0
0
0
0
0
0
0
0
0
0
0
0
0
0,03350119
0,03350119
0,06713931
0,06713931
0,1002675
0,1335412
0,3329712
0,3665715
0,4670521
0,6335726
0,7336261
0,7667114
0,8000134
0,8000134
0,7995136
0,7995166
0,7002012
0,6334284
0,4330678
0,3997963
0,3328452
0,1997911
0,1333569
0,100218
0,06703437
0,03373709
1,401298E-45
1,401298E-45
1,401298E-45
1,401298E-45
0
0
0
0
0
0
0
0
0
0
0
0
0
0
0
0
0
0
0
0
0
0
0
1,401298E-45
1,401298E-45
1,401298E-45
1,401298E-45
1,401298E-45
1,401298E-45
1,401298E-45
1,401298E-45
1,401298E-45
1,401298E-45
1,401298E-45
1,401298E-45
0
0
0
0
0
0
0
0
0
0
0
0
0
0
0
0
0
0
0
0
0
0
0
0
0
0
0
0
0
0
0
0
0
0
0
0,03350119
0,03350119
0,06713931
0,1004132
0,2335968
0,2335968
0,3666402
0,5003487
0,5336933
0,6335726
0,7001234
0,7332121
0,8000134
0,7999234
0,7994249
0,6997812
0,5998917
0,5330206
0,3662909
0,3329216
0,2994764
0,1666519
0,100218
0,100218
0,06703437
0,03373709
1,401298E-45
1,401298E-45
1,401298E-45
1,401298E-45
0
0
0
0
0
0
0
0
0
0
0
0
0
0
0
0
0
0
0
0
0
0
0
1,401298E-45
1,401298E-45
1,401298E-45
1,401298E-45
1,401298E-45
1,401298E-45
1,401298E-45
1,401298E-45
1,401298E-45
1,401298E-45
1,401298E-45
1,401298E-45
0
0
0
0
0
0
0
0
0
0
0
0
0
0
0
0
0
0
0
0
0
0
0
0
0
0
0
0
0
0
0
0
0
0,03350119
0,03350119
0,03350119
0,06677495
0,1004132
0,1335412
0,3329712
0,3664379
0,4333796
0,5670773
0,6003653
0,666603
0,73343
0,700157
0,7662402
0,6996873
0,6334843
0,5999099
0,4329486
0,4329486
0,3328452
0,2663737
0,1999402
0,100218
0,100218
0,100218
0,03329732
1,401298E-45
1,401298E-45
1,401298E-45
1,401298E-45
1,401298E-45
0
0
0
0
0
0
0
0
0
0
0
0
0
0
0
0
0
0
0
0
0
0
0
1,401298E-45
1,401298E-45
1,401298E-45
1,401298E-45
1,401298E-45
1,401298E-45
1,401298E-45
1,401298E-45
1,401298E-45
1,401298E-45
1,401298E-45
1,401298E-45
0
0
0
0
0
0
0
0
0
0
0
0
0
0
0
0
0
0
0
0
0
0
0
0
0
0
0
0
0
0
0
0
0
0,03350119
0,03350119
0,06713931
0,1004132
0,1336172
0,199917
0,3329712
0,4331511
0,5000919
0,6335726
0,7001234
0,7332121
0,7329903
0,7331021
0,7662402
0,6996873
0,5999934
0,5664195
0,3329822
0,3329822
0,2994764
0,2331752
0,1333569
0,100218
0,06703437
0,03373709
1,401298E-45
1,401298E-45
1,401298E-45
1,401298E-45
1,401298E-45
1,401298E-45
0
0
0
0
0
0
0
0
0
0
0
0
0
0
0
0
0
0
0
0
1,401298E-45
1,401298E-45
1,401298E-45
1,401298E-45
1,401298E-45
1,401298E-45
1,401298E-45
1,401298E-45
1,401298E-45
1,401298E-45
1,401298E-45
1,401298E-45
1,401298E-45
1,401298E-45
1,401298E-45
0
0
0
0
0
0
0
0
0
0
0
0
0
0
0
0
0
0
0
0
0
0
0
0
0
0
0
0
0
0
0
0
0,03350119
0,03350119
0,06677495
0,1336172
0,166745
0,2668006
0,2999723
0,3666402
0,5335472
0,5667644
0,666603
0,7665584
0,700157
0,6997175
0,6665486
0,6329926
0,6662908
0,5667656
0,4998947
0,3329822
0,3329822
0,2663898
0,2000886
0,1333569
0,100218
0,06703437
0,03373709
1,401298E-45
1,401298E-45
1,401298E-45
1,401298E-45
1,401298E-45
1,401298E-45
0
0
0
0
0
0
0
0
0
0
0
0
0
0
0
0
0
0
0
0
1,401298E-45
1,401298E-45
1,401298E-45
1,401298E-45
1,401298E-45
1,401298E-45
1,401298E-45
1,401298E-45
1,401298E-45
1,401298E-45
1,401298E-45
1,401298E-45
1,401298E-45
1,401298E-45
1,401298E-45
0
0
0
0
0
0
0
0
0
0
0
0
0
0
0
0
0
0
0
0
0
0
0
0
0
0
0
0
0
0
0,03350119
0,03350119
0,03350119
0,06713931
0,1004132
0,2336727
0,2999723
0,3329712
0,3997814
0,4667234
0,6666752
0,7001234
0,7000824
0,7329903
0,6665362
0,5666712
0,5998546
0,5665274
0,5665526
0,3999514
0,3663508
0,2994764
0,2331752
0,1333569
0,1333569
0,100218
0,100218
0,03329732
1,401298E-45
1,401298E-45
1,401298E-45
1,401298E-45
1,401298E-45
1,401298E-45
1,401298E-45
0
0
0
0
0
0
0
0
0
0
0
0
0
0
0
0
0
0
0
0
1,401298E-45
1,401298E-45
1,401298E-45
1,401298E-45
1,401298E-45
1,401298E-45
1,401298E-45
1,401298E-45
1,401298E-45
1,401298E-45
1,401298E-45
1,401298E-45
1,401298E-45
0
0
0
0
0
0
0
0
0
0
0
0
0
0
0
0
0
0
0
0
0
0
0
0
0
0
0
0
0
0
0
0
0,03350119
0,06713931
0,06713931
0,1337043
0,1669781
0,2336727
0,3334401
0,4334769
0,5004209
0,5001925
0,6665229
0,7334726
0,73343
0,7329903
0,6665362
0,5666712
0,6329926
0,533444
0,4998679
0,3329822
0,3329822
0,2661287
0,1998274
0,1333569
0,1333569
0,100218
0,100218
0,03329732
1,401298E-45
1,401298E-45
1,401298E-45
1,401298E-45
1,401298E-45
1,401298E-45
1,401298E-45
0
0
0
0
0
0
0
0
0
0
0
0
0
0
0
0
0
0
0
0
1,401298E-45
1,401298E-45
1,401298E-45
1,401298E-45
1,401298E-45
1,401298E-45
1,401298E-45
1,401298E-45
1,401298E-45
1,401298E-45
1,401298E-45
1,401298E-45
1,401298E-45
0
0
0
0
0
0
0
0
0
0
0
0
0
0
0
0
0
0
0
0
0
0
0
0
0
0
0
0
0
0
0,03350119
0,06713931
0,06713931
0,06713931
0,1004132
0,2336727
0,2999723
0,2999723
0,3334401
0,3999755
0,5668005
0,6335166
0,699967
0,7330328
0,6997175
0,6665139
0,6333334
0,5666712
0,6662908
0,5000114
0,4331401
0,3329822
0,2997828
0,1998438
0,1667412
0,1333569
0,1333569
0,06703437
0,03373709
1,401298E-45
1,401298E-45
1,401298E-45
1,401298E-45
0
0
0
0
0
0
0
0
0
0
0
0
0
0
0
0
0
0
0
0
0
0
0
0
1,401298E-45
1,401298E-45
1,401298E-45
1,401298E-45
1,401298E-45
1,401298E-45
1,401298E-45
1,401298E-45
1,401298E-45
1,401298E-45
1,401298E-45
1,401298E-45
1,401298E-45
0
0
0
0
0
0
0
0
0
0
0
0
0
0
0
0
0
0
0
0
0
0
0
0
0
0
0
0
0
0
0,03350119
0,06713931
0,1004132
0,1004132
0,2001819
0,2336727
0,2999723
0,3329712
0,4329334
0,4997429
0,6000702
0,6335166
0,6997803
0,6665139
0,6333334
0,5666712
0,6329926
0,5665274
0,533401
0,3999514
0,3663508
0,2663737
0,2331752
0,1333569
0,1333569
0,100218
0,100218
0,06703437
0,03373709
1,401298E-45
1,401298E-45
1,401298E-45
1,401298E-45
0
0
0
0
0
0
0
0
0
0
0
0
0
0
0
0
0
0
0
0
0
0
0
0
1,401298E-45
1,401298E-45
1,401298E-45
1,401298E-45
1,401298E-45
1,401298E-45
1,401298E-45
1,401298E-45
1,401298E-45
1,401298E-45
1,401298E-45
1,401298E-45
1,401298E-45
0
0
0
0
0
0
0
0
0
0
0
0
0
0
0
0
0
0
0
0
0
0
0
0
0
0
0
0
0
0
0,03350119
0,06713931
0,2001819
0,2336727
0,2668439
0,2999723
0,3334401
0,4334769
0,5330983
0,5663139
0,699967
0,7330328
0,7328452
0,5332862
0,5666712
0,5332027
0,5662546
0,5333232
0,4667422
0,3329822
0,2998954
0,1667412
0,1667412
0,1333569
0,1333569
0,100218
0,06692075
1,401298E-45
1,401298E-45
1,401298E-45
1,401298E-45
1,401298E-45
1,401298E-45
0
0
0
0
0
0
0
0
0
0
0
0
0
0
0
0
0
0
0
0
0
0
0
0
1,401298E-45
1,401298E-45
1,401298E-45
1,401298E-45
1,401298E-45
1,401298E-45
1,401298E-45
1,401298E-45
1,401298E-45
1,401298E-45
1,401298E-45
1,401298E-45
1,401298E-45
0
0
0
0
0
0
0
0
0
0
0
0
0
0
0
0
0
0
0
0
0
0
0
0
0
0
0
0
0,03350119
0,06713931
0,1004132
0,1004132
0,2001819
0,2668439
0,3003111
0,3334401
0,3667831
0,4665908
0,5328684
0,5326765
0,6330545
0,5336906
0,5667779
0,5332862
0,5666712
0,5002053
0,5331836
0,4664623
0,3329822
0,3329822
0,2998954
0,1333569
0,1333569
0,1333569
0,1333569
0,100218
0,06692075
1,401298E-45
1,401298E-45
1,401298E-45
1,401298E-45
1,401298E-45
1,401298E-45
0
0
0
0
0
0
0
0
0
0
0
0
0
0
0
0
0
0
0
0
0
0
0
0
1,401298E-45
1,401298E-45
1,401298E-45
1,401298E-45
1,401298E-45
1,401298E-45
1,401298E-45
1,401298E-45
1,401298E-45
1,401298E-45
1,401298E-45
1,401298E-45
1,401298E-45
0
0
0
0
0
0
0
0
0
0
0
0
0
0
0
0
0
0
0
0
0
0
0
0
0
0
0,03350119
0,03350119
0,03350119
0,06713931
0,1004132
0,1339034
0,2336727
0,2999723
0,3334401
0,3665791
0,3999225
0,5331883
0,6335166
0,6330767
0,666254
0,5336906
0,5667779
0,5664697
0,533116
0,5001176
0,5000334
0,4333107
0,3329822
0,2661287
0,2330427
0,1333569
0,1333569
0,100218
0,06703437
0,06703437
0,03373709
1,401298E-45
1,401298E-45
1,401298E-45
1,401298E-45
1,401298E-45
1,401298E-45
0
0
0
0
0
0
0
0
0
0
0
0
0
0
0
0
0
0
0
0
0
0
0
0
1,401298E-45
1,401298E-45
1,401298E-45
1,401298E-45
1,401298E-45
1,401298E-45
1,401298E-45
1,401298E-45
1,401298E-45
1,401298E-45
1,401298E-45
1,401298E-45
1,401298E-45
0
0
0
0
0
0
0
0
0
0
0
0
0
0
0
0
0
0
0
0
0
0
0
0
0
0
0,03350119
0,06713931
0,06713931
0,1006297
0,2336727
0,2668439
0,2668439
0,2999723
0,3334401
0,4332476
0,4665908
0,5326765
0,6663282
0,6332645
0,5667779
0,5332862
0,5666712
0,5998546
0,5662546
0,4995857
0,3996366
0,3665839
0,3329822
0,1998274
0,1667412
0,1333569
0,1333569
0,100218
0,06703437
0,03329732
1,401298E-45
1,401298E-45
1,401298E-45
0
0
0
0
0
0
0
0
0
0
0
0
0
0
0
0
0
0
0
0
0
0
0
0
0
0
0
0
1,401298E-45
1,401298E-45
1,401298E-45
1,401298E-45
1,401298E-45
1,401298E-45
1,401298E-45
1,401298E-45
1,401298E-45
1,401298E-45
1,401298E-45
1,401298E-45
1,401298E-45
0
0
0
0
0
0
0
0
0
0
0
0
0
0
0
0
0
0
0
0
0
0
0
0
0
0
0,03350119
0,06713931
0,2001819
0,2336727
0,2336727
0,2668439
0,3003111
0,3664379
0,3997814
0,4997429
0,5333426
0,5662768
0,6330545
0,5999888
0,5667779
0,5332862
0,5332027
0,5333882
0,5001043
0,4668277
0,4000297
0,3332368
0,2996346
0,1664434
0,1333569
0,1333569
0,1333569
0,100218
0,03373709
1,401298E-45
1,401298E-45
1,401298E-45
1,401298E-45
0
0
0
0
0
0
0
0
0
0
0
0
0
0
0
0
0
0
0
0
0
0
0
0
0
0
0
0
1,401298E-45
1,401298E-45
1,401298E-45
1,401298E-45
1,401298E-45
1,401298E-45
1,401298E-45
1,401298E-45
1,401298E-45
1,401298E-45
1,401298E-45
1,401298E-45
1,401298E-45
0
0
0
0
0
0
0
0
0
0
0
0
0
0
0
0
0
0
0
0
0
0
0
0
0,03350119
0,06713931
0,06713931
0,06713931
0,2001819
0,2668439
0,2668439
0,2668439
0,3668086
0,3998073
0,3996496
0,4995498
0,533152
0,5333086
0,5664852
0,5664997
0,5666712
0,5666712
0,5000516
0,4332955
0,4663625
0,4333107
0,3329822
0,2333331
0,2333331
0,1664434
0,1333569
0,100218
0,06703437
0,06703437
0,03373709
1,401298E-45
1,401298E-45
1,401298E-45
1,401298E-45
0
0
0
0
0
0
0
0
0
0
0
0
0
0
0
0
0
0
0
0
0
0
0
0
0
0
0
0
1,401298E-45
1,401298E-45
1,401298E-45
1,401298E-45
1,401298E-45
1,401298E-45
1,401298E-45
1,401298E-45
1,401298E-45
1,401298E-45
1,401298E-45
1,401298E-45
1,401298E-45
0
0
0
0
0
0
0
0
0
0
0
0
0
0
0
0
0
0
0
0
0
0
0
0
0,03350119
0,06713931
0,1004132
0,1339034
0,2336727
0,2668439
0,3002127
0,3336802
0,3668086
0,4662306
0,4660726
0,5658745
0,5995492
0,4998918
0,4998232
0,5333285
0,5332027
0,5663867
0,4998666
0,3999263
0,4332365
0,3669863
0,2997828
0,1998274
0,1667412
0,1333569
0,1333569
0,100218
0,06703437
0,06703437
0,03373709
1,401298E-45
1,401298E-45
1,401298E-45
1,401298E-45
0
0
0
0
0
0
0
0
0
0
0
0
0
0
0
0
0
0
0
0
0
0
0
0
0
0
0
0
1,401298E-45
1,401298E-45
1,401298E-45
1,401298E-45
1,401298E-45
1,401298E-45
1,401298E-45
1,401298E-45
1,401298E-45
1,401298E-45
1,401298E-45
1,401298E-45
1,401298E-45
0
0
0
0
0
0
0
0
0
0
0
0
0
0
0
0
0
0
0
0
0
0
0,03350119
0,03350119
0,03350119
0,1006297
0,1671076
0,2336727
0,2336727
0,2668439
0,3002127
0,3998307
0,4328012
0,4997429
0,5665424
0,4662159
0,4662208
0,5333285
0,5332862
0,5332862
0,5000516
0,5002369
0,4666628
0,4000129
0,3329822
0,2664357
0,2664357
0,1998274
0,1667412
0,1333569
0,1001732
0,06703437
0,03373709
1,401298E-45
0
0
0
0
0
0
0
0
0
0
0
0
0
0
0
0
0
0
0
0
0
0
0
0
0
0
0
0
0
0
0
0
0
1,401298E-45
1,401298E-45
1,401298E-45
1,401298E-45
1,401298E-45
1,401298E-45
1,401298E-45
1,401298E-45
1,401298E-45
1,401298E-45
1,401298E-45
1,401298E-45
1,401298E-45
0
0
0
0
0
0
0
0
0
0
0
0
0
0
0
0
0
0
0
0
0
0
0,03350119
0,06713931
0,06713931
0,1671948
0,2336727
0,2668439
0,2668439
0,2668439
0,3333413
0,4329588
0,4328012
0,4995498
0,4997842
0,4998183
0,4998232
0,5333285
0,5332027
0,5332027
0,5000516
0,4665676
0,4331653
0,4001849
0,3329822
0,2664357
0,2664357
0,1998274
0,1333569
0,1333569
0,1001732
0,06703437
0,03373709
1,401298E-45
0
0
0
0
0
0
0
0
0
0
0
0
0
0
0
0
0
0
0
0
0
0
0
0
0
0
0
0
0
0
0
0
0
1,401298E-45
1,401298E-45
1,401298E-45
1,401298E-45
1,401298E-45
1,401298E-45
1,401298E-45
1,401298E-45
1,401298E-45
1,401298E-45
1,401298E-45
1,401298E-45
1,401298E-45
0
0
0
0
0
0
0
0
0
0
0
0
0
0
0
0
0
0
0
0
0,03350119
0,03350119
0,03350119
0,1006297
0,1338338
0,2003987
0,2668439
0,2668439
0,3002127
0,3666787
0,3996496
0,4997429
0,5333426
0,5327861
0,4331179
0,4667203
0,4997804
0,5332862
0,5332027
0,5000191
0,4666628
0,4334582
0,4000297
0,3333853
0,2997828
0,2333331
0,2002467
0,1667412
0,1333569
0,100218
0,06703437
0,03329732
1,401298E-45
1,401298E-45
0
0
0
0
0
0
0
0
0
0
0
0
0
0
0
0
0
0
0
0
0
0
0
0
0
0
0
0
0
0
0
0
0
1,401298E-45
1,401298E-45
1,401298E-45
1,401298E-45
1,401298E-45
1,401298E-45
1,401298E-45
1,401298E-45
1,401298E-45
1,401298E-45
1,401298E-45
1,401298E-45
1,401298E-45
0
0
0
0
0
0
0
0
0
0
0
0
0
0
0
0
0
0
0
0
0,03350119
0,03350119
0,03350119
0,1006297
0,1671076
0,2336727
0,2668439
0,3003111
0,3336802
0,3998307
0,4328012
0,4997429
0,5665424
0,599088
0,4662208
0,4998232
0,4663138
0,4998195
0,5000516
0,4335961
0,4333916
0,40026
0,3668308
0,3333853
0,2997828
0,1998274
0,1333569
0,1333569
0,1333569
0,100218
0,03373709
0
0
0
0
0
0
0
0
0
0
0
0
0
0
0
0
0
0
0
0
0
0
0
0
0
0
0
0
0
0
0
0
0
0
0
0
1,401298E-45
1,401298E-45
1,401298E-45
1,401298E-45
1,401298E-45
1,401298E-45
1,401298E-45
1,401298E-45
1,401298E-45
1,401298E-45
1,401298E-45
1,401298E-45
1,401298E-45
0
0
0
0
0
0
0
0
0
0
0
0
0
0
0
0
0
0
0
0
0,03350119
0,1006297
0,1006297
0,1671948
0,2336727
0,2670417
0,3002127
0,3336802
0,3336802
0,3998307
0,4996009
0,5328586
0,4996418
0,5658697
0,4662208
0,4998232
0,4663138
0,4996341
0,4998666
0,400397
0,3334669
0,300088
0,2664357
0,2664357
0,2664357
0,1998274
0,1333569
0,1333569
0,06703437
0,06703437
0,03373709
0
0
0
0
0
0
0
0
0
0
0
0
0
0
0
0
0
0
0
0
0
0
0
0
0
0
0
0
0
0
0
0
0
0
0
0
1,401298E-45
1,401298E-45
1,401298E-45
1,401298E-45
1,401298E-45
1,401298E-45
1,401298E-45
1,401298E-45
1,401298E-45
1,401298E-45
1,401298E-45
1,401298E-45
1,401298E-45
0
0
0
0
0
0
0
0
0
0
0
0
0
0
0
0
0
0
0
0
0,03350119
0,1671948
0,2003987
0,2003987
0,2668439
0,3002127
0,3002127
0,3666787
0,3996733
0,4660726
0,4663073
0,4994203
0,4662894
0,4998232
0,4998232
0,4998232
0,4663138
0,4668683
0,4335244
0,3671212
0,3335336
0,300088
0,2664357
0,2664357
0,2333492
0,1667412
0,1333569
0,1333569
0,06703437
0,03329732
0
0
0
0
0
0
0
0
0
0
0
0
0
0
0
0
0
0
0
0
0
0
0
0
0
0
0
0
0
0
0
0
0
0
0
1,401298E-45
1,401298E-45
1,401298E-45
1,401298E-45
1,401298E-45
1,401298E-45
1,401298E-45
1,401298E-45
1,401298E-45
1,401298E-45
1,401298E-45
1,401298E-45
1,401298E-45
1,401298E-45
1,401298E-45
0
0
0
0
0
0
0
0
0
0
0
0
0
0
0
0
0
0
0,03349037
0,06699159
0,06699159
0,1671948
0,2336727
0,2336727
0,2668439
0,3336802
0,3668325
0,3998307
0,4328719
0,4994509
0,4664866
0,5325229
0,4993918
0,5329097
0,4994412
0,4666673
0,4666673
0,4335961
0,4333916
0,3668142
0,2997828
0,2997828
0,2333331
0,2333331
0,1668627
0,1333569
0,1333569
0,1333569
0,06703437
0,03329732
0
0
0
0
0
0
0
0
0
0
0
0
0
0
0
0
0
0
0
0
0
0
0
0
0
0
0
0
0
0
0
0
0
0
0
1,401298E-45
1,401298E-45
1,401298E-45
1,401298E-45
1,401298E-45
1,401298E-45
1,401298E-45
1,401298E-45
1,401298E-45
1,401298E-45
1,401298E-45
1,401298E-45
1,401298E-45
1,401298E-45
1,401298E-45
0
0
0
0
0
0
0
0
0
0
0
0
0
0
0
0
0
0
0,03349037
0,1006297
0,1338338
0,2003987
0,2668439
0,3002127
0,3002127
0,3336802
0,3668325
0,4331025
0,4997451
0,5328586
0,4664377
0,533097
0,4663554
0,4994412
0,4994412
0,4666822
0,433339
0,3670537
0,3665922
0,3332133
0,2664357
0,2664357
0,2333331
0,1998274
0,1333569
0,1333569
0,06703437
0,06703437
0,03373709
0
0
0
0
0
0
0
0
0
0
0
0
0
0
0
0
0
0
0
0
0
0
0
0
0
0
0
0
0
0
0
0
0
0
0
0
1,401298E-45
1,401298E-45
1,401298E-45
1,401298E-45
1,401298E-45
1,401298E-45
1,401298E-45
1,401298E-45
1,401298E-45
1,401298E-45
1,401298E-45
1,401298E-45
1,401298E-45
1,401298E-45
1,401298E-45
0
0
0
0
0
0
0
0
0
0
0
0
0
0
0
0
0,03349037
0,06712849
0,06712849
0,1671948
0,2003987
0,2003987
0,2668439
0,3002127
0,3002127
0,3666787
0,4663731
0,4992827
0,4328168
0,4662941
0,4331636
0,4998232
0,4663554
0,5329471
0,5329471
0,4336691
0,4003251
0,40026
0,3335336
0,300088
0,2333331
0,2333331
0,2002467
0,1667412
0,1333569
0,1333569
0,06703437
0,03329732
0
0
0
0
0
0
0
0
0
0
0
0
0
0
0
0
0
0
0
0
0
0
0
0
0
0
0
0
0
0
0
0
0
0
0
0
0
1,401298E-45
1,401298E-45
1,401298E-45
1,401298E-45
1,401298E-45
1,401298E-45
1,401298E-45
1,401298E-45
1,401298E-45
1,401298E-45
1,401298E-45
1,401298E-45
1,401298E-45
0
0
0
0
0
0
0
0
0
0
0
0
0
0
0
0
0
0
0,03349037
0,1006297
0,1671948
0,1671948
0,2003987
0,2003987
0,2668439
0,3336802
0,3668325
0,3998307
0,4664723
0,4328486
0,4328486
0,4662941
0,4331636
0,5329097
0,4660728
0,433428
0,433428
0,4336691
0,3667251
0,3666596
0,3335336
0,300088
0,2333331
0,2333331
0,2002467
0,1667412
0,1333569
0,1333569
0,06703437
0,03329732
0
0
0
0
0
0
0
0
0
0
0
0
0
0
0
0
0
0
0
0
0
0
0
0
0
0
0
0
0
0
0
0
0
0
0
0
0
1,401298E-45
1,401298E-45
1,401298E-45
1,401298E-45
1,401298E-45
1,401298E-45
1,401298E-45
1,401298E-45
1,401298E-45
1,401298E-45
1,401298E-45
1,401298E-45
1,401298E-45
0
0
0
0
0
0
0
0
0
0
0
0
0
0
0
0
0,03349037
0,03349037
0,03349037
0,1006297
0,1671948
0,1671948
0,2668439
0,3003111
0,3003111
0,3666787
0,4666305
0,4664118
0,4662536
0,4328486
0,4329919
0,4663915
0,4331179
0,4994412
0,4660728
0,4336842
0,4003401
0,4007909
0,3671899
0,3332133
0,2664357
0,2664357
0,2333331
0,2333331
0,1668627
0,1333569
0,1333569
0,09962006
0,03329732
0,03329732
0
0
0
0
0
0
0
0
0
0
0
0
0
0
0
0
0
0
0
0
0
0
0
0
0
0
0
0
0
0
0
0
0
0
0
0
0
1,401298E-45
1,401298E-45
1,401298E-45
1,401298E-45
1,401298E-45
1,401298E-45
1,401298E-45
1,401298E-45
1,401298E-45
1,401298E-45
1,401298E-45
1,401298E-45
1,401298E-45
0
0
0
0
0
0
0
0
0
0
0
0
0
0
0
0
0,03349037
0,06712849
0,06712849
0,1006297
0,1671948
0,2003987
0,2668439
0,3336802
0,3668325
0,3998307
0,4664723
0,4326157
0,4326157
0,4662941
0,4664377
0,533097
0,4998232
0,4662901
0,4329213
0,4668683
0,3667251
0,3671899
0,3671899
0,3332133
0,2664357
0,2664357
0,2002467
0,1667412
0,1333569
0,1001732
0,06703437
0,03329732
0,03329732
0,03329732
0
0
0
0
0
0
0
0
0
0
0
0
0
0
0
0
0
0
0
0
0
0
0
0
0
0
0
0
0
0
0
0
0
0
0
0
0
1,401298E-45
1,401298E-45
1,401298E-45
1,401298E-45
1,401298E-45
1,401298E-45
1,401298E-45
1,401298E-45
1,401298E-45
1,401298E-45
1,401298E-45
1,401298E-45
1,401298E-45
0
0
0
0
0
0
0
0
0
0
0
0
0
0
0,03349037
0,03349037
0,03349037
0,1006297
0,1671948
0,1671948
0,2003664
0,2335705
0,2999958
0,3668325
0,4000307
0,3995393
0,4329819
0,3997201
0,3997201
0,4331223
0,3999924
0,466671
0,4333019
0,433428
0,4002295
0,4336691
0,3667251
0,3332133
0,3332133
0,3332133
0,2333331
0,2333331
0,1668627
0,1333569
0,1333569
0,1001732
0,06703437
0,03329732
0
0
0
0
0
0
0
0
0
0
0
0
0
0
0
0
0
0
0
0
0
0
0
0
0
0
0
0
0
0
0
0
0
0
0
0
0
1,401298E-45
1,401298E-45
1,401298E-45
1,401298E-45
1,401298E-45
1,401298E-45
1,401298E-45
1,401298E-45
1,401298E-45
1,401298E-45
1,401298E-45
1,401298E-45
1,401298E-45
1,401298E-45
1,401298E-45
0
0
0
0
0
0
0
0
0
0
0
0
0
0
0,03349037
0,03349037
0,1000555
0,1671948
0,1671948
0,1671948
0,2003664
0,3004069
0,3668325
0,3998307
0,4999734
0,4997555
0,4662536
0,3997201
0,4329229
0,4663682
0,4330949
0,4332037
0,399835
0,4668123
0,3666695
0,3671899
0,3671899
0,3332133
0,3331641
0,3000374
0,2333331
0,2333331
0,1668627
0,1333569
0,100218
0,03329732
0,03329732
0,03329732
0
0
0
0
0
0
0
0
0
0
0
0
0
0
0
0
0
0
0
0
0
0
0
0
0
0
0
0
0
0
0
0
0
0
0
0
0
1,401298E-45
1,401298E-45
1,401298E-45
1,401298E-45
1,401298E-45
1,401298E-45
1,401298E-45
1,401298E-45
1,401298E-45
1,401298E-45
1,401298E-45
1,401298E-45
1,401298E-45
1,401298E-45
1,401298E-45
1,401298E-45
1,401298E-45
1,401298E-45
1,401298E-45
1,401298E-45
1,401298E-45
1,401298E-45
1,401298E-45
1,401298E-45
1,401298E-45
1,401298E-45
1,401298E-45
1,401298E-45
1,401298E-45
0,1000555
0,1336935
0,1336935
0,1671948
0,1671948
0,2003664
0,2335181
0,3665571
0,4334313
0,4334313
0,4999734
0,3995521
0,3660508
0,4331664
0,4663682
0,4663682
0,4335454
0,4662901
0,4661051
0,4999964
0,3667251
0,3666596
0,3666596
0,3332133
0,3331641
0,2664357
0,2333331
0,2333331
0,1668627
0,1001732
0,06703437
0,03329732
0,03329732
0,03329732
0
0
0
0
0
0
0
0
0
0
0
0
0
0
0
0
0
0
0
0
0
0
0
0
0
0
0
0
0
0
0
0
0
0
0
0
0
1,401298E-45
1,401298E-45
1,401298E-45
1,401298E-45
1,401298E-45
1,401298E-45
1,401298E-45
1,401298E-45
1,401298E-45
1,401298E-45
1,401298E-45
1,401298E-45
1,401298E-45
1,401298E-45
1,401298E-45
1,401298E-45
1,401298E-45
1,401298E-45
1,401298E-45
1,401298E-45
1,401298E-45
1,401298E-45
1,401298E-45
1,401298E-45
1,401298E-45
1,401298E-45
1,401298E-45
0,03349037
0,03349037
0,1000555
0,1336935
0,1336935
0,1671948
0,1671948
0,2335705
0,300189
0,3998307
0,4666305
0,4664118
0,4662536
0,3660508
0,3660508
0,4331664
0,4663682
0,4329014
0,399835
0,4329213
0,4329058
0,4335257
0,3334533
0,3666596
0,3666596
0,3332133
0,3331641
0,2664357
0,2333331
0,1998274
0,1333569
0,1001732
0,06703437
0,03329732
0,03329732
0,03329732
0
0
0
0
0
0
0
0
0
0
0
0
0
0
0
0,03350551
0,03350551
0
0
0
0
0
0
0
0
0
0
0
0
0
0
0
0
0
0
0
0
1,401298E-45
1,401298E-45
1,401298E-45
1,401298E-45
1,401298E-45
1,401298E-45
1,401298E-45
1,401298E-45
1,401298E-45
1,401298E-45
1,401298E-45
1,401298E-45
1,401298E-45
1,401298E-45
1,401298E-45
1,401298E-45
1,401298E-45
1,401298E-45
1,401298E-45
1,401298E-45
1,401298E-45
1,401298E-45
1,401298E-45
1,401298E-45
1,401298E-45
1,401298E-45
1,401298E-45
0,03349037
0,06712849
0,1336935
0,1671948
0,1671948
0,1671948
0,2005637
0,2669391
0,3335586
0,3998307
0,4666305
0,3662083
0,3660508
0,3997201
0,3997201
0,4331664
0,4330949
0,4331176
0,4333251
0,5003037
0,4333432
0,4338088
0,4006803
0,4001496
0,3668022
0,2997544
0,299949
0,2668233
0,2334395
0,1667498
0,1336636
0,06643614
0,03329732
0,03329732
1,401298E-45
1,401298E-45
1,401298E-45
1,401298E-45
1,401298E-45
1,401298E-45
0
0,06663362
0,06663362
0,06663362
0,06663362
0,06663362
0,06663362
0,06663362
0,06663362
0,06663362
0,06663362
0,06663362
0,06663362
0,06663362
0,06663362
0,03350551
0,03350551
0
0
0
0
0
0
0
0
0
0
0
0
0
0
1,401298E-45
1,401298E-45
1,401298E-45
1,401298E-45
1,401298E-45
1,401298E-45
1,401298E-45
1,401298E-45
1,401298E-45
1,401298E-45
1,401298E-45
1,401298E-45
1,401298E-45
1,401298E-45
1,401298E-45
1,401298E-45
1,401298E-45
1,401298E-45
0,03312816
0,03312816
1,401298E-45
1,401298E-45
1,401298E-45
1,401298E-45
1,401298E-45
1,401298E-45
1,401298E-45
1,401298E-45
1,401298E-45
0,1000555
0,1336935
0,1336935
0,1671948
0,1671948
0,2003664
0,2672021
0,3665571
0,3665571
0,3668661
0,4334087
0,3995521
0,3660508
0,3997201
0,3998204
0,399799
0,4000784
0,4005696
0,3667261
0,5004397
0,4670805
0,433278
0,433493
0,4000475
0,3999975
0,3995234
0,3664209
0,3332948
0,2668246
0,2001352
0,1669966
0,09976914
0,06642543
0,06642543
0,03312816
0,03312816
0,03312816
0,03312816
0,03312816
0,03312816
0,03312816
0,06663362
0,06663362
0,06663362
0,06663362
0,06663362
0,06663362
0,06663362
0,06663362
0,06663362
0,06663362
0,06663362
0,1002358
0,1002358
0,06663362
0,06663362
0,06663362
0,03312816
0
0
0
0
0
0
0
0
0
0
0
0
0
0
0
0,03327377
0,03327377
1,401298E-45
1,401298E-45
1,401298E-45
1,401298E-45
1,401298E-45
1,401298E-45
1,401298E-45
1,401298E-45
1,401298E-45
1,401298E-45
1,401298E-45
1,401298E-45
0,03312816
0,03312816
0,03312816
0,03312816
0,03312816
0,03312816
0,03312816
0,06661852
0,06661852
0,06661852
0,06661852
0,06661852
0,1331837
0,1331837
0,166822
0,166822
0,2334946
0,2668636
0,3332195
0,3666864
0,4999034
0,4999034
0,4998092
0,4663073
0,466339
0,4667698
0,5002149
0,5003107
0,4334733
0,3665994
0,3666868
0,4331811
0,4671521
0,4671521
0,4666215
0,4668746
0,4334292
0,4667262
0,4336011
0,4004981
0,4003859
0,3672989
0,3003782
0,2672396
0,2672396
0,2672396
0,2672396
0,2003415
0,2003415
0,2003415
0,2003415
0,2003415
0,166851
0,166851
0,1335075
0,1335075
0,1335075
0,1002358
0,1002358
0,1335097
0,1335097
0,1002358
0,1002358
0,1002358
0,1335796
0,1335796
0,1002358
0,1002358
0,1002358
0,1002358
0,06673041
0
0
0
0,03363812
0,03363812
0,03363812
0,03363812
0,03363812
0,06712849
0,06712849
0,06712849
0,06712849
0,06712849
0,06712849
0,06712849
0,1004023
0,1004023
0,06712849
0,06712849
0,06712849
0,06712849
0,06712849
0,06712849
0,06712849
0,06712849
0,06712849
0,06712849
0,06712849
0,1002565
0,1002565
0,1002565
0,1002565
0,1002565
0,1002565
0,1002565
0,1337622
0,1337622
0,1337622
0,1337622
0,1337622
0,1337622
0,2003271
0,2003271
0,2003271
0,2003271
0,2669998
0,3338368
0,4001919
0,4001919
0,5334074
0,5334074
0,533313
0,4998124
0,5334834
0,533913
0,5338916
0,5339858
0,5006161
0,4337424
0,4338303
0,5003247
0,5340622
0,5340622
0,5335309
0,533784
0,5003389
0,533636
0,5005108
0,4674076
0,4008398
0,3346144
0,3008777
0,3008777
0,3008777
0,3008777
0,3008777
0,2339797
0,2003415
0,2003415
0,233787
0,233787
0,233787
0,233787
0,2004437
0,2004437
0,2004437
0,1671716
0,1336815
0,1669551
0,1669551
0,1336815
0,1002358
0,1002358
0,1335796
0,1335796
0,1002358
0,1002358
0,1002358
0,1002358
0,06673041
0
0
0
0,03363812
0,03363812
0,03363812
0,03363812
0,03363812
0,06712849
0,06712849
0,06712849
0,06712849
0,06712849
0,1004023
0,1004023
0,1668456
0,1668456
0,1668456
0,1668456
0,1668456
0,1668456
0,1668456
0,1668456
0,2004462
0,2004462
0,1671726
0,1671726
0,1671726
0,1340008
0,1671288
0,1671288
0,1671288
0,1671288
0,1671288
0,1671288
0,2006345
0,2006345
0,2006345
0,2006345
0,3005432
0,3005432
0,3005432
0,3005432
0,4008183
0,4342855
0,4674377
0,5008067
0,5340101
0,5340101
0,6002824
0,5337179
0,5669152
0,5002446
0,533913
0,53411
0,5675536
0,5341793
0,467812
0,534109
0,6009339
0,6343008
0,6674409
0,6674409
0,6003253
0,6002539
0,5671517
0,6004478
0,5673237
0,5342354
0,4673153
0,4341767
0,4676221
0,4676221
0,4676221
0,4341317
0,4008559
0,4008559
0,3672174
0,3672174
0,3672174
0,3667029
0,3667029
0,3667029
0,3667029
0,3335752
0,3335752
0,3003033
0,2336413
0,2336413
0,1671707
0,1671707
0,1671707
0,1671707
0,1671707
0,1338968
0,1004514
0,1004514
0,1004514
0,1004514
0,03360225
0
0,03363812
0,03363812
0,03363812
0,03363812
0,03363812
0,06712849
0,06712849
0,06712849
0,06712849
0,1002802
0,1335539
0,1335539
0,1335539
0,1667259
0,1999973
0,1999973
0,1999973
0,1999973
0,1999973
0,2335996
0,2340485
0,2673917
0,2673917
0,2673917
0,2673917
0,2673917
0,2673917
0,2673917
0,2673917
0,300668
0,300668
0,300668
0,3673019
0,3673019
0,3673019
0,3673019
0,3673019
0,3673019
0,4005909
0,4005909
0,4005909
0,4005909
0,4672438
0,5340804
0,5674646
0,5674646
0,6336673
0,6003782
0,6335763
0,6335763
0,667245
0,6337455
0,6671896
0,6341823
0,6008143
0,6670681
0,6340694
0,6671786
0,734003
0,734003
0,7334722
0,7001246
0,7001246
0,7334217
0,7003197
0,7003197
0,6671924
0,6341072
0,6009242
0,5346567
0,5346567
0,5346567
0,5346567
0,4678923
0,4678923
0,4678923
0,4678923
0,4678923
0,5009941
0,4672044
0,4335659
0,4335659
0,3666773
0,3666773
0,3666773
0,3334055
0,3334055
0,3334055
0,3003195
0,3003195
0,2336574
0,2002733
0,2002733
0,1669994
0,1004514
0,1004514
0,0669458
0,0669458
0,03360225
0,03363812
0,03363812
0,03363812
0,03363812
0,06712849
0,06712849
0,06712849
0,06712849
0,06712849
0,06712849
0,1002802
0,1002802
0,1002802
0,1668259
0,2333408
0,2333408
0,2333408
0,2333408
0,2669429
0,2669429
0,2669429
0,2673917
0,2673917
0,300668
0,300668
0,300668
0,300668
0,3344052
0,3344052
0,300668
0,300668
0,3341735
0,3341735
0,3673019
0,3673019
0,4007694
0,4341533
0,4674427
0,4674427
0,4674427
0,4674427
0,5011792
0,5011792
0,5678316
0,6011996
0,6341991
0,6009113
0,6341144
0,6341144
0,667313
0,667313
0,6674832
0,6674832
0,7009286
0,7010204
0,6346552
0,6346076
0,6676927
0,734003
0,734003
0,734003
0,73298
0,6996326
0,6996326
0,7329295
0,7329295
0,699587
0,6664605
0,6664605
0,6332774
0,5670098
0,600499
0,6338444
0,6338444
0,6005467
0,6005467
0,633672
0,600205
0,600205
0,600205
0,566605
0,4999677
0,4999677
0,4668163
0,4335405
0,4335405
0,4335658
0,3331972
0,3331972
0,3663367
0,3663367
0,2996749
0,2331514
0,2000651
0,1667911
0,1333457
0,06644603
0,06644603
0,06644603
0
0
0,03363812
0,03363812
0,03363812
0,03363812
0,03363812
0,06712849
0,06712849
0,06712849
0,1002802
0,1002802
0,1335518
0,1667237
0,1667237
0,2335125
0,2667867
0,3003885
0,3003885
0,3003885
0,3003885
0,3003885
0,3339897
0,3339897
0,3672653
0,3672653
0,3672653
0,4007323
0,4344697
0,4344697
0,4007323
0,4007323
0,4342381
0,4342381
0,4342381
0,4342381
0,4342381
0,4676222
0,5009111
0,5009111
0,5009111
0,5339976
0,6012358
0,6012358
0,6012358
0,6346065
0,6676045
0,6008239
0,6672269
0,6672269
0,6672269
0,6672269
0,6673958
0,7007428
0,7007428
0,7672704
0,700902
0,7340865
0,7340865
0,7672125
0,7672125
0,8003516
0,7665518
0,7332057
0,6996025
0,7329004
0,7329004
0,6995567
0,666373
0,666373
0,5997338
0,5997338
0,5329555
0,5996479
0,5664469
0,5331497
0,5331497
0,5662885
0,5328215
0,5328215
0,5663113
0,5327106
0,4660746
0,4660746
0,4660746
0,4327984
0,3994515
0,4327492
0,36586
0,36586
0,36586
0,36586
0,2991981
0,2325401
0,1994536
0,1994536
0,1660079
0,06644603
0,06644603
0,06644603
0
0
0,03363812
0,03363812
0,03363812
0,03363812
0,03363812
0,06712849
0,1002802
0,1002802
0,1337474
0,1337474
0,1337474
0,2005366
0,2338082
0,2669799
0,3002535
0,3669423
0,3669423
0,3669423
0,4002309
0,4002309
0,4335074
0,4335074
0,4671081
0,4671081
0,5008463
0,5008463
0,5008463
0,5008463
0,5008463
0,5008463
0,5343501
0,5343501
0,5674534
0,6008374
0,6008374
0,6008374
0,6008374
0,6008374
0,6008374
0,6339637
0,6674646
0,6674646
0,6674646
0,7008335
0,7670364
0,7335457
0,7667434
0,7667434
0,833762
0,833762
0,800259
0,800259
0,7668914
0,8003165
0,8003165
0,8335001
0,8335001
0,8001562
0,6999251
0,733065
0,7336062
0,7336062
0,7000044
0,7333024
0,6996329
0,6996329
0,6664477
0,6328471
0,632715
0,632715
0,5992099
0,5992099
0,5660116
0,5326418
0,5326418
0,5326418
0,4991748
0,4991748
0,532665
0,532665
0,5323709
0,5323709
0,4989248
0,4656485
0,4326507
0,4326507
0,3657615
0,3657615
0,3324142
0,3324142
0,2657522
0,1990944
0,1660079
0,1660079
0,1660079
0,1328692
0,09952551
0,09952551
0,06642312
0
0
0
0
0
0
0
0
0
0,06661897
0,1334081
0,1669092
0,1669092
0,2335501
0,2335501
0,2335501
0,266637
0,2999255
0,3335283
0,3668039
0,3333021
0,3333021
0,3665015
0,4671127
0,4671127
0,4671127
0,5002848
0,5339534
0,5339534
0,5339534
0,5339534
0,5670564
0,6339316
0,6674364
0,6674364
0,6674364
0,6674364
0,7345765
0,7677158
0,7342096
0,767335
0,767335
0,767335
0,766992
0,7334987
0,7667036
0,7667036
0,7328077
0,7328077
0,7661546
0,7661546
0,7661546
0,799339
0,8324665
0,8661616
0,8661616
0,8661616
0,899667
0,8663246
0,8330522
0,8330522
0,7331505
0,7331505
0,7331505
0,7331505
0,6997674
0,6997674
0,6329831
0,5993833
0,5657138
0,5657138
0,5657138
0,5657138
0,5654892
0,5654892
0,5320424
0,4987696
0,4321032
0,3987343
0,3987343
0,3654453
0,3654453
0,3654453
0,3654453
0,2989854
0,265987
0,265987
0,1990983
0,1990983
0,1657508
0,1657508
0,1657508
0,1657508
0,1326645
0,1326645
0,1326645
0,09952551
0,09952551
0,09952551
0,06642312
0
0
0
0
0
0
0
0,03346736
0,03346736
0,06696853
0,06696853
0,1003375
0,1671264
0,1671264
0,2335607
0,2665588
0,299848
0,2668496
0,2668496
0,2668496
0,3332
0,3664761
0,3664761
0,3996017
0,3662581
0,4336648
0,4336648
0,4336648
0,4336648
0,4667674
0,4667674
0,4997658
0,5663953
0,5663953
0,5997801
0,6334175
0,6666011
0,6666011
0,6666011
0,6666011
0,6997744
0,733071
0,6663042
0,6999045
0,6999045
0,7327453
0,7327453
0,7327052
0,7659742
0,7328043
0,6993372
0,6993372
0,6661336
0,6992625
0,6659884
0,632717
0,6327587
0,6662642
0,6662642
0,6331349
0,599983
0,5329354
0,5329354
0,5329354
0,5329354
0,465814
0,465814
0,4655122
0,4655122
0,3986388
0,3986388
0,3986388
0,432106
0,432106
0,432106
0,432106
0,432106
0,3319387
0,2985702
0,2985702
0,2985702
0,2985702
0,2985702
0,265467
0,2321781
0,1660932
0,1660932
0,1660932
0,1660932
0,09956209
0,09956209
0,09956209
0,06642312
0,06642312
0,06642312
0,06642312
0,06642312
0,06642312
0,06642312
0,06642312
0
0
0
0
0
0,03346736
0,03346736
0,06696853
0,06696853
0,06696853
0,06696853
0,1003375
0,1667713
0,1667713
0,1667713
0,1997698
0,2330586
0,2000604
0,2332592
0,2332592
0,2332592
0,299661
0,299661
0,299661
0,299661
0,3670679
0,3670679
0,3670679
0,3670679
0,4003648
0,4338557
0,4999564
0,5330956
0,5330956
0,5662791
0,5999163
0,5999163
0,5999163
0,5996037
0,5996037
0,6327499
0,6663509
0,6330749
0,6995524
0,6995524
0,6992579
0,7325299
0,6662068
0,6662068
0,6662068
0,6661862
0,6657134
0,6328374
0,6328374
0,6662203
0,666456
0,666315
0,666315
0,666315
0,5997419
0,5997419
0,5330377
0,5330377
0,4996531
0,4996531
0,3993237
0,3993237
0,3993237
0,3993237
0,3656536
0,3656536
0,3656536
0,3656536
0,3324499
0,3324499
0,3324499
0,3324499
0,2657496
0,2323809
0,2323809
0,199255
0,199255
0,199255
0,199255
0,1659657
0,1329675
0,1329675
0,1660932
0,1660932
0,09956209
0,06626469
0,06626469
0,03312575
0,03312575
0,06642312
0,06642312
0,06642312
0,06642312
0,06642312
0,06642312
0
0
0
0
0
0
0
0,03346736
0,03346736
0,1003375
0,1336847
0,1336847
0,1336847
0,1666836
0,1997698
0,1997698
0,1997698
0,2330586
0,2662577
0,2662577
0,2993841
0,2993841
0,2993841
0,3330531
0,3330531
0,3330531
0,3330531
0,3667903
0,3667903
0,3666207
0,4332495
0,466352
0,466352
0,466352
0,5328118
0,5664495
0,5664495
0,5664495
0,6330684
0,6666691
0,6663509
0,6663509
0,6330749
0,6995524
0,6997383
0,6657057
0,6657057
0,599382
0,5659154
0,5659154
0,6329628
0,6324901
0,5660135
0,5664783
0,5998639
0,666456
0,666315
0,666315
0,632814
0,5662401
0,5326375
0,4995352
0,4995352
0,3662019
0,3662019
0,2996983
0,2996983
0,3331988
0,3331988
0,2995296
0,2995296
0,2995296
0,2995296
0,2663258
0,2663258
0,2663258
0,2663258
0,166278
0,1329095
0,1329095
0,09977035
0,09977035
0,09977035
0,09977035
0,06648109
0,06648109
0,06648109
0,06648109
0,06648109
0,03329732
1,401298E-45
1,401298E-45
1,401298E-45
1,401298E-45
0,03329732
0,03329732
0,03329732
0,03329732
0,03329732
0,03329732
0
0
0
0
0
0
0
0,03346736
0,03346736
0,06696853
0,1003159
0,1998873
0,1998873
0,1998873
0,1998873
0,1998873
0,1998873
0,1998873
0,1998873
0,1998873
0,2330862
0,2995095
0,2995095
0,2995095
0,2995095
0,3331796
0,3331796
0,3331796
0,3666699
0,3663409
0,3663409
0,3663409
0,4660899
0,4997288
0,4997288
0,4997288
0,4997288
0,4997288
0,566029
0,5996295
0,5996295
0,5663372
0,5663372
0,4995738
0,5328448
0,5661877
0,5661877
0,4998657
0,4663984
0,4995021
0,5665486
0,5665404
0,5665404
0,5332686
0,566578
0,6001726
0,566829
0,6001183
0,5666167
0,5000431
0,4664406
0,3996015
0,3996015
0,3000048
0,3000048
0,1996907
0,1996907
0,2331918
0,2331918
0,2331918
0,1998944
0,1998944
0,1998944
0,1666902
0,1333215
0,1333215
0,1333215
0,06647301
0,06647301
0,06647301
0,06647301
0,06647301
0,06647301
0,06647301
0,03318382
0,03318382
0,03318382
0,03318382
0,03318382
1,401298E-45
1,401298E-45
1,401298E-45
1,401298E-45
1,401298E-45
1,401298E-45
0
0
0
0
0
0
0
0
0
0
0
0
0
0
0,03320397
0,03320397
0,03320397
0,06655132
0,09954984
0,09954984
0,09954984
0,09954984
0,09954984
0,133051
0,1663483
0,1663483
0,1994741
0,1994741
0,1994741
0,1994741
0,1994741
0,2329644
0,2329644
0,2329644
0,2329644
0,2661032
0,2997413
0,3663065
0,3663065
0,3994905
0,3994905
0,432642
0,4994793
0,4991601
0,5327598
0,5327598
0,4326921
0,4326921
0,4327652
0,4660366
0,4667268
0,4667268
0,4332256
0,3998345
0,3663385
0,3999405
0,4335319
0,4003332
0,4005667
0,4337331
0,4331497
0,4662889
0,4662889
0,3998632
0,3664178
0,3327653
0,2325418
0,1993579
0,09964009
0,09964009
0,0665012
0,0665012
0,0665012
0,0665012
0,0665012
0,03320397
0,03320397
0,03320397
1,401298E-45
1,401298E-45
1,401298E-45
1,401298E-45
1,401298E-45
1,401298E-45
1,401298E-45
1,401298E-45
1,401298E-45
1,401298E-45
1,401298E-45
1,401298E-45
1,401298E-45
1,401298E-45
1,401298E-45
1,401298E-45
1,401298E-45
1,401298E-45
0
0
0
0
0
0
0
0
0
0
0
0
0
0
0
0
0,03320397
0,03320397
0,03320397
0,03320397
0,03320397
0,03320397
0,06620257
0,06620257
0,06620257
0,06620257
0,0994999
0,0994999
0,0994999
0,0994999
0,0994999
0,0994999
0,0994999
0,0994999
0,0994999
0,1329902
0,1329902
0,1329902
0,1329902
0,1329902
0,1666284
0,2331933
0,2331933
0,2663449
0,2663449
0,2660262
0,3999648
0,3999648
0,3999648
0,3999648
0,3330341
0,3663067
0,433045
0,433045
0,4002459
0,3667782
0,2996764
0,2997531
0,3666436
0,399771
0,3669623
0,4002743
0,4668661
0,4001749
0,3665055
0,399644
0,399644
0,2998112
0,2663654
0,266479
0,1662319
0,1662319
0,0665012
0,0665012
0,0665012
0,0665012
0,0665012
0,03320397
0,03320397
0,03320397
0
0
0
0
1,401298E-45
1,401298E-45
1,401298E-45
1,401298E-45
1,401298E-45
1,401298E-45
1,401298E-45
1,401298E-45
1,401298E-45
1,401298E-45
1,401298E-45
1,401298E-45
1,401298E-45
1,401298E-45
1,401298E-45
1,401298E-45
0
0
0
0
0
0
0
0
0
0
0
0
0
0
0
0
0
0
0,03320397
0,03320397
0,03320397
0,03320397
0,03320397
0,03320397
0,06620257
0,06620257
0,06620257
0,06620257
0,0994999
0,0994999
0,0994999
0,0994999
0,0994999
0,0994999
0,0994999
0,1329902
0,1329902
0,1329902
0,1666284
0,2331933
0,2331933
0,2663449
0,2330478
0,2330478
0,2670178
0,2666988
0,3336684
0,3336684
0,3333757
0,3333757
0,2997377
0,3330089
0,3665763
0,3331082
0,3332778
0,3332778
0,3663816
0,3664578
0,3671066
0,4002347
0,3669623
0,4002743
0,4668661
0,4001749
0,3665055
0,399644
0,3661986
0,2664592
0,2327222
0,1995382
0,1330281
0,1330281
0,03329732
0,03329732
0,03329732
0,03329732
0,03329732
1,401298E-45
1,401298E-45
1,401298E-45
0
0
0
0
1,401298E-45
1,401298E-45
1,401298E-45
1,401298E-45
1,401298E-45
1,401298E-45
1,401298E-45
1,401298E-45
1,401298E-45
1,401298E-45
1,401298E-45
1,401298E-45
1,401298E-45
1,401298E-45
1,401298E-45
1,401298E-45
0
0
0
0
0
0
0
0
0
0
0
0
0
0
0
0
0
0
0,03320397
0,03320397
0,03320397
0,03320397
0,03320397
0,03320397
0,03320397
0,03320397
0,03320397
0,03320397
0,0665012
0,0665012
0,0665012
0,0665012
0,0665012
0,09999177
0,09999177
0,09999177
0,1336298
0,1336298
0,1336298
0,2001951
0,2001951
0,2333466
0,2000493
0,1665588
0,2666988
0,2666988
0,3336684
0,3336684
0,2997377
0,2997377
0,299785
0,3330567
0,4002459
0,3667782
0,3332778
0,2999077
0,3337511
0,3671965
0,3671066
0,4002347
0,3672694
0,4337789
0,4331962
0,399644
0,399644
0,3329134
0,299468
0,2664592
0,2327222
0,1664123
0,06643614
0,06643614
0,03329732
0,03329732
0,03329732
0,03329732
0,03329732
1,401298E-45
1,401298E-45
1,401298E-45
0
0
0
0
1,401298E-45
1,401298E-45
1,401298E-45
1,401298E-45
1,401298E-45
1,401298E-45
1,401298E-45
1,401298E-45
1,401298E-45
1,401298E-45
1,401298E-45
1,401298E-45
1,401298E-45
1,401298E-45
1,401298E-45
1,401298E-45
0
0
0
0
0
0
0
0
0
0
0
0
0
0
0
0
0
0
0
0
0
0
0
0
0
0
0
0
0
0
0
0
0
0,03349037
0,03349037
0,03349037
0,06712849
0,1336935
0,1336935
0,1668452
0,1668452
0,1668452
0,1668452
0,1667241
0,3004648
0,3004648
0,266534
0,266534
0,266534
0,2666535
0,366404
0,366404
0,4002459
0,3667782
0,2996764
0,2663073
0,333661
0,3671066
0,3339025
0,3671433
0,3674495
0,3338846
0,3333008
0,3664401
0,3664401
0,2997094
0,2325268
0,1995382
0,1995382
0,1330281
0,06643614
0,06643614
0,03329732
0,03329732
0,03329732
0,03329732
0,03329732
1,401298E-45
1,401298E-45
1,401298E-45
1,401298E-45
1,401298E-45
0
0
1,401298E-45
1,401298E-45
1,401298E-45
1,401298E-45
1,401298E-45
1,401298E-45
1,401298E-45
1,401298E-45
1,401298E-45
1,401298E-45
1,401298E-45
1,401298E-45
1,401298E-45
1,401298E-45
1,401298E-45
1,401298E-45
0
0
0
0
0
0
0
0
0
0
0
0
0
0
0
0
0
0
0
0
0
0
0
0
0
0
0
0
0
0
0
0,03349037
0,03349037
0,03349037
0,03349037
0,03349037
0,06712849
0,1336935
0,1668452
0,1668452
0,1668452
0,1333549
0,1668225
0,2336923
0,3004648
0,3004648
0,266534
0,2333818
0,299785
0,3330567
0,399748
0,3331082
0,3332778
0,2999077
0,3661956
0,3996422
0,3671066
0,4002347
0,3673369
0,4336617
0,4336617
0,3669706
0,3333008
0,3328376
0,3328376
0,2334235
0,1662405
0,1995382
0,1660328
0,09952266
0,03329732
0,03329732
0,03329732
0,03329732
0,03329732
1,401298E-45
1,401298E-45
1,401298E-45
1,401298E-45
1,401298E-45
1,401298E-45
1,401298E-45
0
0
0
0
1,401298E-45
1,401298E-45
1,401298E-45
1,401298E-45
1,401298E-45
1,401298E-45
1,401298E-45
1,401298E-45
1,401298E-45
0
0
0
0
0
0
0
0
0
0
0
0
0
0
0
0
0
0
0
0
0
0
0
0
0
0
0
0
0
0
0
0
0
0
0
0
0,03349037
0,03349037
0,03349037
0,06712849
0,06712849
0,06712849
0,1336935
0,1668452
0,1668452
0,2003126
0,1668225
0,1999939
0,2668644
0,2668269
0,2668269
0,266534
0,2666535
0,3330567
0,2995894
0,3999498
0,3667782
0,3332778
0,2999077
0,3999334
0,433379
0,3671066
0,3669623
0,3341059
0,4003182
0,3666484
0,3664401
0,3664401
0,2997094
0,265973
0,2329836
0,1995382
0,1661538
0,1326484
0,09952266
0,03329732
0,03329732
0,03329732
0,03329732
0,03329732
1,401298E-45
1,401298E-45
1,401298E-45
1,401298E-45
1,401298E-45
1,401298E-45
1,401298E-45
0
0
0
0
1,401298E-45
1,401298E-45
1,401298E-45
1,401298E-45
1,401298E-45
1,401298E-45
1,401298E-45
1,401298E-45
1,401298E-45
0
0
0
0
0
0
0
0
0
0
0
0
0
0
0
0
0
0
0
0
0
0
0
0
0
0
0
0
0
0
0
0
0
0
0
0
0,03349037
0,06712849
0,06712849
0,06712849
0,1336935
0,1668452
0,1668452
0,1668452
0,1333549
0,1999939
0,2668644
0,3004648
0,3004648
0,23326
0,23326
0,2997377
0,2998578
0,399748
0,3331082
0,3332778
0,3332778
0,4001994
0,3668306
0,333661
0,3671066
0,3339025
0,3337591
0,3338846
0,3669706
0,3333008
0,3328376
0,3328376
0,266607
0,1994247
0,1995382
0,1995382
0,1330281
0,06643614
0,06643614
0,03329732
0,03329732
0,03329732
0,03329732
0,03329732
1,401298E-45
1,401298E-45
1,401298E-45
1,401298E-45
1,401298E-45
1,401298E-45
1,401298E-45
1,401298E-45
1,401298E-45
1,401298E-45
1,401298E-45
1,401298E-45
1,401298E-45
1,401298E-45
1,401298E-45
1,401298E-45
1,401298E-45
1,401298E-45
1,401298E-45
1,401298E-45
0
0
0
0
0
0
0
0
0
0
0
0
0
0
0
0
0
0
0
0
0
0
0
0
0
0
0
0
0
0
0
0
0
0
0,03349037
0,03349037
0,03349037
0,06712849
0,06712849
0,1668452
0,1668452
0,1668452
0,1668452
0,1668452
0,1333549
0,1999939
0,2668644
0,3004648
0,2338995
0,266534
0,2333818
0,3331317
0,366404
0,4334174
0,3667782
0,2999077
0,2999077
0,3668306
0,4002762
0,3671066
0,3671066
0,3339895
0,3338046
0,3333008
0,3333008
0,3333008
0,3328376
0,2991003
0,1996862
0,1662405
0,1995382
0,1660328
0,09952266
0,06643614
0,06643614
0,03329732
0,03329732
0,03329732
0,03329732
0,03329732
1,401298E-45
1,401298E-45
1,401298E-45
1,401298E-45
1,401298E-45
1,401298E-45
1,401298E-45
1,401298E-45
1,401298E-45
1,401298E-45
1,401298E-45
1,401298E-45
1,401298E-45
1,401298E-45
1,401298E-45
1,401298E-45
1,401298E-45
1,401298E-45
1,401298E-45
1,401298E-45
0
0
0
0
0
0
0
0
0
0
0
0
0
0
0
0
0
0
0
0
0
0
0
0
0
0
0
0
0
0
0
0
0,03349037
0,03349037
0,03349037
0,06712849
0,06712849
0,06712849
0,06712849
0,1668452
0,1668452
0,1668452
0,1668452
0,2334843
0,2333628
0,2333628
0,2668644
0,2668269
0,1671098
0,2333818
0,2666535
0,366404
0,299765
0,3332778
0,3332778
0,3666941
0,3666941
0,3666589
0,4001046
0,3671066
0,333835
0,3007177
0,3338046
0,3333008
0,2996988
0,2996988
0,2996538
0,2327889
0,1996862
0,1662405
0,1661538
0,1326484
0,09952266
0,06643614
0,03329732
0,03329732
0,03329732
0,03329732
0
1,401298E-45
1,401298E-45
1,401298E-45
1,401298E-45
1,401298E-45
1,401298E-45
1,401298E-45
1,401298E-45
1,401298E-45
1,401298E-45
1,401298E-45
1,401298E-45
1,401298E-45
1,401298E-45
1,401298E-45
1,401298E-45
1,401298E-45
1,401298E-45
1,401298E-45
1,401298E-45
1,401298E-45
0
0
0
0
0
0
0
0
0
0
0
0
0
0
0
0
0
0
0
0
0
0
0
0
0
0
0
0
0
0
0
0
0,03349037
0,03349037
0,03349037
0,06712849
0,06712849
0,1002802
0,1002802
0,1668452
0,1668452
0,2003126
0,2003126
0,2334843
0,2333628
0,2333253
0,2336751
0,299947
0,2333818
0,2665857
0,2998578
0,3329366
0,299765
0,3332778
0,3332778
0,3668306
0,3668306
0,333661
0,3671066
0,3339025
0,3006306
0,3338846
0,3669706
0,3333008
0,3328376
0,2991003
0,2659171
0,2327889
0,2329836
0,1995382
0,1330281
0,09952266
0,09952266
0,06643614
0,03329732
0,03329732
0,03329732
0,03329732
0
1,401298E-45
1,401298E-45
1,401298E-45
1,401298E-45
1,401298E-45
1,401298E-45
1,401298E-45
1,401298E-45
1,401298E-45
1,401298E-45
1,401298E-45
1,401298E-45
1,401298E-45
1,401298E-45
1,401298E-45
1,401298E-45
1,401298E-45
1,401298E-45
1,401298E-45
1,401298E-45
1,401298E-45
0
0
0
0
0
0
0
0
0
0
0
0
0
0
0
0
0
0
0
0
0
0
0
0
0
0
0
0
0
0
0
0
0,03349037
0,06712849
0,06712849
0,1002802
0,1002802
0,1668452
0,1668452
0,1668452
0,1668452
0,2003126
0,1668225
0,1999563
0,2336751
0,2336751
0,1671098
0,2333818
0,2333818
0,3331317
0,366404
0,3999498
0,3667782
0,4001978
0,4001978
0,3668306
0,3668306
0,333661
0,3671066
0,3338684
0,3336835
0,3333008
0,3333008
0,3333008
0,3328376
0,2991003
0,2328142
0,1662405
0,1661538
0,1326484
0,09952266
0,06643614
0,03329732
0,03329732
0,03329732
0,03329732
0,03329732
0,03329732
0
1,401298E-45
1,401298E-45
1,401298E-45
1,401298E-45
1,401298E-45
1,401298E-45
1,401298E-45
1,401298E-45
1,401298E-45
1,401298E-45
1,401298E-45
1,401298E-45
1,401298E-45
1,401298E-45
1,401298E-45
1,401298E-45
1,401298E-45
1,401298E-45
1,401298E-45
1,401298E-45
1,401298E-45
0
0
0
0
0
0
0
0
0
0
0
0
0
0
0
0
0
0
0
0
0
0
0
0
0
0
0
0
0
0
0,03349037
0,03349037
0,03349037
0,06712849
0,1002802
0,1002802
0,1002802
0,1668452
0,1668452
0,1668452
0,1333549
0,2001912
0,2333628
0,2333253
0,2336751
0,2666729
0,2001083
0,2667295
0,3000011
0,366404
0,3332323
0,400515
0,400515
0,3332278
0,3668306
0,3338319
0,3338319
0,3003135
0,3004873
0,3341023
0,367189
0,3333008
0,3333008
0,2659171
0,2659171
0,2659171
0,2328142
0,1662405
0,1330281
0,09952266
0,09952266
0,06643614
0,03329732
0,03329732
0,03329732
0,03329732
0,03329732
0,03329732
0
1,401298E-45
1,401298E-45
1,401298E-45
1,401298E-45
1,401298E-45
1,401298E-45
1,401298E-45
1,401298E-45
1,401298E-45
1,401298E-45
1,401298E-45
1,401298E-45
1,401298E-45
1,401298E-45
1,401298E-45
1,401298E-45
1,401298E-45
1,401298E-45
1,401298E-45
1,401298E-45
1,401298E-45
0
0
0
0
0
0
0
0
0
0
0
0
0
0
0
0
0
0
0
0
0
0
0
0
0
0
0
0
0
0
0,03349037
0,06712849
0,06712849
0,06712849
0,1002802
0,1002802
0,1002802
0,1668452
0,1668452
0,1668452
0,1999939
0,2333628
0,2668644
0,2336751
0,2336751
0,299947
0,2666535
0,3000011
0,3000011
0,299765
0,3329488
0,4001978
0,4001978
0,3332278
0,3999334
0,333661
0,333835
0,2672128
0,3002989
0,3669706
0,3669706
0,3001171
0,3001171
0,2659171
0,2659171
0,2327889
0,2329836
0,1995382
0,1330281
0,06643614
0,06643614
0,06643614
0,03329732
0,03329732
0,03329732
0,03329732
0
0
0
1,401298E-45
1,401298E-45
1,401298E-45
1,401298E-45
1,401298E-45
1,401298E-45
1,401298E-45
1,401298E-45
1,401298E-45
1,401298E-45
1,401298E-45
1,401298E-45
1,401298E-45
1,401298E-45
1,401298E-45
1,401298E-45
1,401298E-45
1,401298E-45
1,401298E-45
1,401298E-45
1,401298E-45
0
0
0
0
0
0
0
0
0
0
0
0
0
0
0
0
0
0
0
0
0
0
0
0
0
0
0
0
0
0
0,03349037
0,06712849
0,06712849
0,06712849
0,1002802
0,1668452
0,1668452
0,1668452
0,2003126
0,2336816
0,2333628
0,2333253
0,2668269
0,2336751
0,1671098
0,2333818
0,2666535
0,2665337
0,2997379
0,3667782
0,3999625
0,3332278
0,3668306
0,3668306
0,3999334
0,333661
0,333835
0,3005973
0,3336835
0,3333008
0,3333008
0,2327778
0,2327778
0,2659171
0,2659171
0,2327889
0,1995994
0,1661538
0,1330281
0,06643614
0,06643614
0,06643614
0,03329732
0,03329732
0,03329732
0,03329732
0
0
0
1,401298E-45
1,401298E-45
1,401298E-45
1,401298E-45
1,401298E-45
1,401298E-45
1,401298E-45
1,401298E-45
1,401298E-45
1,401298E-45
1,401298E-45
1,401298E-45
1,401298E-45
1,401298E-45
1,401298E-45
1,401298E-45
1,401298E-45
1,401298E-45
1,401298E-45
1,401298E-45
1,401298E-45
0
0
0
0
0
0
0
0
0
0
0
0
0
0
0
0
0
0
0
0
0
0
0
0
0
0
0
0
0,03349037
0,03349037
0,03349037
0,06712849
0,1002802
0,1668452
0,1668452
0,1668452
0,1668452
0,1668452
0,1999939
0,2669635
0,2669635
0,2001735
0,1671098
0,2333818
0,2666535
0,3000011
0,3000011
0,2333621
0,299765
0,400515
0,4336994
0,3332278
0,3668306
0,3005586
0,333835
0,3004873
0,3336155
0,3341023
0,367189
0,2995643
0,2995643
0,2327778
0,2327778
0,2328142
0,1662405
0,1662405
0,1661538
0,1326484
0,09952266
0,06643614
0,03329732
0,03329732
0,03329732
0,03329732
0
0
0
0
0
1,401298E-45
1,401298E-45
1,401298E-45
1,401298E-45
1,401298E-45
1,401298E-45
1,401298E-45
1,401298E-45
1,401298E-45
1,401298E-45
1,401298E-45
1,401298E-45
1,401298E-45
1,401298E-45
1,401298E-45
1,401298E-45
1,401298E-45
1,401298E-45
1,401298E-45
1,401298E-45
1,401298E-45
0
0
0
0
0
0
0
0
0
0
0
0
0
0
0
0
0
0
0
0
0
0
0
0
0
0
0
0
0,03349037
0,06712849
0,1668452
0,1668452
0,1668452
0,1668452
0,1668452
0,1668452
0,1665265
0,1665265
0,1999939
0,2001735
0,2336751
0,2336751
0,1671098
0,2333818
0,2666535
0,2668295
0,3332323
0,299765
0,3329488
0,4001978
0,4001978
0,3332278
0,3999334
0,333661
0,333835
0,2672835
0,3334978
0,3333008
0,3333008
0,2663805
0,2663805
0,2659171
0,2659171
0,2328142
0,1328566
0,1328566
0,1330281
0,06643614
0,06643614
0,06643614
0,03329732
0,03329732
0,03329732
0,03329732
0
0
0
0
0
1,401298E-45
1,401298E-45
1,401298E-45
1,401298E-45
1,401298E-45
1,401298E-45
1,401298E-45
1,401298E-45
1,401298E-45
1,401298E-45
1,401298E-45
1,401298E-45
1,401298E-45
1,401298E-45
1,401298E-45
1,401298E-45
1,401298E-45
1,401298E-45
1,401298E-45
1,401298E-45
1,401298E-45
0
0
0
0
0
0
0
0
0
0
0
0
0
0
0
0
0
0
0
0
0
0
0
0
0
0
0
0,03363812
0,06712849
0,06712849
0,1668452
0,1668452
0,1668452
0,1668452
0,1668452
0,1668452
0,1999939
0,2333628
0,2333628
0,2001735
0,2336751
0,2669489
0,2003838
0,2667295
0,3000011
0,2333621
0,299765
0,299765
0,2995803
0,3332278
0,3668306
0,3335571
0,3666589
0,3003135
0,3004873
0,2672835
0,3334978
0,3333008
0,3333008
0,2327778
0,2327778
0,2659171
0,2659171
0,2328142
0,1328566
0,1328566
0,1330281
0,06643614
0,06643614
0,06643614
0,03329732
0,03329732
0,03329732
0,03329732
0
0
0
0
0
1,401298E-45
1,401298E-45
1,401298E-45
1,401298E-45
1,401298E-45
1,401298E-45
1,401298E-45
1,401298E-45
1,401298E-45
1,401298E-45
1,401298E-45
1,401298E-45
1,401298E-45
1,401298E-45
1,401298E-45
1,401298E-45
1,401298E-45
1,401298E-45
1,401298E-45
1,401298E-45
1,401298E-45
0
0
0
0
0
0
0
0
0
0
0
0
0
0
0
0
0
0
0
0
0
0
0
0
0
0
0,03349037
0,06712849
0,1668452
0,1668452
0,1668452
0,1668452
0,1668452
0,1668452
0,1668452
0,2000171
0,1999939
0,2001735
0,2336751
0,2336751
0,1671098
0,2333818
0,2666535
0,3000011
0,3000011
0,2333621
0,299765
0,3669147
0,3332278
0,3332278
0,3668306
0,3005586
0,3003897
0,2670416
0,3336155
0,3005973
0,3336835
0,2995643
0,2995643
0,2659171
0,2659171
0,2659171
0,199343
0,1662405
0,1328566
0,1326484
0,09952266
0,06643614
0,03329732
0,03329732
0,03329732
0,03329732
0,03329732
0,03329732
1,401298E-45
1,401298E-45
1,401298E-45
1,401298E-45
1,401298E-45
1,401298E-45
1,401298E-45
1,401298E-45
1,401298E-45
1,401298E-45
1,401298E-45
1,401298E-45
1,401298E-45
0
0
1,401298E-45
1,401298E-45
1,401298E-45
1,401298E-45
1,401298E-45
1,401298E-45
1,401298E-45
1,401298E-45
1,401298E-45
0
0
0
0
0
0
0
0
0
0
0
0
0
0
0
0
0
0
0
0
0
0
0
0
0
0
0
0
0,1000555
0,1336935
0,1668452
0,1668452
0,1668452
0,1668452
0,1668452
0,1668452
0,1668225
0,1999939
0,1999939
0,2001735
0,2336751
0,1671098
0,1671098
0,2667295
0,3000011
0,2333621
0,299765
0,3671716
0,4003553
0,4000987
0,3668306
0,3668306
0,3999334
0,3003135
0,3004873
0,2340846
0,3002989
0,3334519
0,3334519
0,2327778
0,2327778
0,2659171
0,2659171
0,2328142
0,1662405
0,1328566
0,06664452
0,06643614
0,06643614
0,06643614
0,03329732
0,03329732
0,03329732
0,03329732
0,03329732
0,03329732
1,401298E-45
1,401298E-45
1,401298E-45
1,401298E-45
1,401298E-45
1,401298E-45
1,401298E-45
1,401298E-45
1,401298E-45
1,401298E-45
1,401298E-45
1,401298E-45
1,401298E-45
1,401298E-45
1,401298E-45
1,401298E-45
1,401298E-45
1,401298E-45
1,401298E-45
1,401298E-45
1,401298E-45
1,401298E-45
1,401298E-45
1,401298E-45
0
0
0
0
0
0
0
0
0
0
0
0
0
0
0
0
0
0
0
0
0
0
0
0
0
0
0,03349037
0,06712849
0,1668452
0,1668452
0,1668452
0,1668452
0,1668452
0,1668452
0,1668452
0,2000171
0,2333628
0,166573
0,166573
0,1336086
0,1671098
0,2003838
0,2003838
0,2667295
0,3000287
0,2665612
0,299765
0,3671716
0,3669872
0,3667296
0,3668306
0,3005586
0,333661
0,3003135
0,3004873
0,2672128
0,3336835
0,2995643
0,2995643
0,2327778
0,2327778
0,2659171
0,2324715
0,1662405
0,1662405
0,09935112
0,03313891
0,06643614
0,06643614
0,06643614
0,03329732
0,03329732
0,03329732
0,03329732
0
0
1,401298E-45
1,401298E-45
1,401298E-45
1,401298E-45
1,401298E-45
1,401298E-45
1,401298E-45
1,401298E-45
1,401298E-45
1,401298E-45
1,401298E-45
1,401298E-45
1,401298E-45
1,401298E-45
1,401298E-45
1,401298E-45
1,401298E-45
1,401298E-45
1,401298E-45
1,401298E-45
1,401298E-45
1,401298E-45
1,401298E-45
1,401298E-45
0
0
0
0
0
0
0
0
0
0
0
0
0
0
0
0
0
0
0
0
0
0
0
0
0
0
0,03349037
0,06712849
0,1668452
0,1668452
0,1668452
0,1668452
0,1668452
0,2000171
0,2334843
0,2334843
0,2333628
0,2001735
0,2001735
0,1336086
0,1671098
0,2003838
0,2336551
0,2665337
0,299765
0,299765
0,2663956
0,3335459
0,3332278
0,3332278
0,3668306
0,3005586
0,333835
0,2672835
0,2672835
0,2672128
0,3336835
0,2995643
0,2995643
0,2659171
0,2659171
0,2328142
0,1993688
0,1662405
0,1331544
0,06626469
0,03313891
0,06643614
0,03329732
0,03329732
0,03329732
0,03329732
0,03329732
0,03329732
0
0
1,401298E-45
1,401298E-45
1,401298E-45
1,401298E-45
1,401298E-45
1,401298E-45
1,401298E-45
1,401298E-45
1,401298E-45
1,401298E-45
1,401298E-45
0
0
1,401298E-45
1,401298E-45
1,401298E-45
1,401298E-45
1,401298E-45
1,401298E-45
1,401298E-45
1,401298E-45
1,401298E-45
1,401298E-45
1,401298E-45
0
0
0
0
0
0
0
0
0
0
0
0
0
0
0
0
0
0
0
0
0
0
0
0
0
0
0,1332072
0,1668452
0,1668452
0,1668452
0,1668452
0,2000171
0,2000171
0,2000171
0,2668534
0,200288
0,1336459
0,1336086
0,1671098
0,1671098
0,2004571
0,2667295
0,3000287
0,2665612
0,299765
0,3335021
0,3333165
0,3667296
0,3668306
0,3335571
0,3335571
0,2672109
0,3004873
0,2672128
0,3002989
0,2328923
0,299402
0,2327778
0,2327778
0,2659171
0,2659171
0,1996862
0,1662405
0,1662405
0,1331544
0,03313891
0,03313891
0,06643614
0,03329732
0,03329732
0,03329732
0,03329732
0,03329732
0,03329732
1,401298E-45
1,401298E-45
1,401298E-45
1,401298E-45
1,401298E-45
1,401298E-45
1,401298E-45
1,401298E-45
1,401298E-45
1,401298E-45
1,401298E-45
1,401298E-45
1,401298E-45
0
0
1,401298E-45
1,401298E-45
1,401298E-45
1,401298E-45
1,401298E-45
1,401298E-45
1,401298E-45
1,401298E-45
1,401298E-45
0
0
0
0
0
0
0
0
0
0
0
0
0
0
0
0
0
0
0
0
0
0
1,401298E-45
1,401298E-45
1,401298E-45
1,401298E-45
0,03349037
0,1336935
0,1668452
0,1668452
0,1668452
0,1668452
0,1668452
0,2000171
0,2334843
0,1669192
0,1667976
0,1331596
0,1000081
0,1336086
0,1671098
0,1671098
0,2336562
0,3331991
0,2665612
0,2665612
0,3329488
0,4003553
0,3669872
0,3667296
0,3668306
0,333661
0,3003897
0,233843
0,2672887
0,2672128
0,3336835
0,2997816
0,332908
0,2327778
0,2327778
0,2659171
0,2659171
0,1996862
0,1662405
0,1328566
0,09977028
0,06643614
0,03329732
0,03329732
0,03329732
0,03329732
0,03329732
0,03329732
0,03329732
0,03329732
1,401298E-45
1,401298E-45
1,401298E-45
1,401298E-45
1,401298E-45
1,401298E-45
1,401298E-45
1,401298E-45
1,401298E-45
1,401298E-45
1,401298E-45
0
0
0
0
1,401298E-45
1,401298E-45
1,401298E-45
1,401298E-45
1,401298E-45
1,401298E-45
1,401298E-45
1,401298E-45
1,401298E-45
0
0
0
0
0
0
0
0
0
0
0
0
0
0
0
0
0
0
0
0
0
0
1,401298E-45
1,401298E-45
1,401298E-45
0,03363812
0,06712849
0,1668452
0,1668452
0,1668452
0,1668452
0,1668452
0,1668452
0,2000171
0,2668534
0,200288
0,1336459
0,1336086
0,1671098
0,1671098
0,1671098
0,2001083
0,2334828
0,3000287
0,299765
0,2663956
0,2995803
0,3667296
0,3668306
0,3668306
0,3668306
0,333661
0,3006357
0,2340846
0,2340846
0,1998062
0,2662764
0,2332546
0,2327778
0,2659171
0,2659171
0,2659171
0,2324715
0,1662405
0,1331544
0,09977028
0,09977028
0,06643614
0,03329732
0,03329732
0,03329732
0,03329732
0,03329732
0,03329732
0,03329732
0,03329732
1,401298E-45
1,401298E-45
1,401298E-45
1,401298E-45
1,401298E-45
1,401298E-45
1,401298E-45
1,401298E-45
1,401298E-45
1,401298E-45
1,401298E-45
0
0
1,401298E-45
1,401298E-45
1,401298E-45
1,401298E-45
1,401298E-45
1,401298E-45
1,401298E-45
1,401298E-45
1,401298E-45
1,401298E-45
1,401298E-45
0
0
0
0
0
0
0
0
0
0
0
0
0
0
0
0
0
0
0
1,401298E-45
1,401298E-45
1,401298E-45
1,401298E-45
1,401298E-45
1,401298E-45
0,03363812
0,06712849
0,1668452
0,1668452
0,1668452
0,1668452
0,1668452
0,2000171
0,2000171
0,2668534
0,16665
0,1000081
0,1336086
0,1671098
0,1671098
0,1672856
0,2668295
0,3000287
0,3000287
0,299765
0,2663956
0,2995803
0,3667296
0,3668306
0,3668306
0,3668306
0,3003135
0,2672887
0,2340846
0,3336835
0,2329328
0,2660584
0,2663805
0,2327778
0,2659171
0,2659171
0,1996862
0,1662405
0,1328566
0,09977028
0,09994177
0,09994177
0,06643614
0,03329732
0,03329732
0,03329732
0,03329732
0,03329732
0,03329732
1,401298E-45
1,401298E-45
1,401298E-45
1,401298E-45
1,401298E-45
1,401298E-45
1,401298E-45
1,401298E-45
1,401298E-45
1,401298E-45
1,401298E-45
1,401298E-45
1,401298E-45
0
0
1,401298E-45
1,401298E-45
1,401298E-45
1,401298E-45
1,401298E-45
1,401298E-45
1,401298E-45
1,401298E-45
1,401298E-45
1,401298E-45
1,401298E-45
0
0
0
0
0
0
0
0
0
0
0
0
0
0
0
0
0
0
0
1,401298E-45
1,401298E-45
1,401298E-45
1,401298E-45
1,401298E-45
1,401298E-45
0,1333549
0,1668452
0,1668452
0,1668452
0,1668452
0,2000171
0,2333858
0,2668534
0,2668534
0,1336459
0,1000081
0,1000081
0,1336086
0,1671098
0,1339382
0,2004845
0,3000287
0,299765
0,2663956
0,2663956
0,3671464
0,4003303
0,3667296
0,3668306
0,3666589
0,3001885
0,233843
0,2340846
0,2340846
0,3004993
0,2332546
0,2663805
0,2663805
0,2327778
0,2659171
0,2324715
0,1662405
0,1331544
0,09977028
0,09977028
0,06643614
0,06643614
0,06643614
0,03329732
0,03329732
0,03329732
0,03329732
0,03329732
0,03329732
1,401298E-45
1,401298E-45
1,401298E-45
1,401298E-45
1,401298E-45
1,401298E-45
1,401298E-45
1,401298E-45
1,401298E-45
1,401298E-45
1,401298E-45
0
0
0
0
1,401298E-45
1,401298E-45
1,401298E-45
1,401298E-45
1,401298E-45
1,401298E-45
1,401298E-45
1,401298E-45
1,401298E-45
1,401298E-45
1,401298E-45
0
0
0
0
0
0
0
0
0
0
0
0
0
0
0
0
0
0
0
0
1,401298E-45
1,401298E-45
1,401298E-45
0,03363812
0,06712849
0,1668452
0,1668452
0,1668452
0,2000171
0,2333858
0,2333858
0,2668534
0,2668534
0,233215
0,1000081
0,1336086
0,1336086
0,1336086
0,1671098
0,2002084
0,2332872
0,2665612
0,299765
0,33325
0,33325
0,3667296
0,3332278
0,3668306
0,3335593
0,3003897
0,3006357
0,2672887
0,2672128
0,233543
0,2668295
0,2332546
0,2327778
0,2327778
0,2327778
0,2659171
0,199343
0,1662405
0,1331544
0,09977028
0,09977028
0,06643614
0,06643614
0,03329732
0,03329732
0,03329732
0,03329732
0,03329732
0,03329732
0,03329732
1,401298E-45
1,401298E-45
1,401298E-45
1,401298E-45
1,401298E-45
1,401298E-45
1,401298E-45
1,401298E-45
1,401298E-45
0
1,401298E-45
1,401298E-45
1,401298E-45
1,401298E-45
1,401298E-45
1,401298E-45
1,401298E-45
1,401298E-45
1,401298E-45
1,401298E-45
1,401298E-45
1,401298E-45
1,401298E-45
0
0
0
0
0
0
0
0
0
0
0
0
0
0
0
0
0
0
0
0
0
0
0
1,401298E-45
1,401298E-45
1,401298E-45
0,1002032
0,1336935
0,1668452
0,2000171
0,2000171
0,2000171
0,2333858
0,2333858
0,2668534
0,200288
0,2002508
0,1336086
0,1336086
0,1671098
0,1339382
0,1671371
0,2666806
0,2665612
0,2997445
0,3329488
0,2996487
0,2996487
0,3667296
0,3332278
0,3668306
0,3003603
0,233843
0,2672887
0,3003753
0,3336835
0,2664382
0,2332546
0,2332546
0,2327778
0,2327778
0,2659171
0,2659171
0,199343
0,1328566
0,09977028
0,03313891
0,03313891
0,06643614
0,06643614
0,03329732
0,03329732
0,03329732
0,03329732
0,03329732
1,401298E-45
1,401298E-45
1,401298E-45
1,401298E-45
1,401298E-45
1,401298E-45
1,401298E-45
1,401298E-45
1,401298E-45
1,401298E-45
1,401298E-45
1,401298E-45
1,401298E-45
1,401298E-45
1,401298E-45
1,401298E-45
1,401298E-45
1,401298E-45
1,401298E-45
1,401298E-45
1,401298E-45
1,401298E-45
1,401298E-45
1,401298E-45
1,401298E-45
0
0
0
0
0
0
0
0
0
0
0
0
0
0
0
0
0
0
0
0
0
1,401298E-45
1,401298E-45
1,401298E-45
0,03363812
0,03363812
0,1333549
0,1668452
0,1668452
0,2000171
0,2000171
0,2000171
0,2333858
0,2333858
0,2668155
0,1670991
0,1670991
0,1336086
0,1336086
0,1671098
0,1339382
0,2004845
0,3000287
0,2665612
0,2663758
0,3329232
0,3329921
0,3329921
0,4003316
0,3668306
0,3668306
0,3003603
0,233843
0,2674687
0,3005548
0,3336835
0,2664382
0,2327778
0,2327778
0,2327778
0,2327778
0,2328142
0,2328142
0,1662405
0,1328566
0,09977028
0,06643614
0,06643614
0,06643614
0,06643614
0,03329732
0,03329732
0,03329732
0,03329732
0,03329732
1,401298E-45
1,401298E-45
1,401298E-45
1,401298E-45
1,401298E-45
1,401298E-45
1,401298E-45
1,401298E-45
1,401298E-45
1,401298E-45
1,401298E-45
1,401298E-45
1,401298E-45
1,401298E-45
1,401298E-45
1,401298E-45
1,401298E-45
1,401298E-45
1,401298E-45
1,401298E-45
1,401298E-45
1,401298E-45
1,401298E-45
0
0
0
0
0
0
0
0
0
0
0
0
0
0
0
0
0
0
0
0
0
0
0
1,401298E-45
1,401298E-45
1,401298E-45
0,1333549
0,1668452
0,1668452
0,1668452
0,1668452
0,2000171
0,2333858
0,2333858
0,2668534
0,2668534
0,2668155
0,1336086
0,1336086
0,1336086
0,1339382
0,1671371
0,2334072
0,1999182
0,233192
0,2997392
0,3665932
0,3665932
0,3667296
0,3332278
0,3668306
0,3335593
0,333663
0,3339097
0,3003753
0,3005548
0,26667
0,2334859
0,2332546
0,2327778
0,2327778
0,2327778
0,2327778
0,1662405
0,1328566
0,09977028
0,09977028
0,09977028
0,06643614
0,06643614
0,06643614
0,06643614
0,03329732
0,03329732
0,03329732
0,03329732
0,03329732
1,401298E-45
1,401298E-45
1,401298E-45
1,401298E-45
1,401298E-45
1,401298E-45
1,401298E-45
1,401298E-45
1,401298E-45
1,401298E-45
1,401298E-45
1,401298E-45
1,401298E-45
1,401298E-45
1,401298E-45
1,401298E-45
1,401298E-45
1,401298E-45
1,401298E-45
1,401298E-45
1,401298E-45
1,401298E-45
1,401298E-45
0
0
0
0
0
0
0
0
0
0
0
0
0
0
0
0
0
0
0
0
0
0
0
0
0,03363812
0,03363812
0,1333549
0,1668452
0,1668452
0,2002144
0,2333858
0,2333858
0,2333858
0,2333858
0,233215
0,1334984
0,1670991
0,1336086
0,1004369
0,1004369
0,1339382
0,1671371
0,2334072
0,1999182
0,2663758
0,3329232
0,3667296
0,3667296
0,3667296
0,3666739
0,4002762
0,3003603
0,2671905
0,3006357
0,3003753
0,2673712
0,2669919
0,2669919
0,2332546
0,2327778
0,2327778
0,2659171
0,2659171
0,1662405
0,1328566
0,09977028
0,03313891
0,03313891
0,06643614
0,06643614
0,03329732
0,03329732
0,03329732
0,03329732
0,03329732
0,03329732
0,03329732
1,401298E-45
1,401298E-45
1,401298E-45
1,401298E-45
1,401298E-45
1,401298E-45
1,401298E-45
1,401298E-45
1,401298E-45
1,401298E-45
1,401298E-45
1,401298E-45
1,401298E-45
1,401298E-45
1,401298E-45
1,401298E-45
1,401298E-45
1,401298E-45
1,401298E-45
1,401298E-45
1,401298E-45
0
0
0
0
0
0
0
0
0
0
0
0
0
0
0
0
0
0
0
0
0
0
0
0
0
0
0,1333549
0,1668452
0,1668452
0,1668452
0,2000171
0,2333858
0,2333858
0,2333858
0,2333858
0,133669
0,1670991
0,1336086
0,1336086
0,1336086
0,1004369
0,1004369
0,1339382
0,1671371
0,2998652
0,2663758
0,266445
0,3329921
0,3667296
0,400175
0,4337775
0,3670772
0,3340791
0,3008073
0,2672887
0,2674885
0,3000337
0,2668295
0,2332546
0,1996524
0,1996524
0,2327778
0,2327778
0,2324715
0,199343
0,1328566
0,1328566
0,09977028
0,06643614
0,06643614
0,06643614
0,06643614
0,03329732
0,03329732
0,03329732
0,03329732
0,03329732
1,401298E-45
1,401298E-45
1,401298E-45
1,401298E-45
1,401298E-45
1,401298E-45
1,401298E-45
1,401298E-45
1,401298E-45
1,401298E-45
1,401298E-45
1,401298E-45
1,401298E-45
1,401298E-45
1,401298E-45
1,401298E-45
1,401298E-45
1,401298E-45
1,401298E-45
0
0
0
0
0
0
0
0
0
0
0
0
0
0
0
0
0
0
0
0
0
0
0
0
0
0
0
0
0
0
0,1333549
0,1668452
0,2000171
0,2333858
0,2333858
0,2333858
0,2333858
0,2333858
0,2668534
0,1671365
0,1670991
0,1336086
0,1336086
0,1004369
0,1339382
0,1339382
0,1672097
0,1335723
0,2330285
0,3329232
0,3329921
0,3664378
0,4337775
0,4002762
0,4002762
0,333806
0,3008073
0,3008073
0,3335027
0,3004993
0,2334859
0,1998841
0,1996524
0,2327778
0,2327778
0,2659171
0,2659171
0,1993688
0,1662405
0,09977028
0,09977028
0,09977028
0,06643614
0,06643614
0,03329732
0,03329732
0,03329732
0,03329732
0,03329732
0,03329732
0,03329732
1,401298E-45
1,401298E-45
1,401298E-45
1,401298E-45
1,401298E-45
1,401298E-45
1,401298E-45
1,401298E-45
1,401298E-45
1,401298E-45
1,401298E-45
1,401298E-45
1,401298E-45
1,401298E-45
1,401298E-45
1,401298E-45
1,401298E-45
1,401298E-45
1,401298E-45
0
0
0
0
0
0
0
0
0
0
0
0
0
0
0
0
0
0
0
0
0
0
0
0
0
0
0
0
0
0,1668452
0,2000171
0,2333858
0,2333858
0,2333858
0,2333858
0,2333858
0,2333858
0,2333858
0,2336641
0,1670991
0,1670991
0,1004369
0,1004369
0,1004369
0,1672097
0,1338406
0,2000383
0,2332618
0,2997195
0,3329232
0,3667296
0,3667296
0,4003316
0,4002762
0,4002762
0,333806
0,3337225
0,3337225
0,3335434
0,2671554
0,199749
0,1661468
0,1996524
0,2327778
0,2327778
0,2324715
0,199343
0,09977028
0,09977028
0,09977028
0,09956209
0,09956209
0,06643614
0,06643614
0,03329732
0,03329732
0,03329732
0,03329732
0,03329732
0,03329732
1,401298E-45
1,401298E-45
1,401298E-45
1,401298E-45
1,401298E-45
1,401298E-45
1,401298E-45
1,401298E-45
1,401298E-45
1,401298E-45
1,401298E-45
1,401298E-45
1,401298E-45
1,401298E-45
1,401298E-45
1,401298E-45
1,401298E-45
0
0
0
0
0
0
0
0
0
0
0
0
0
0
0
0
0
0
0
0
0
0
0
0
0
0
0
0
0
0
0
0
0,2002144
0,2333858
0,2333858
0,2333858
0,2333858
0,2333858
0,2333858
0,3004539
0,3004539
0,1670991
0,1336086
0,1336086
0,1004369
0,06706795
0,06706795
0,1338406
0,1003735
0,1665708
0,2664657
0,2993231
0,2993231
0,4003316
0,3668306
0,3668306
0,4002762
0,3007325
0,2675333
0,3337225
0,2673345
0,2334859
0,1998841
0,1996524
0,1996524
0,1996524
0,2659171
0,2659171
0,1993688
0,1662405
0,09977028
0,09977028
0,09977028
0,06643614
0,06643614
0,03329732
0,03329732
0,03329732
0,03329732
0,03329732
0,03329732
0,03329732
0,03329732
1,401298E-45
1,401298E-45
1,401298E-45
1,401298E-45
1,401298E-45
1,401298E-45
1,401298E-45
1,401298E-45
1,401298E-45
1,401298E-45
1,401298E-45
0
0
0
0
0
0
0
0
0
0
0
0
0
0
0
0
0
0
0
0
0
0
0
0
0
0
0
0
0
0
0
0
0
0
0
0
0
0
0,06652069
0,1998958
0,2333858
0,2333858
0,2333858
0,2333858
0,2333858
0,16665
0,1331596
0,1336086
0,1004369
0,1004369
0,1004369
0,06706795
0,06706795
0,1338406
0,1003735
0,06677277
0,1665192
0,2327914
0,2661391
0,3329246
0,2994236
0,3668306
0,3336317
0,2340877
0,2675333
0,3003753
0,2339871
0,199749
0,1661468
0,1661468
0,1661468
0,1996524
0,2659171
0,2659171
0,1662405
0,1662405
0,09977028
0,09977028
0,09977028
0,06643614
0,06643614
0,03329732
0,03329732
0,03329732
0,03329732
0,03329732
0,03329732
0,03329732
0,03329732
0
0
0
0
0
0
0
0
0
0
0
0
0
0
0
0
0
0
0
0
0
0
0
0
0
0
0
0
0
0
0
0
0
0
0
0
0
0
0
0
0
0
0
0
0
0
0
0
0
0
0,1333549
0,2002144
0,2333858
0,2333858
0,2333858
0,2333858
0,1000311
0,03336899
0,1004369
0,1004369
0,06706795
0,06706795
0,06706795
0,06706795
0,06706795
0,03360066
0,06677277
0,09997171
0,1329701
0,2328653
0,2993231
0,2658219
0,3002847
0,2670861
0,2340877
0,2340877
0,1673968
0,1344547
0,1332366
0,1330187
0,1661468
0,1661468
0,1996524
0,1662068
0,1662068
0,09977028
0,09977028
0,09977028
0,09977028
0,09977028
0,03313891
0,03313891
0,03329732
0,03329732
0,03329732
0,03329732
0,03329732
0,03329732
1,401298E-45
1,401298E-45
0
0
0
0
0
0
0
0
0
0
0
0
0
0
0
0
0
0
0
0
0
0
0
0
0
0
0
0
0
0
0
0
0
0
0
0
0
0
0
0
0
0
0
0
0
0
0
0
0
7
