0
0
0
0
0
0
0
0
0
0
0
0
0
0
0
0
0
0
0
0
0,03325158
0,03325158
0,03325158
0,03325158
0,03325158
0,03325158
0,06626821
0,09969744
0,09969744
0,133188
0,133188
0,1666814
0,2000369
0,2000369
0,2000369
0,2337989
0,2668722
0,30033
0,2999499
0,2664697
0,2664697
0,2664697
0,2999886
0,333272
0,3667119
0,3667119
0,3668448
0,4331902
0,4336419
0,3998798
0,3995238
0,4324891
0,4324891
0,4326508
0,4659394
0,5326263
0,5659069
0,5993283
0,56596
0,5993152
0,5659065
0,5326567
0,5658538
0,5325754
0,465706
0,3993405
0,3663245
0,366455
0,2998156
0,2664929
0,2664929
0,2664929
0,2664929
0,2332045
0,1667024
0,1667024
0,1667024
0,1334879
0,1334879
0,1334879
0,0667033
0,03328082
0,03328082
0,03328082
4,661887E-31
4,661887E-31
4,661887E-31
0
0
0
0
0
0
0
0
0
0
0
0
0
0
0
0
0
0
0
0
0
0
0
0
0
0
0
0
0
0
0,03325158
0,03325158
0,06668105
0,06668105
0,166482
0,166482
0,2002437
0,2337345
0,2670903
0,3004977
0,3004977
0,3004977
0,3673137
0,3673137
0,3673137
0,4673735
0,634084
0,6675075
0,7006256
0,7006256
0,7006256
0,7006256
0,7671964
0,7671964
0,7671964
0,800413
0,8337809
0,8337809
0,8338181
0,8338181
0,8338181
0,9002296
0,9002296
0,8668208
0,8668208
0,8668208
0,9335091
0,9335091
0,8671453
0,8671453
0,8671453
0,8664231
0,8995594
0,8995594
0,8995594
0,8995594
0,8995594
0,832307
0,765827
0,765827
0,765827
0,765827
0,7323963
0,6660317
0,6660317
0,6327529
0,6327529
0,4991525
0,3994396
0,2996141
0,2996141
0,2663258
0,2331899
0,2331899
0,2000688
0,1668543
0,1668543
0,1334879
0,1334879
0,1334879
0,1334879
0,03328082
4,661887E-31
4,661887E-31
4,661887E-31
0
0
0
0
0
0
0
0
0
0
0
0
0
0
0
0
0
0
0
0
0,03325158
0,1000363
0,1334655
0,1334655
0,1672275
0,1672275
0,2002437
0,2002437
0,2002437
0,2336513
0,2671418
0,3004977
0,367226
0,367226
0,367226
0,4006484
0,434167
0,534447
0,6347959
0,7007405
0,7338762
0,8001266
0,8335679
0,8669375
0,8669375
0,9334418
0,9334418
0,9334418
0,9334418
0,9334418
0,9334418
0,9667192
0,9667192
0,9667192
0,9667192
0,9667192
0,9999998
0,9999998
0,9999998
0,9999998
0,9999998
0,9666435
0,9666435
0,9666435
0,9666435
0,9666435
0,9666435
0,9666435
0,9666435
0,9666435
0,9666435
0,9666435
0,9666435
0,9330525
0,9330525
0,9330525
0,9330525
0,9330525
0,8665719
0,8665719
0,7996482
0,7996482
0,7661588
0,6664701
0,632709
0,599429
0,532532
0,4653576
0,3994699
0,2996141
0,2664782
0,2000688
0,2000688
0,2000688
0,2000688
0,1668543
0,1668543
0,1002072
0,1002072
0,1002072
0,06678471
0,06678471
0
0
0
0
0
0
0
0
0
0
0
0
0
0
0
0
0
0
0,03325158
0,1000363
0,1334655
0,1334655
0,2006348
0,2006348
0,2336513
0,2671418
0,2671418
0,2671418
0,2671418
0,3004978
0,4008172
0,4342395
0,4675626
0,4675626
0,5010812
0,534447
0,6347959
0,7007405
0,7338762
0,8001266
0,8335679
0,8669375
0,8669375
0,9334418
0,9334418
0,9334418
0,9334418
0,9334418
0,9334418
0,9667192
0,9667192
0,9999998
0,9999998
0,9999999
0,9999999
0,9999999
0,9999999
0,9999999
0,9999999
0,9666435
0,9666435
0,9666435
0,9666435
0,9666435
0,9666435
0,9666435
0,9666435
0,9666435
0,9666435
0,9666435
0,9666435
0,9666435
0,9666435
0,9666435
0,9666435
0,9666435
0,8999779
0,8999779
0,8330569
0,8330569
0,8330569
0,7332851
0,6995223
0,6662431
0,5993438
0,4986812
0,3994699
0,2996141
0,2664782
0,2000688
0,2000688
0,2000688
0,2000688
0,1668543
0,1668543
0,1334879
0,1334879
0,1334879
0,06678471
0,06678471
7,987401E-44
0
0
0
0
0
0
0
0
0
0
0
0
0
0
0,03325158
0,1000363
0,1000363
0,1334655
0,1334655
0,2004622
0,2004622
0,2668859
0,2668859
0,3002418
0,3337327
0,3337328
0,367226
0,367226
0,400549
0,5007944
0,6011072
0,6011072
0,6679322
0,6679322
0,7671543
0,8005263
0,8667762
0,9334313
0,9667192
0,9667192
0,9667192
0,9667192
0,9667192
0,9667192
0,9667192
0,9999998
0,9999998
0,9999998
0,9999998
0,9999998
0,9999998
0,9999998
0,9999999
1
1
1
1
1
1
1
1
1
0,9666435
0,9666435
0,9666435
0,9666435
0,9666435
0,9666435
0,9666435
0,9666435
0,9666435
0,9666435
0,9666435
0,9666435
0,9666435
0,9330525
0,9330525
0,9330525
0,9330525
0,8996226
0,8000118
0,8000118
0,766519
0,766519
0,6995099
0,6325133
0,598745
0,5654675
0,5323465
0,465555
0,3664318
0,2333573
0,2000688
0,2000688
0,2000688
0,2000688
0,2000688
0,1334319
0,1334319
0,06678471
0,06678471
7,987401E-44
0
0
0
0
0
0
0
0
0
0
0,1000363
0,1000363
0,1667004
0,1667004
0,2004622
0,2004622
0,2004622
0,2668859
0,2668859
0,3002418
0,3337328
0,3337328
0,4671583
0,4671583
0,5340725
0,5677285
0,6343854
0,7006235
0,7008296
0,7339029
0,7672725
0,8004034
0,8667395
0,9004506
0,9004506
0,8670222
0,8670222
0,8335307
0,8667819
0,83329
0,8667804
0,9000614
0,9000614
0,9000614
0,8669873
0,8669873
0,8676086
0,8342444
0,8342444
0,8335968
0,8004758
0,7670356
0,7670356
0,8001078
0,8001078
0,7337628
0,7005118
0,7005118
0,7005118
0,7005118
0,7005118
0,7337628
0,7004737
0,6338843
0,6006021
0,7006034
0,7338369
0,6336107
0,6336107
0,6671295
0,7004527
0,7668548
0,7334311
0,7334311
0,7667193
0,8332222
0,8332222
0,8330082
0,7998768
0,7665956
0,6665232
0,7998621
0,7663443
0,7663443
0,7996235
0,6994064
0,599385
0,599385
0,5326082
0,4989526
0,3996669
0,3996669
0,3664154
0,2998918
0,2334382
0,1666463
0,1666463
0,1333656
0,1333656
0,06658092
0,0332146
0,0332146
0
0
0
0
0
0,03325158
0,1000363
0,1000363
0,1667004
0,1667004
0,2004622
0,2004622
0,2668859
0,2668859
0,3002418
0,333521
0,333521
0,333521
0,4336658
0,4336658
0,5007498
0,5678106
0,634006
0,6673721
0,7008296
0,7336892
0,8001888
0,6999147
0,7330352
0,7330352
0,6995448
0,6996289
0,6662206
0,6662206
0,6327277
0,6327277
0,6327277
0,6327277
0,5663694
0,4664593
0,3999163
0,3999163
0,3999163
0,4667005
0,4999523
0,4668719
0,4668719
0,4667702
0,4335555
0,4671851
0,4001349
0,4330059
0,4330059
0,4330059
0,4664825
0,4329923
0,4329923
0,4329923
0,4664146
0,4664146
0,4664146
0,4331796
0,3998989
0,4333895
0,4672467
0,3346038
0,367734
0,367734
0,4010576
0,4342941
0,4008718
0,4008718
0,5345398
0,6006891
0,6337062
0,7331381
0,7331381
0,7331455
0,7331455
0,7331455
0,7328423
0,7328423
0,7661222
0,6994161
0,6997188
0,6997188
0,6328199
0,6996036
0,5330912
0,5330912
0,4662997
0,3663788
0,3330555
0,2663817
0,2663817
0,1666003
0,1333656
0,06658092
0,06658092
0,06658092
0
0
0
0
0
0,06648649
0,1332713
0,1332713
0,1667004
0,1667004
0,2668859
0,2668859
0,3001653
0,3001653
0,333521
0,3670115
0,4005299
0,4676144
0,5344054
0,5678282
0,5678282
0,5678106
0,6670781
0,7004452
0,7341745
0,7336749
0,8001726
0,6996274
0,6661378
0,6661378
0,5994102
0,5994935
0,5994935
0,5660713
0,5322421
0,498919
0,4652639
0,43219
0,3662295
0,3333586
0,3333586
0,3333586
0,3333586
0,3668539
0,4001051
0,3335355
0,3335355
0,333433
0,3337092
0,2670609
0,2332992
0,2661704
0,2661704
0,2661704
0,266152
0,2326612
0,2996595
0,3329832
0,3329832
0,3664761
0,3664761
0,3664761
0,3664761
0,3664761
0,3336048
0,2009619
0,2005992
0,2005992
0,2005992
0,2673282
0,2673282
0,2340496
0,367718
0,5341302
0,5341302
0,6335621
0,6335621
0,6665803
0,6998589
0,6998589
0,6995531
0,7328423
0,7328423
0,7662082
0,7665097
0,7997909
0,6664103
0,7331964
0,6333537
0,6333537
0,5330728
0,3663788
0,3663788
0,2997047
0,2997047
0,1666003
0,1333656
0,06658092
0,06658092
0,06658092
0
0
0
0,06678471
0,06678471
0,1667004
0,1667004
0,2004622
0,2338698
0,2338698
0,3001653
0,3001653
0,3001653
0,3336554
0,3670115
0,4337384
0,4672569
0,5007498
0,5011528
0,5678079
0,6003241
0,6003241
0,566442
0,6663914
0,6333761
0,6664978
0,6996274
0,6996274
0,6662206
0,6662206
0,5659028
0,5657597
0,5657597
0,4992018
0,3993318
0,3325073
0,2988516
0,2659804
0,1664353
0,1664353
0,09986484
0,06649544
0,06649544
0,03328082
0,03328082
0,03328082
0,03328082
0,03328082
0,03328082
0,03328082
0,03328082
0,03328082
4,502038E-24
4,661887E-31
0,03335589
0,03335589
0,03335589
0,03335589
0,03335589
0,06684891
0,06684891
0,1335353
0,1335353
0,1335353
0,1335353
0,1669646
0,1334717
0,1334717
0,1334717
0,1671626
0,133807
0,1668801
0,2003987
0,300534
0,334296
0,4008864
0,367755
0,4007717
0,5335482
0,6332355
0,6663397
0,6996276
0,6996276
0,6996276
0,6999285
0,7664245
0,6665033
0,7332886
0,7004026
0,6669452
0,6001536
0,5005001
0,5005001
0,3329557
0,3329557
0,2332931
0,2332931
0,1331855
0,06658092
0,06658092
0
0
0
0,1334655
0,1334655
0,2338698
0,2338698
0,2668859
0,2668859
0,2668859
0,3001653
0,3001653
0,333521
0,4001469
0,4336658
0,5007498
0,4343688
0,5673562
0,5339265
0,5334883
0,5665004
0,5998676
0,6001413
0,6332632
0,6330364
0,5995467
0,6329858
0,599395
0,5992529
0,5657343
0,4991065
0,4322156
0,4322156
0,3320681
0,232845
0,232845
0,1663546
0,1332236
0,06672081
0,06672081
0,03328082
0,03328082
0,03328082
0,03328082
0,03328082
0,03328082
4,502096E-24
4,502096E-24
5,94971E-29
5,94971E-29
5,94971E-29
4,661887E-31
4,661887E-31
4,661887E-31
4,661887E-31
4,661887E-31
0,03335589
0,03335589
0,03335589
0,03335589
0,03335589
0,06663474
0,06663474
0,06663474
0,06663474
0,100064
0,100064
0,100064
0,100064
0,06678528
0,06678528
0,09985865
0,1333771
0,1333771
0,1333771
0,09971309
0,200205
0,2671033
0,3336171
0,3666335
0,4333964
0,5333183
0,5665696
0,5665696
0,6665596
0,73321
0,666695
0,7334821
0,6670564
0,6335986
0,7001782
0,6007854
0,6007854
0,4672926
0,4672926
0,2670544
0,2332931
0,1331855
0,09981598
0,09981598
0
0,06678471
0,06678471
0,1667004
0,1667004
0,2668859
0,2668859
0,2668859
0,3001653
0,3001653
0,3336554
0,3336554
0,4341213
0,5009115
0,4675858
0,4672858
0,4340339
0,4005058
0,5004568
0,5670671
0,6001413
0,6332632
0,6332632
0,5997706
0,5995467
0,4660225
0,4660397
0,4325468
0,3989369
0,3989369
0,3660661
0,3326077
0,2995345
0,1996304
0,1331399
0,1331399
0,09985133
0,06672081
0,03328082
0,03328082
0,03328082
0,03328082
0,03328082
0,03328082
0,03328082
0,03328082
4,661887E-31
4,661887E-31
4,661887E-31
4,661887E-31
4,661887E-31
4,661887E-31
4,661887E-31
4,661887E-31
0
0
0
0
0,03335589
0,03335589
0,03335589
0,03335589
0,03335589
0,03335589
0,06663474
0,100064
0,06678528
0,06678528
0,06678528
0,06678528
0,06678528
0,06678528
0,1003036
0,1003036
0,1003036
0,09999552
0,1330692
0,1665087
0,2331515
0,2662702
0,2995432
0,4660652
0,4660652
0,4995565
0,6000728
0,6666054
0,6331658
0,7333198
0,6672284
0,700464
0,7670462
0,6340201
0,6340201
0,5005708
0,5005708
0,3341391
0,3341391
0,2340315
0,09981598
0,09981598
0
0,06678471
0,06678471
0,1997169
0,1997169
0,3001653
0,3001653
0,3001653
0,3001653
0,3001653
0,4338025
0,4338025
0,5009115
0,5009115
0,5008209
0,5005214
0,5339617
0,5335615
0,6001413
0,6001413
0,5668622
0,5666285
0,5666285
0,4664826
0,4996146
0,4325295
0,3989369
0,3660661
0,3660661
0,3660661
0,2663029
0,1661872
0,1330661
0,09985133
0,06672081
0,06672081
0,06672081
0,06672081
0,03328082
0,03328082
0,03328082
4,502038E-24
4,502038E-24
4,502038E-24
4,661887E-31
4,661887E-31
4,661887E-31
4,661887E-31
4,661887E-31
4,661887E-31
4,661887E-31
4,661887E-31
4,661887E-31
4,661887E-31
0
0
0
0
0
0
2,802597E-45
2,802597E-45
1,216879E-17
0,03335589
0,03335589
0,06678528
0,06678528
0,06678528
0,06678528
0,06678528
0,06678528
0,06678528
0,1003036
0,1003036
0,1003036
0,09999552
0,1330692
0,1665087
0,1999165
0,2663909
0,2328731
0,3658588
0,3661584
0,4660652
0,5332581
0,6332817
0,5998427
0,7333198
0,6672284
0,6672284
0,7338097
0,6340201
0,6340201
0,5005708
0,5005708
0,3676301
0,3676301
0,3008449
0,1331391
0,1331391
0
0,1000363
0,1000363
0,3001653
0,3001653
0,3001653
0,3001653
0,3001653
0,3001653
0,3336832
0,5009115
0,5009115
0,5011359
0,4344549
0,4343278
0,466811
0,5335038
0,50028
0,5668622
0,5999836
0,5664651
0,5331094
0,4995178
0,4325172
0,4990874
0,4655949
0,3989369
0,3660661
0,3326077
0,2993192
0,1332207
0,09985133
0,09985133
0,09985133
0,06672081
0,03328082
0,03328082
0,03328082
0,03328082
4,661887E-31
4,661887E-31
4,661887E-31
4,661887E-31
4,661887E-31
0
0
0
0
0
0
0
0
0
0
0
0
0
0
0
0
2,802597E-45
2,802597E-45
2,802597E-45
0,03335589
0,03335589
0,06678528
0,06678528
0,06678528
0,06678528
0,06678528
0,06678528
0,06678528
0,1003036
0,133425
0,133425
0,09999552
0,09999552
0,1334353
0,1999165
0,2663909
0,2328731
0,2990326
0,2993319
0,3991955
0,4326271
0,5326501
0,5998427
0,7333198
0,6672284
0,6672284
0,7338097
0,6340201
0,6340201
0,5338065
0,5338065
0,4009084
0,4009084
0,3341239
0,1331391
0,1331391
0
0,1332713
0,1332713
0,3001653
0,3001653
0,3001653
0,3001653
0,3001653
0,366791
0,4003096
0,5009115
0,4341272
0,4343511
0,4010393
0,467697
0,4670996
0,5004218
0,5334967
0,5668622
0,5999836
0,4998391
0,4664826
0,4328914
0,4325172
0,4656294
0,3992657
0,3326077
0,2662458
0,1662956
0,1662956
0,09985133
0,09985133
0,09985133
0,09985133
0,06672081
0,03328082
0,03328082
0,03328082
0,03328082
0
0
0
0
0
0
0
0
0
0
0
0
0
0
0
0
0
0
0
0
0
2,802597E-45
2,802597E-45
2,802597E-45
2,802597E-45
2,802597E-45
0,03342927
0,03342927
0,03342927
0,06678528
0,1003036
0,1003036
0,1003036
0,1003036
0,133425
0,133425
0,09999552
0,09999552
0,1334353
0,1665087
0,1995254
0,1660069
0,2655741
0,332754
0,3991252
0,3991341
0,4991575
0,4989962
0,6324731
0,6672284
0,6672284
0,7338097
0,6674791
0,6674791
0,5338065
0,5338065
0,4341434
0,4341434
0,3673588
0,2003935
0,2003935
0
0,2664033
0,2664033
0,3001653
0,3001653
0,3001653
0,3001653
0,3001653
0,4003823
0,4339008
0,4676602
0,4008763
0,4005222
0,400462
0,4672081
0,5337878
0,5337878
0,5668622
0,5668622
0,5666285
0,4328914
0,4323483
0,4323483
0,4656294
0,3656837
0,2993192
0,2659494
0,1995531
0,1329724
0,1329724
0,09985133
0,09985133
0,09985133
0,0664115
0,03328082
0,03328082
4,502038E-24
4,502038E-24
4,502038E-24
0
0
0
0
0
0
0
0
0
0
0
0
0
0
0
0
0
0
0
0
0
2,802597E-45
2,802597E-45
2,802597E-45
2,802597E-45
2,802597E-45
0,03342927
0,03342927
0,03342927
0,03342927
0,06694777
0,06694777
0,06694777
0,1003036
0,133425
0,133425
0,09999552
0,09999552
0,1334353
0,1665087
0,1995254
0,1660069
0,2655741
0,332754
0,3991252
0,3991341
0,4656666
0,4322268
0,532382
0,6339068
0,6672284
0,7338097
0,7008864
0,7008864
0,5338065
0,5338065
0,4341434
0,4341434
0,3673588
0,2672642
0,2672642
1,401298E-45
0,2664033
0,2664033
0,3001653
0,3001653
0,3336554
0,3336554
0,3670115
0,4337384
0,4672569
0,5010307
0,4342451
0,4338925
0,400462
0,4672081
0,5337878
0,5337878
0,5999836
0,4998391
0,4664826
0,4328914
0,4656294
0,4656294
0,4322601
0,3323137
0,2659494
0,2659494
0,1995531
0,09985133
0,09985133
0,09985133
0,09985133
0,09985133
0,0664115
4,502038E-24
4,502038E-24
4,502038E-24
4,502038E-24
4,502038E-24
0
0
0
0
0
0
0
0
0
0
0
0
0
0
0
0
0
0
0
0
0
2,802597E-45
2,802597E-45
2,802597E-45
2,802597E-45
2,802597E-45
0,03342927
0,03342927
0,03342927
0,03342927
0,06694777
0,06694777
0,06694777
0,1003036
0,133425
0,133425
0,09999552
0,09999552
0,1334353
0,1665087
0,1995254
0,1996621
0,2992296
0,2996333
0,3327686
0,3658995
0,4658014
0,4655962
0,532382
0,6004136
0,633736
0,700317
0,6674635
0,6674635
0,5338065
0,5338065
0,4341434
0,4341434
0,3673588
0,2672642
0,2672642
1,401298E-45
0,2664033
0,2664033
0,3001653
0,3001653
0,3336554
0,3336554
0,3670115
0,4337384
0,4672569
0,4348296
0,3680449
0,4338925
0,433677
0,5004218
0,5668622
0,5668622
0,5663924
0,4662475
0,4328914
0,4328914
0,4656294
0,4321363
0,3987668
0,2654982
0,1662912
0,1662912
0,1332175
0,09985133
0,09985133
0,09985133
0,09985133
0,09985133
0,0664115
4,502038E-24
0
0
0
0
0
0
0
0
0
0
0
0
0
0
0
0
0
0
0
0
0
0
0
0
0
0
0
2,802597E-45
0,03342927
0,03342927
0,03342927
0,03342927
0,03342927
0,03342927
0,06694777
0,06694777
0,1000689
0,133425
0,133425
0,133425
0,09999552
0,09999552
0,1334353
0,1329906
0,232718
0,2663734
0,2992443
0,2660481
0,3325916
0,3991802
0,4658014
0,4323614
0,499146
0,5330601
0,5663823
0,5993086
0,6338078
0,6338078
0,5338065
0,5338065
0,4341434
0,4341434
0,3673588
0,3004989
0,3004989
1,401298E-45
0,2664033
0,2664033
0,3001653
0,3001653
0,3336554
0,3336554
0,3670115
0,4337384
0,4672569
0,4015508
0,3347657
0,4338925
0,433677
0,5004218
0,5333713
0,5333713
0,5329016
0,4662475
0,4663319
0,4663319
0,4323942
0,3327415
0,2993725
0,232627
0,1329248
0,1329248
0,09985133
0,09985133
0,09985133
0,09985133
0,0664115
0,03328082
0,03328082
0
0
0
0
0
0
0
0
0
0
0
0
0
0
0
0
0
0
0
0
0
0
0
0
0
0
0
0
2,802597E-45
0,03342927
0,03342927
0,03342927
0,03342927
0,06694777
0,06694777
0,06694777
0,06694777
0,1000689
0,133425
0,133425
0,133425
0,09999552
0,1330692
0,1665087
0,1329906
0,232718
0,2663734
0,2992443
0,2991788
0,365722
0,3991802
0,4658014
0,4323614
0,499146
0,4664925
0,4998164
0,5327397
0,6338078
0,6338078
0,5672135
0,5672135
0,4341434
0,4341434
0,3673588
0,3004989
0,3004989
1,401298E-45
0,2329741
0,2329741
0,3001653
0,3001653
0,366791
0,366791
0,4001469
0,4337384
0,4672569
0,4347853
0,3680008
0,4338925
0,433677
0,5004218
0,5333713
0,5333713
0,4995458
0,4328914
0,4328736
0,4328736
0,3990252
0,3328654
0,2996509
0,2329052
0,09985133
0,09985133
0,09985133
0,09985133
0,09985133
0,09985133
0,03313065
0
0
0
0
0
0
0
0
0
0
0
0
0
0
0
0
0
0
0
0
0
0
0
0
0
0
0
0
0
0
2,802597E-45
0,03342927
0,03342927
0,03342927
0,03342927
0,06694777
0,06694777
0,06694777
0,06694777
0,1000689
0,133425
0,09999552
0,09999552
0,09999552
0,1330692
0,1995254
0,1660069
0,232718
0,2663734
0,2992443
0,2991788
0,365722
0,4659649
0,5325853
0,499146
0,499146
0,5337089
0,5670309
0,5665914
0,6338078
0,6338078
0,6006714
0,6006714
0,4342321
0,4007735
0,3339893
0,3004989
0,3004989
1,401298E-45
0,2329741
0,2329741
0,3001653
0,3001653
0,3667909
0,3667909
0,4001469
0,4337384
0,4672569
0,4676565
0,4008722
0,4338925
0,433677
0,5004218
0,5664931
0,5664931
0,4995458
0,4328914
0,4328736
0,4328736
0,3990252
0,3328654
0,2996509
0,2329052
0,1662912
0,1662912
0,1332175
0,09985133
0,09985133
0,09985133
0,03313065
0,03313065
0,03313065
0
0
0
0
0
0
0
0
0
0
0
0
0
0
0
0
0
0
0
0
0
0
0
0
0
0
0
0
2,802597E-45
0,03342927
0,03342927
0,03342927
0,03342927
0,06694777
0,06694777
0,1000689
0,1000689
0,1000689
0,133425
0,09999552
0,09999552
0,09999552
0,1330692
0,1995254
0,1660069
0,232718
0,2332522
0,2661235
0,332548
0,3990912
0,4993339
0,5325853
0,4660725
0,4660725
0,5337089
0,5336089
0,5331678
0,6338078
0,6006759
0,5342606
0,5342606
0,4342321
0,4007735
0,3339893
0,3004989
0,3004989
1,401298E-45
0,2329741
0,2329741
0,3001653
0,3001653
0,3667909
0,3667909
0,4001469
0,4337384
0,4672569
0,5006711
0,4672118
0,433722
0,4335074
0,4669298
0,5333571
0,5333571
0,4664097
0,4328914
0,4328736
0,4328736
0,3990252
0,3328654
0,2996509
0,2329052
0,1662912
0,1662912
0,1332175
0,0664115
0,0664115
0,0664115
0,03313065
0,03313065
0,03313065
0
0
0
0
0
0
0
0
0
0
0
0
0
0
0
0
0
0
0
0
0
0
0
0
0
0
0,03342927
0,03342927
0,03342927
0,03342927
0,03342927
0,06694777
0,06694777
0,06694777
0,06694777
0,1000689
0,1000689
0,1000689
0,133425
0,09999552
0,09999552
0,1334353
0,1329906
0,1660069
0,1660069
0,232718
0,2332522
0,2661235
0,332548
0,3656837
0,4659261
0,5325455
0,4664223
0,4664223
0,5337089
0,5336089
0,5331678
0,6338078
0,6006759
0,5342606
0,5342606
0,3674472
0,3339893
0,3339893
0,2000481
0,2000481
1,401298E-45
0,1997392
0,1997392
0,3001653
0,3001653
0,3667909
0,3667909
0,4001469
0,4337384
0,4672569
0,5338884
0,5004248
0,4669367
0,4669367
0,5003581
0,5333571
0,5333571
0,4664097
0,4328914
0,4328736
0,4328736
0,4326802
0,3665206
0,26653
0,2332066
0,2332066
0,1997841
0,1332175
0,0664115
0,0664115
0,0664115
0,03313065
0,03313065
0,03313065
0
0
0
0
0
0
0
0
0
0
0
0
0
0
0
0
0
0
0
0
0
0
0
0
0
0
0,03342927
0,03342927
0,03342927
0,03342927
0,03342927
0,06694777
0,06694777
0,06694777
0,06694777
0,1000689
0,1000689
0,1000689
0,133425
0,09999552
0,09999552
0,1334353
0,1329906
0,1994295
0,1663084
0,1995967
0,2332522
0,2661235
0,332548
0,3656837
0,3990282
0,4656466
0,4999151
0,4999151
0,5337089
0,5336089
0,5331678
0,6338078
0,6006759
0,5342606
0,5342606
0,3674472
0,3339893
0,3339893
0,2000481
0,2000481
1,401298E-45
0,1997392
0,1997392
0,2667359
0,2667359
0,3667909
0,3667909
0,4001469
0,4337384
0,4672569
0,567295
0,6006173
0,5337211
0,5337211
0,5003581
0,5003461
0,5003461
0,4664732
0,4664097
0,4663917
0,4000024
0,3666782
0,3000667
0,2000756
0,2332066
0,2332066
0,1997841
0,1662912
0,0994849
0,0994849
0,0664115
0,03313065
0,03313065
0,03313065
0
0
0
0
0
0
0
0
0
0
0
0
0
0
0
0
0
0
0
0
0
0
0
0
0
0
0,03342927
0,03342927
0,03342927
0,06694777
0,06694777
0,06694777
0,06694777
0,1000689
0,1000689
0,1000689
0,06663962
0,06663962
0,09999552
0,1330692
0,09955062
0,1329906
0,1329906
0,2663734
0,2332522
0,2663825
0,2996634
0,3993195
0,3993327
0,4324688
0,3990282
0,4991372
0,5334057
0,5334057
0,5669232
0,5668235
0,5331678
0,6338078
0,6006759
0,5008921
0,5008921
0,3674472
0,3674472
0,3674472
0,2000481
0,2000481
1,401298E-45
0,1667225
0,1667225
0,2667359
0,2667359
0,3667909
0,3667909
0,4001469
0,4337384
0,4672569
0,567295
0,6006173
0,5999711
0,5999711
0,533188
0,4669245
0,4669245
0,4664732
0,4664097
0,4663917
0,4000024
0,3666782
0,3000667
0,2000756
0,2332066
0,2332066
0,1997841
0,1662912
0,1328513
0,1328513
0,0994849
0,06620411
0,03313065
0,03313065
0
0
0
0
0
0
0
0
0
0
0
0
0
0
0
0
0
0
0
0
0
0
0
0
0
0
0,06694777
0,06694777
0,06694777
0,06694777
0,06694777
0,06694777
0,06694777
0,1000689
0,1000689
0,1000689
0,06663962
0,06663962
0,09999552
0,1330692
0,09955062
0,1664128
0,1664128
0,2663734
0,2332522
0,2663825
0,3330327
0,432689
0,3993327
0,4658348
0,4323947
0,4991372
0,4999849
0,4999849
0,5335013
0,6000599
0,5664037
0,6338078
0,6006759
0,5008921
0,5008921
0,3340814
0,3340814
0,3340814
0,2000481
0,2000481
1,401298E-45
0,06653042
0,06653042
0,2667359
0,2667359
0,3667909
0,3667909
0,4001469
0,4337384
0,4672569
0,5669184
0,6002426
0,6000791
0,6337339
0,5669492
0,4334315
0,4334315
0,4667561
0,4666925
0,4333182
0,4328736
0,3995498
0,3000667
0,2668527
0,2999827
0,2668619
0,1997841
0,1997841
0,1663444
0,1663444
0,0994849
0,06620411
0,03313065
0,03313065
0,03313065
0,03313065
0,03313065
0
0
0
0
0
0
0
0
0
0
0
0
0
0
0
0
0
0
0
0
0
0,03342927
0,03342927
0,06694777
0,06694777
0,06694777
0,06694777
0,06694777
0,06694777
0,06694777
0,1000689
0,1000689
0,1000689
0,06663962
0,09971308
0,1665087
0,1665087
0,1660069
0,1663084
0,1994391
0,2663825
0,2663825
0,2663825
0,3330327
0,432689
0,3993327
0,4327613
0,399322
0,4660636
0,4332366
0,4332366
0,5338045
0,633821
0,5337536
0,5673967
0,5006115
0,4341065
0,4341065
0,2670976
0,2670976
0,2670976
0,2335062
0,2335062
1,401298E-45
0,06653042
0,06653042
0,2004846
0,2004846
0,3333626
0,3333626
0,3667175
0,4337384
0,4337384
0,5333996
0,5667237
0,6334857
0,667141
0,6003582
0,4668176
0,4668176
0,5002471
0,4667561
0,4668395
0,4667765
0,4332297
0,4001094
0,3333762
0,2999827
0,2668619
0,1997841
0,1997841
0,1997841
0,1997841
0,1662912
0,09957024
0,09957024
0,06620411
0,03313065
0,03313065
0,03313065
0
0
0
0
0
0
0
0
0
0
0
0
0
0
0
0
0
0
0
0
0
0,03342927
0,03342927
0,06694777
0,06694777
0,06694777
0,06694777
0,06694777
0,1000689
0,1000689
0,1000689
0,1000689
0,1000689
0,06663962
0,09971308
0,1329906
0,1329906
0,1992953
0,1995967
0,2327272
0,2997523
0,3326237
0,3994079
0,4660549
0,4660549
0,4326991
0,4997451
0,4663047
0,4995569
0,5000629
0,466408
0,5333839
0,6001658
0,5003832
0,534027
0,4672425
0,4007403
0,4007403
0,2670976
0,2670976
0,2670976
0,1670567
0,1670567
1,401298E-45
0,03325158
0,03325158
0,1667225
0,1667225
0,3333626
0,3333626
0,3667175
0,4337384
0,4337384
0,5001856
0,5335087
0,6002619
0,633477
0,5666925
0,5001599
0,533814
0,5333611
0,4998701
0,4334984
0,4667664
0,4666595
0,4335381
0,3333762
0,2999827
0,2999827
0,2665607
0,2665607
0,1997841
0,1997841
0,1997841
0,1663444
0,1328513
0,0994849
0,06620411
0,06620411
0,06620411
0
0
0
0
0
0
0
0
0
0
0
0
0
0
0
0
0
0
0,03342927
0,03342927
0,03342927
0,06694777
0,06694777
0,06694777
0,06694777
0,06694777
0,1000689
0,1000689
0,1000689
0,1000689
0,1000689
0,06663962
0,06619463
0,06619463
0,06619463
0,1329906
0,09986925
0,1661742
0,2332522
0,2663825
0,3330327
0,3659041
0,432689
0,4660549
0,4329818
0,3994368
0,4995569
0,4331173
0,4331173
0,5000629
0,499732
0,5667081
0,6001658
0,5003832
0,534027
0,4672425
0,4007403
0,4007403
0,2670976
0,2670976
0,2670976
0,133295
0,133295
1,401298E-45
0,03325158
0,03325158
0,1667225
0,1667225
0,3333626
0,3333626
0,3333626
0,4003823
0,4003823
0,4671081
0,5004311
0,5999941
0,5999577
0,633477
0,5669441
0,533814
0,5333611
0,4998701
0,4334984
0,4667664
0,5001184
0,4998676
0,4332242
0,3332421
0,2668527
0,2999827
0,2999827
0,1997841
0,1997841
0,1997841
0,1663444
0,1328513
0,1328513
0,09957024
0,06620411
0,06620411
0,03313065
0,03313065
0,03313065
0
0
0
0
0
0
0
0
0
0
0
0
0
0
0
0,03342927
0,06694777
0,06694777
0,06694777
0,06694777
0,06694777
0,06694777
0,06694777
0,1000689
0,1000689
0,1000689
0,1000689
0,1000689
0,06663962
0,06619463
0,09955062
0,09955062
0,1664128
0,1332914
0,1995967
0,2666213
0,2997523
0,3330327
0,39927
0,4660549
0,4660549
0,4329818
0,3994368
0,5331481
0,4667093
0,4667093
0,5000629
0,4666
0,5335766
0,5670343
0,4670183
0,500661
0,433876
0,4007403
0,4007403
0,2335062
0,2335062
0,2335062
0,133295
0,133295
1,401298E-45
0,03325158
0,03325158
0,133315
0,133315
0,2336198
0,2336198
0,2666364
0,3333626
0,3333626
0,4671081
0,5004311
0,56676
0,5667237
0,633477
0,6334857
0,6003582
0,6334922
0,6003586
0,5335801
0,4667561
0,4667514
0,4334281
0,4667946
0,4333359
0,3333762
0,3332717
0,2999827
0,1997841
0,1997841
0,1997841
0,1997841
0,1997841
0,1663444
0,09957024
0,06620411
0,06620411
0,06620411
0,06620411
0,03313065
0,03313065
0,03313065
0
0
0
0
0
0
0
0
0
0
0
0
0
0,03342927
0,06694777
0,06694777
0,06694777
0,06694777
0,06694777
0,06694777
0,06694777
0,1000689
0,1000689
0,1000689
0,1000689
0,06655054
0,03312122
0,06619463
0,1329906
0,1329906
0,232718
0,1995967
0,2327272
0,3331182
0,3999029
0,4331843
0,4660549
0,4660549
0,4991906
0,4996109
0,4326437
0,5331325
0,5000629
0,5332774
0,5670395
0,5002066
0,5006141
0,4672883
0,400641
0,433876
0,433876
0,300505
0,300505
0,2335062
0,2002712
0,2002712
0,133295
0,133295
1,401298E-45
0,03325158
0,03325158
0,03325158
0,03325158
0,1330736
0,1998582
0,2336198
0,3003455
0,3003455
0,4336784
0,4670014
0,50046
0,5338526
0,6006045
0,6667636
0,6667636
0,6000791
0,6005982
0,6003586
0,5671226
0,5337527
0,433554
0,4333438
0,3999698
0,3998173
0,3665825
0,3667848
0,300141
0,3332717
0,3001502
0,1997841
0,1997841
0,1997841
0,1662912
0,1328513
0,09957024
0,09957024
0,06620411
0,06620411
0,06620411
0,06620411
0
0
0
0
0
0
0
0
0
0
0
0,03342927
0,03342927
0,03342927
0,06694777
0,06694777
0,06694777
0,06694777
0,06694777
0,1000689
0,1000689
0,1000689
0,1000689
0,06663962
0,09971308
0,06619463
0,06619463
0,06619463
0,1664128
0,1332914
0,2329661
0,2329661
0,2660967
0,3331182
0,4327737
0,4660549
0,4329818
0,3996255
0,4662519
0,4997451
0,4661342
0,5331325
0,5333862
0,4995758
0,5333378
0,4669259
0,4339671
0,400641
0,3675056
0,4007403
0,4007403
0,2669137
0,2669137
0,2335062
0,2002712
0,1669481
0,06651366
0,06651366
1,401298E-45
1,401298E-45
1,401298E-45
0,03325158
0,03325158
0,09966603
0,1664506
0,1664506
0,233093
0,233093
0,4336784
0,4670014
0,4670014
0,43375
0,5004432
0,5999577
0,633477
0,6667636
0,6672843
0,6670446
0,6003586
0,5669881
0,5001631
0,4999524
0,3999346
0,4667946
0,400101
0,3337113
0,3004964
0,3336277
0,3001502
0,2667282
0,2667282
0,2667282
0,1997841
0,1997841
0,1997841
0,1662912
0,0994849
0,06620411
0,06620411
0,06620411
0,03307346
0,03307346
0
0
0
0
0
0
0,03342927
0,03342927
0,03342927
0,03342927
0,06694777
0,06694777
0,06694777
0,06694777
0,06694777
0,06694777
0,06694777
0,1000689
0,1000689
0,1000689
0,1331423
0,06619463
0,06619463
0,06619463
0,09963459
0,1659395
0,232718
0,1995967
0,2666213
0,2666213
0,2997523
0,3663993
0,4660549
0,4660549
0,4664744
0,3996789
0,4995569
0,466843
0,4334205
0,4668281
0,567148
0,5333378
0,5667952
0,5003832
0,500661
0,433876
0,4007403
0,3672474
0,3672474
0,2335062
0,2335062
0,2002915
0,133295
0,09997199
0,03323489
0,03323489
1,401298E-45
1,401298E-45
1,401298E-45
0,03325158
0,03325158
0,03325158
0,1000363
0,1000363
0,1998582
0,1998582
0,3668321
0,4001549
0,4335107
0,4670014
0,50046
0,5999743
0,6002426
0,633477
0,600342
0,6002686
0,5335817
0,6003586
0,5335317
0,5001631
0,400145
0,400147
0,4334281
0,4334281
0,3668867
0,3333684
0,2670677
0,2336451
0,2667282
0,2667282
0,2330724
0,2330724
0,1997841
0,1662912
0,1328513
0,1328513
0,1328513
0,09957024
0,09957024
0,06620411
0,06620411
0,06620411
0,06620411
0,06620411
0,03307346
0
0,03342927
0,03342927
0,06694777
0,06694777
0,06694777
0,06694777
0,06694777
0,06694777
0,06694777
0,1000689
0,1000689
0,1000689
0,1000689
0,1000689
0,1331423
0,06619463
0,06619463
0,09948316
0,1329229
0,1661876
0,2329661
0,2660967
0,2997523
0,3999029
0,3999029
0,4331843
0,4329818
0,4329818
0,4999647
0,4331691
0,4995569
0,5001667
0,4999793
0,5333862
0,534017
0,4335597
0,5002974
0,4335122
0,433876
0,433876
0,3339984
0,300505
0,300505
0,2002712
0,2002712
0,1337335
0,09997199
0,09997199
0,03323489
0,03323489
1,401298E-45
1,401298E-45
1,401298E-45
0,03325158
0,03325158
0,03325158
0,03325158
0,03325158
0,1331719
0,1331719
0,2332276
0,2665507
0,4001549
0,4336455
0,50046
0,50046
0,4672084
0,533314
0,633477
0,633477
0,600342
0,6668845
0,5334135
0,5336995
0,5336658
0,5003308
0,5336968
0,4669189
0,3667348
0,3332165
0,3333684
0,3333684
0,3004964
0,2336451
0,2336543
0,2336543
0,1999991
0,2330724
0,2330724
0,1995797
0,1661394
0,09957024
0,09957024
0,09957024
0,09957024
0,06620411
0,06620411
0,06620411
0,06620411
0,06620411
0,0665028
0,03342927
0,06694777
0,06694777
0,06694777
0,06694777
0,06694777
0,1000689
0,1000689
0,1000689
0,1000689
0,1331423
0,1331423
0,06619463
0,06619463
0,09963459
0,09963459
0,1329229
0,1662789
0,2663298
0,3331182
0,3331182
0,3331182
0,3668296
0,3668296
0,40011
0,4329818
0,4662332
0,5999439
0,4664371
0,4664371
0,5001514
0,4332311
0,4997245
0,5334867
0,466839
0,4674257
0,400641
0,433876
0,433876
0,3339984
0,2669137
0,2669137
0,2002712
0,2002712
0,1337335
0,09997199
0,09997199
1,453384E-21
1,453384E-21
1,401298E-45
1,401298E-45
1,401298E-45
0,03325158
0,03325158
0,03325158
0,03325158
0,03325158
0,1331719
0,1331719
0,1998582
0,1998582
0,2666846
0,3000536
0,3333771
0,4336455
0,4003939
0,4672084
0,4672084
0,5004432
0,600342
0,6668845
0,600198
0,6004841
0,5336658
0,5000744
0,5000744
0,5003308
0,5336968
0,4669189
0,4334281
0,3667348
0,3332165
0,2999457
0,2339532
0,2005239
0,1668684
0,2330724
0,2330724
0,1995797
0,1995797
0,1662912
0,1328513
0,1328513
0,1328513
0,1328513
0,09957024
0,09957024
0,09963347
0,1331517
0,1331517
0,1000784
0,1000784
0,06694777
0,06694777
0,06694777
0,06694777
0,1000689
0,1000689
0,1000689
0,03312122
0,06619463
0,06619463
0,09963459
0,09963459
0,09963459
0,09963459
0,1993089
0,2994536
0,3331182
0,3999029
0,3999029
0,4331843
0,4329818
0,4329818
0,4664721
0,4664721
0,4329281
0,5331481
0,4666557
0,4332865
0,5337787
0,4669926
0,5001206
0,4667933
0,4335123
0,433876
0,433876
0,366892
0,366892
0,300505
0,2336787
0,2336787
0,1665094
0,1665094
0,09997199
0,06651366
0,06651366
1,453384E-21
1,453384E-21
1,401298E-45
1,401298E-45
1,401298E-45
1,401298E-45
1,401298E-45
0,03325158
0,03325158
0,03325158
0,03325158
0,03325158
0,1330736
0,1998582
0,1998582
0,2332276
0,2665507
0,3333771
0,3333771
0,4335107
0,43375
0,5004432
0,5339621
0,5339621
0,5668333
0,6334623
0,6668845
0,600198
0,6004841
0,5000744
0,5000744
0,5000744
0,5003308
0,4669189
0,4669189
0,3667348
0,3000949
0,3000391
0,3000391
0,3000391
0,233395
0,1999419
0,2330724
0,2330724
0,1995797
0,1995797
0,1995797
0,1661394
0,1328513
0,1663695
0,1997992
0,166518
0,1331517
0,1331517
0,1331517
0,1331517
0,1000784
0,1000689
0,1000689
0,1000689
0,1000689
0,1000689
0,03312122
0,06619463
0,06619463
0,09963459
0,133004
0,2330146
0,2661451
0,2660401
0,2994628
0,3331182
0,3999029
0,3999029
0,4331843
0,4664721
0,4664721
0,4661677
0,5332522
0,5330947
0,5330947
0,5006104
0,4670888
0,5004964
0,500298
0,533578
0,4667933
0,4000218
0,4003856
0,4003856
0,3001651
0,2669303
0,2336787
0,2336787
0,2003557
0,09997199
0,09997199
0,06669297
0,03323489
0,03323489
6,095418E-22
6,095418E-22
1,401298E-45
1,401298E-45
1,401298E-45
1,401298E-45
1,401298E-45
0,03325158
0,03325158
0,03325158
0,03325158
0,03325158
0,06638721
0,1331719
0,1998582
0,2332276
0,2665507
0,2997852
0,2997852
0,4004941
0,4007328
0,4669854
0,5005035
0,5339621
0,5668333
0,600342
0,6337637
0,6668845
0,667169
0,5336559
0,5336559
0,5669444
0,4668392
0,4331613
0,4666539
0,36647
0,3662331
0,3995996
0,333462
0,333462
0,233395
0,2005239
0,2336543
0,1999991
0,2330724
0,2330724
0,1995797
0,1661394
0,1661394
0,1996578
0,1997992
0,1997992
0,1664327
0,1664327
0,1331517
0,166273
0,1331995
0,1000689
0,1000689
0,1000689
0,1000689
0,1331423
0,06619463
0,06619463
0,09948316
0,1329229
0,1662924
0,2663321
0,2994628
0,3331182
0,3331182
0,3663993
0,4331843
0,40011
0,40011
0,5000635
0,5000635
0,5330116
0,5665036
0,4666557
0,5000629
0,5674753
0,500298
0,500298
0,4670183
0,5002974
0,4335123
0,4000218
0,366892
0,3336409
0,2669137
0,2336787
0,2336787
0,2002712
0,1669481
0,03323489
0,03323489
0,03323489
0,03323489
0,03323489
6,095418E-22
6,095418E-22
1,401298E-45
1,401298E-45
1,401298E-45
1,401298E-45
1,401298E-45
1,401298E-45
1,401298E-45
1,401298E-45
0,03325158
0,03325158
0,06638721
0,06638721
0,06638721
0,0997564
0,1998639
0,2665507
0,2665507
0,3333771
0,3333771
0,4335107
0,4670014
0,5004432
0,5004432
0,5671765
0,5671765
0,6334623
0,6335142
0,5667852
0,6004396
0,6004396
0,5336559
0,5336559
0,4670438
0,4670254
0,499833
0,3997517
0,3332165
0,3332165
0,333462
0,333462
0,2668243
0,2668243
0,2670838
0,2336543
0,1995797
0,2665274
0,2665274
0,2665274
0,2665274
0,2330873
0,2330873
0,2330873
0,1998065
0,1996391
0,1996391
0,166273
0,166273
0,166273
0,06619463
0,06619463
0,09948316
0,1329229
0,1662924
0,1331711
0,1331711
0,2663321
0,2994628
0,3331182
0,3999029
0,4331843
0,4331843
0,40011
0,3666705
0,466624
0,4333353
0,5329582
0,5664499
0,4332865
0,4665419
0,5339546
0,500298
0,4667933
0,4335122
0,433876
0,433876
0,4003856
0,3333012
0,3000492
0,2669137
0,2336787
0,2336787
0,1665094
0,1331865
0,03323489
0,03323489
1,89368E-21
1,89368E-21
1,89368E-21
1,401298E-45
1,401298E-45
1,401298E-45
1,401298E-45
1,401298E-45
1,401298E-45
1,401298E-45
1,401298E-45
1,401298E-45
1,401298E-45
0,03325158
0,03325158
0,03325158
0,03325158
0,03325158
0,06638721
0,06638721
0,06638721
0,1998639
0,2668634
0,2668634
0,2668634
0,3333771
0,3001253
0,366903
0,4003939
0,5004432
0,5671765
0,6005979
0,6334698
0,6335142
0,6335142
0,5667852
0,6004396
0,6003437
0,5335583
0,4665164
0,4664986
0,4664986
0,4332636
0,3666616
0,3999422
0,3000391
0,3000391
0,3000391
0,2668243
0,233169
0,2998181
0,2998181
0,2665274
0,2665274
0,2665274
0,2996488
0,2996488
0,2996488
0,2996488
0,2329277
0,1996391
0,166121
0,1994091
0,1994198
0,1994198
0,1994198
0,1331681
0,1995539
0,2660401
0,2996959
0,3331182
0,3331182
0,3331182
0,3999029
0,40011
0,4001612
0,4330323
0,3997437
0,4999629
0,4999629
0,4995731
0,5331725
0,4668408
0,5001206
0,533578
0,533578
0,5000273
0,4667473
0,4003856
0,4003856
0,3672499
0,2669303
0,2336787
0,1665094
0,1331865
0,09997199
0,03323489
0,03323489
0,03323489
0,03323489
1,89368E-21
1,89368E-21
1,89368E-21
1,401298E-45
1,401298E-45
1,401298E-45
1,401298E-45
1,401298E-45
1,401298E-45
1,401298E-45
1,401298E-45
1,401298E-45
1,401298E-45
0,03325158
0,03325158
0,03325158
0,03325158
0,03325158
0,03325158
0,03325158
0,06638721
0,1330794
0,1664872
0,1664872
0,2332717
0,2668634
0,2668634
0,3333771
0,3001253
0,4003615
0,4338519
0,5004432
0,5339621
0,6005054
0,6005054
0,6340142
0,6342984
0,6335784
0,6002581
0,6003437
0,5335583
0,5335583
0,5002786
0,4664986
0,4332636
0,3332683
0,3998372
0,3664152
0,3334261
0,2997707
0,2666876
0,2666876
0,2997603
0,3328917
0,2665274
0,2996488
0,2996488
0,2996488
0,2996488
0,2661301
0,2327007
0,2327007
0,2327007
0,2327007
0,2327891
0,265806
0,2326846
0,2326846
0,2994628
0,3331182
0,3999029
0,3668296
0,40011
0,4336012
0,4003123
0,3668727
0,4333353
0,4664529
0,5664453
0,5671912
0,5336266
0,5004964
0,500298
0,5668132
0,5000273
0,4332567
0,4332567
0,4332567
0,3667941
0,3335596
0,2671714
0,2336787
0,2336787
0,133295
0,06651366
0,06651366
0,03323489
0,03323489
1,89368E-21
1,89368E-21
1,453384E-21
1,453384E-21
1,453384E-21
1,401298E-45
1,401298E-45
1,401298E-45
1,401298E-45
1,401298E-45
1,401298E-45
1,401298E-45
1,401298E-45
1,401298E-45
1,401298E-45
1,401298E-45
1,401298E-45
0,03325158
0,03325158
0,03325158
0,03325158
0,03325158
0,06638721
0,1330794
0,1330794
0,1330794
0,1998639
0,2332717
0,2332717
0,3001421
0,3001421
0,3339038
0,3671386
0,4671879
0,4671879
0,4339361
0,5004712
0,6005899
0,6006428
0,6335142
0,6001935
0,6002581
0,5334723
0,5334723
0,5002786
0,499957
0,499957
0,4331427
0,4997123
0,4665906
0,4665906
0,433356
0,3333595
0,3003432
0,3334163
0,3996683
0,3331416
0,3331416
0,2996488
0,2996488
0,2996488
0,2661301
0,2327007
0,2327007
0,2327007
0,2327007
0,2327891
0,265806
0,2661069
0,2997621
0,3331182
0,3331182
0,4333935
0,4003197
0,4336012
0,4336012
0,4671558
0,4337158
0,5000807
0,4335067
0,5000063
0,5337688
0,5670854
0,5339546
0,500298
0,5668132
0,5000273
0,4332567
0,3996653
0,3996653
0,3333012
0,3000655
0,2336787
0,2002712
0,2002712
0,133295
0,06651366
0,06651366
1,89368E-21
1,89368E-21
1,89368E-21
1,89368E-21
1,453384E-21
1,453384E-21
1,453384E-21
1,401298E-45
1,401298E-45
1,401298E-45
1,401298E-45
1,401298E-45
1,401298E-45
1,401298E-45
1,401298E-45
1,401298E-45
1,401298E-45
1,401298E-45
1,401298E-45
1,401298E-45
1,401298E-45
1,401298E-45
0,03325158
0,03325158
0,03325158
0,03325158
0,03325158
0,0997564
0,1330794
0,1664872
0,1664872
0,2332717
0,2332717
0,2332717
0,3333771
0,3668354
0,4005969
0,4671879
0,5007066
0,5007066
0,5004712
0,5335925
0,6337193
0,6332221
0,6001935
0,6338481
0,6004396
0,5336559
0,5002786
0,4668204
0,4330584
0,4331427
0,4331427
0,4000677
0,4000677
0,4664771
0,4330546
0,4329299
0,3991134
0,3660128
0,3660128
0,3660128
0,3325835
0,2327007
0,2327007
0,2327007
0,2990864
0,2990864
0,2996209
0,2996209
0,3663993
0,3999029
0,3999029
0,3999029
0,4333935
0,433912
0,4339043
0,4004641
0,4341921
0,533886
0,5667578
0,4666094
0,4998654
0,5004964
0,500298
0,533578
0,533578
0,5333216
0,4665374
0,4332567
0,3667941
0,3335423
0,2669137
0,2336787
0,2004642
0,133295
0,09997199
0,06669297
0,03323489
0,03323489
1,89368E-21
1,89368E-21
1,89368E-21
1,89368E-21
8,438455E-22
1,401298E-45
1,401298E-45
1,401298E-45
1,401298E-45
1,401298E-45
1,401298E-45
1,401298E-45
1,401298E-45
1,401298E-45
1,401298E-45
1,401298E-45
1,401298E-45
1,401298E-45
1,401298E-45
1,401298E-45
1,401298E-45
1,401298E-45
1,401298E-45
1,401298E-45
1,401298E-45
1,401298E-45
1,401298E-45
0,03325158
0,03325158
0,06638721
0,0997564
0,1664872
0,1664872
0,2332717
0,2332717
0,2332717
0,3001421
0,3336002
0,3673621
0,4005969
0,4669695
0,5004874
0,5337226
0,5668436
0,6669735
0,6003524
0,6003524
0,6004561
0,6670693
0,6339338
0,6339338
0,5668851
0,4663369
0,4330584
0,3997022
0,4329833
0,4331886
0,4664771
0,4661281
0,399621
0,399621
0,3661023
0,3993853
0,3656056
0,3321764
0,2989411
0,332492
0,3659145
0,3330432
0,3330432
0,3663993
0,4331843
0,4666744
0,5002658
0,5002658
0,4671919
0,4671558
0,5337137
0,5674534
0,6003806
0,6006581
0,533666
0,500298
0,500298
0,4668083
0,4665374
0,4332567
0,3996653
0,3996653
0,3664138
0,3335423
0,300307
0,1670567
0,09997199
0,09997199
0,06651366
0,06651366
1,89368E-21
1,89368E-21
1,89368E-21
1,89368E-21
1,89368E-21
1,89368E-21
1,89368E-21
8,438455E-22
1,401298E-45
1,401298E-45
1,401298E-45
1,401298E-45
1,401298E-45
1,401298E-45
1,401298E-45
1,401298E-45
1,401298E-45
1,401298E-45
1,401298E-45
1,401298E-45
1,401298E-45
1,401298E-45
1,401298E-45
1,401298E-45
1,401298E-45
1,401298E-45
1,401298E-45
1,401298E-45
1,401298E-45
1,401298E-45
0,03325158
0,03325158
0,03325158
0,03325158
0,03325158
0,06662107
0,09994391
0,1330794
0,1330794
0,2332717
0,2332717
0,2332717
0,2668634
0,3340831
0,4005969
0,4339526
0,4674713
0,4674713
0,5003569
0,5003569
0,6004437
0,5670741
0,6337799
0,6341127
0,6341974
0,6341974
0,6334762
0,5668851
0,5331222
0,4998437
0,4998437
0,4326974
0,499352
0,4661176
0,5327677
0,5327677
0,4993452
0,4326494
0,466072
0,466072
0,4994279
0,4659347
0,5327809
0,5002658
0,5002658
0,5002658
0,5002658
0,5668236
0,5668236
0,6004683
0,6668181
0,6335555
0,6002362
0,6002362
0,6002362
0,5999637
0,5668349
0,4999776
0,4663858
0,3996653
0,3996653
0,3664303
0,3000428
0,166594
0,166594
0,09997199
0,06651366
0,06651366
0,03323489
0,03323489
1,89368E-21
1,89368E-21
1,89368E-21
1,89368E-21
1,453384E-21
1,453384E-21
1,453384E-21
8,438455E-22
1,401298E-45
1,401298E-45
1,401298E-45
1,401298E-45
1,401298E-45
1,401298E-45
1,401298E-45
1,401298E-45
1,401298E-45
1,401298E-45
1,401298E-45
1,401298E-45
1,401298E-45
1,401298E-45
1,401298E-45
1,401298E-45
1,401298E-45
1,401298E-45
1,401298E-45
1,401298E-45
1,401298E-45
1,401298E-45
1,401298E-45
1,401298E-45
1,401298E-45
0,03325158
0,03325158
0,03325158
0,06657466
0,06657466
0,09994391
0,09994391
0,1330794
0,1330794
0,2332717
0,2670329
0,3006251
0,3340831
0,4008802
0,4342362
0,4673573
0,5005928
0,5670392
0,5337868
0,6339148
0,6008779
0,6341127
0,6341127
0,6341974
0,6341974
0,6004345
0,6329221
0,699577
0,6659982
0,6328608
0,6328608
0,6327873
0,6659178
0,5991333
0,4993068
0,4994279
0,5662127
0,5662127
0,5998034
0,5998654
0,5663719
0,5663719
0,5663719
0,5333827
0,5998421
0,6996142
0,7003589
0,7336091
0,6999537
0,5998128
0,6332535
0,6332535
0,5996618
0,5663736
0,5328825
0,4997513
0,3997964
0,2669303
0,2669303
0,2336787
0,1331865
0,09972823
0,06651366
0,06651366
0,06651366
2,211724E-21
1,89368E-21
1,89368E-21
1,89368E-21
1,89368E-21
1,89368E-21
1,453384E-21
1,453384E-21
6,095418E-22
5,903092E-29
5,903092E-29
1,401298E-45
1,401298E-45
1,401298E-45
1,401298E-45
1,401298E-45
1,401298E-45
1,401298E-45
1,401298E-45
1,401298E-45
1,401298E-45
1,401298E-45
1,401298E-45
1,401298E-45
1,401298E-45
1,401298E-45
1,401298E-45
1,401298E-45
1,401298E-45
1,401298E-45
1,401298E-45
1,401298E-45
1,401298E-45
1,401298E-45
1,401298E-45
1,401298E-45
1,401298E-45
0,03325158
0,03325158
0,03325158
0,06662107
0,09994391
0,1330794
0,1330794
0,1998639
0,1998639
0,3003814
0,3338399
0,3676012
0,4343869
0,4343869
0,4676657
0,5007867
0,5007867
0,5342094
0,5008407
0,5673103
0,6337085
0,6341127
0,6341127
0,6674013
0,7668209
0,766424
0,7327952
0,6996601
0,6996601
0,6327847
0,6327941
0,5660121
0,5660121
0,5993665
0,6661527
0,6661527
0,6997432
0,6665292
0,6332957
0,6666167
0,6331879
0,6336063
0,733719
0,7665887
0,6999168
0,6999537
0,733233
0,6330924
0,6332535
0,6332535
0,5661708
0,5661708
0,5328899
0,4997598
0,3999839
0,2337113
0,1331865
0,09997199
0,09997199
0,06651366
2,211724E-21
2,211724E-21
1,89368E-21
1,89368E-21
1,89368E-21
1,89368E-21
1,89368E-21
1,89368E-21
1,89368E-21
1,453384E-21
1,453384E-21
6,095418E-22
5,903092E-29
5,903092E-29
1,401298E-45
1,401298E-45
1,401298E-45
1,401298E-45
1,401298E-45
1,401298E-45
1,401298E-45
1,401298E-45
1,401298E-45
1,401298E-45
1,401298E-45
1,401298E-45
1,401298E-45
1,401298E-45
1,401298E-45
1,401298E-45
1,401298E-45
1,401298E-45
1,401298E-45
1,401298E-45
1,401298E-45
1,401298E-45
1,401298E-45
1,401298E-45
1,401298E-45
1,401298E-45
1,401298E-45
1,401298E-45
1,401298E-45
1,401298E-45
1,401298E-45
0,06662107
0,06662107
0,09994391
0,09994391
0,1334623
0,1668916
0,2338907
0,3672691
0,401031
0,4343095
0,4343095
0,4343095
0,5007867
0,5007867
0,5674437
0,6008102
0,5674405
0,6675864
0,7345755
0,8008851
0,8004723
0,8004723
0,8001395
0,7995052
0,699277
0,7324072
0,7327202
0,6664636
0,6664636
0,6664636
0,6330234
0,6663047
0,6662614
0,6664332
0,7000777
0,7332125
0,6995571
0,7329695
0,7329695
0,7329695
0,6996146
0,7328915
0,6326184
0,5991876
0,5661708
0,5661708
0,5661708
0,4996848
0,3994608
0,2991299
0,1999089
0,1333198
0,09995364
0,09995364
0,06651366
1,89368E-21
1,89368E-21
1,89368E-21
1,89368E-21
1,89368E-21
1,89368E-21
1,89368E-21
1,89368E-21
1,89368E-21
8,438455E-22
8,438455E-22
5,903092E-29
5,903092E-29
5,903092E-29
1,401298E-45
1,401298E-45
1,401298E-45
1,401298E-45
1,401298E-45
1,401298E-45
1,401298E-45
1,401298E-45
1,401298E-45
1,401298E-45
1,401298E-45
1,401298E-45
1,401298E-45
1,401298E-45
1,401298E-45
1,401298E-45
1,401298E-45
1,401298E-45
1,401298E-45
1,401298E-45
1,401298E-45
1,401298E-45
1,401298E-45
1,401298E-45
1,401298E-45
1,401298E-45
1,401298E-45
1,401298E-45
1,401298E-45
1,401298E-45
1,401298E-45
0,03325158
0,06677012
0,06677012
0,1001394
0,1001394
0,1668916
0,1668916
0,1668916
0,1668916
0,2338907
0,3342315
0,3675106
0,4340122
0,5007963
0,6006665
0,6339549
0,7008451
0,6674147
0,6674147
0,7008381
0,8005612
0,767237
0,8003678
0,8338605
0,8006092
0,8002763
0,7994055
0,7994055
0,6662083
0,7001624
0,6667964
0,6668352
0,6668352
0,6999077
0,7331596
0,7334858
0,6665966
0,6331071
0,6995167
0,6995167
0,5991778
0,5988217
0,632261
0,632261
0,5992454
0,4994408
0,4656788
0,3328419
0,2664783
0,2330196
0,2330196
0,2330196
0,2330196
0,1332175
0,06680616
0,06680616
0,03336629
1,893683E-21
1,89368E-21
1,89368E-21
1,89368E-21
1,89368E-21
1,89368E-21
1,89368E-21
5,903092E-29
5,903092E-29
5,903092E-29
5,903092E-29
5,903092E-29
5,903092E-29
5,903092E-29
5,903092E-29
1,401298E-45
1,401298E-45
1,401298E-45
1,401298E-45
1,401298E-45
1,401298E-45
1,401298E-45
1,401298E-45
1,401298E-45
0
0
0
0
1,401298E-45
1,401298E-45
1,401298E-45
1,401298E-45
1,401298E-45
1,401298E-45
1,401298E-45
1,401298E-45
1,401298E-45
1,401298E-45
1,401298E-45
1,401298E-45
1,401298E-45
1,401298E-45
0,03351843
0,03351843
0,03351843
0,03351843
0,06677012
0,06677012
0,1335223
0,1668916
0,1668916
0,200013
0,2334203
0,3005484
0,3336219
0,3001037
0,3670476
0,500817
0,5673511
0,5673511
0,6004137
0,6671981
0,6671981
0,7335426
0,7668766
0,8003678
0,8003678
0,8003678
0,800036
0,8004559
0,7338004
0,6660821
0,6998278
0,6998278
0,7000852
0,7000852
0,7334858
0,7334858
0,6667089
0,6999862
0,6999862
0,6663959
0,666029
0,5991101
0,6322391
0,632261
0,632261
0,632261
0,4660306
0,432269
0,3323454
0,2992712
0,2330196
0,1997409
0,1997409
0,1997409
0,1665058
0,1332253
0,1332253
0,03336629
0,03336629
0,03336629
0,03336629
1,89368E-21
1,89368E-21
8,438455E-22
8,438455E-22
5,903092E-29
5,903092E-29
5,903092E-29
5,903092E-29
5,903092E-29
5,903092E-29
5,903092E-29
5,903092E-29
1,401298E-45
1,401298E-45
1,401298E-45
1,401298E-45
1,401298E-45
1,401298E-45
1,401298E-45
1,401298E-45
1,401298E-45
1,401298E-45
0
0
0
0
0
0
0
0
1,401298E-45
1,401298E-45
1,401298E-45
1,401298E-45
1,401298E-45
1,401298E-45
1,401298E-45
0,03351843
0,03351843
0,03351843
0,03351843
0,03351843
0,06694777
0,06694777
0,06694777
0,06694777
0,1003172
0,1336401
0,200013
0,2330863
0,2662225
0,2662225
0,2996627
0,4000962
0,466962
0,4335327
0,4335327
0,5335432
0,6003275
0,7006207
0,7337502
0,7337502
0,7672418
0,7672418
0,7672418
0,767167
0,7671701
0,7672333
0,8333746
0,7669883
0,7334692
0,7003489
0,7333646
0,7336924
0,7336923
0,7003372
0,6998177
0,6998177
0,6998177
0,6661629
0,5992509
0,6656691
0,5989271
0,565519
0,5319461
0,3658031
0,3658031
0,3323454
0,2990659
0,2658312
0,1995225
0,1995225
0,1995225
0,1665058
0,1665058
0,1665058
0,1333753
0,1000946
0,03336629
0,03336629
1,89368E-21
1,89368E-21
8,43846E-22
8,43846E-22
3,486344E-28
5,903092E-29
5,903092E-29
5,903092E-29
5,903092E-29
5,903092E-29
5,903092E-29
5,903092E-29
1,401298E-45
1,401298E-45
1,401298E-45
1,401298E-45
1,401298E-45
1,401298E-45
1,401298E-45
1,401298E-45
1,401298E-45
1,401298E-45
0
0
0
0
0
0
0
0
0
0
1,401298E-45
1,401298E-45
1,401298E-45
0,03351843
0,03351843
0,03351843
0,03351843
0,03351843
0,03351843
0,03351843
0,06694777
0,06694777
0,06694777
0,06694777
0,1331423
0,1665086
0,1996484
0,1996484
0,2994272
0,3330834
0,3330834
0,3330834
0,3330834
0,3334154
0,4336659
0,533677
0,5673411
0,6008596
0,7006063
0,7672418
0,7339525
0,7008787
0,70072
0,6673524
0,6672186
0,6674177
0,7341446
0,7341446
0,7675751
0,8004479
0,7669273
0,7337968
0,7337968
0,7006751
0,7006751
0,7006751
0,7337494
0,7334841
0,6668063
0,5324193
0,4658614
0,4989913
0,4655334
0,3987645
0,4320525
0,432215
0,2993245
0,2993245
0,2658309
0,232596
0,232596
0,1995225
0,1995225
0,1995225
0,1995225
0,1995225
0,1665058
0,1000946
0,03343987
1,049842E-21
5,593083E-27
1,812939E-27
3,486344E-28
3,486344E-28
3,486344E-28
3,486344E-28
5,903092E-29
5,903092E-29
5,903092E-29
5,903092E-29
1,401298E-45
1,401298E-45
1,401298E-45
1,401298E-45
1,401298E-45
1,401298E-45
1,401298E-45
1,401298E-45
1,401298E-45
1,401298E-45
0
0
0
0
0
0
0
0
0
0
0
0
0
0,03351843
0,03351843
0,03351843
0,03351843
0,03351843
0,06694777
0,06694777
0,06694777
0,06694777
0,1000689
0,1334354
0,1996484
0,233088
0,2997599
0,2997599
0,2997599
0,2997599
0,2994612
0,3327849
0,3997979
0,4665827
0,4334613
0,4334613
0,4672233
0,5009643
0,4678002
0,5678183
0,6341531
0,6674329
0,6670128
0,6671312
0,7006259
0,7006259
0,7667312
0,7670163
0,7338868
0,7338868
0,7338868
0,7338868
0,7338868
0,7673153
0,7340351
0,5670749
0,5670749
0,5670749
0,6003101
0,5667242
0,466775
0,3999048
0,3658433
0,3658433
0,3989741
0,3987645
0,3987645
0,4654925
0,3661088
0,3661088
0,3661088
0,2658309
0,2658309
0,2327575
0,1995225
0,1995225
0,1995225
0,166392
0,1333753
0,09993552
0,03328848
2,023875E-17
5,593083E-27
5,593083E-27
5,088702E-27
1,308571E-27
5,903092E-29
5,903092E-29
5,903092E-29
5,903092E-29
1,401298E-45
1,401298E-45
1,401298E-45
1,401298E-45
1,401298E-45
1,401298E-45
1,401298E-45
1,401298E-45
1,401298E-45
1,401298E-45
0
0
0
0
0
0
0
0
0
0
0
0
0
0,03351843
0,03351843
0,03351843
0,03351843
0,03351843
0,06694777
0,06694777
0,1334354
0,1668046
0,1668046
0,1668046
0,2333037
0,2667434
0,2997599
0,3328907
0,3328907
0,3328907
0,2994612
0,3327849
0,3666772
0,4334613
0,4334613
0,4334511
0,4672131
0,5007823
0,500985
0,5673981
0,6337488
0,6670277
0,6670277
0,6671312
0,7006259
0,6674942
0,7335992
0,6668146
0,6668146
0,6671011
0,6671011
0,6671011
0,7338868
0,7340801
0,7007998
0,6001976
0,6001976
0,5670749
0,5336166
0,533439
0,5666735
0,4998039
0,4993979
0,4328549
0,4328549
0,3656335
0,3987645
0,4654925
0,3989801
0,3989801
0,3989801
0,3326159
0,3326159
0,2995421
0,2995421
0,2995421
0,266307
0,1995225
0,1665058
0,1330661
0,03328848
2,023875E-17
5,593543E-27
5,593083E-27
5,088702E-27
1,308571E-27
5,903092E-29
5,903092E-29
5,903092E-29
5,903092E-29
1,401298E-45
1,401298E-45
1,401298E-45
1,401298E-45
1,401298E-45
1,401298E-45
1,401298E-45
1,401298E-45
1,401298E-45
1,401298E-45
0
0
0
0
0
0
0
0
0
0
0,03351843
0,03351843
0,03351843
0,03351843
0,03351843
0,06694777
0,06694777
0,06694777
0,1668046
0,1668046
0,1668046
0,2337486
0,2333037
0,2333037
0,2994504
0,3328907
0,3328907
0,3328907
0,2994612
0,3330528
0,3333543
0,4001382
0,4334946
0,4001282
0,3670922
0,5004123
0,5672041
0,5337637
0,5339618
0,567214
0,567214
0,6007075
0,6007075
0,5675753
0,5666811
0,5666811
0,5669152
0,6000357
0,5665464
0,5665464
0,5665464
0,6000889
0,5670947
0,6005854
0,6005854
0,6006919
0,5343268
0,4670473
0,5338323
0,6001976
0,5667378
0,5334117
0,5334117
0,5334117
0,566428
0,4998542
0,4659857
0,4322544
0,3987645
0,4654925
0,432215
0,365487
0,365487
0,2995421
0,2995421
0,2995421
0,2995421
0,2995421
0,2995421
0,1995225
0,1661563
0,09969985
0,06656925
2,023875E-17
2,023875E-17
1,308571E-27
1,308571E-27
1,308571E-27
1,018966E-27
1,018966E-27
1,401298E-45
1,401298E-45
1,401298E-45
1,401298E-45
1,401298E-45
1,401298E-45
1,401298E-45
1,401298E-45
1,401298E-45
1,401298E-45
0
0
0
0
0
0
0
0
0,03351843
0,03351843
0,03351843
0,03351843
0,03351843
0,03351843
0,03351843
0,06694777
0,06694777
0,06694777
0,1668046
0,200093
0,2331665
0,2998384
0,2663202
0,2997599
0,3328907
0,3328907
0,3328907
0,3664818
0,3330528
0,3330528
0,3333543
0,4334613
0,467152
0,4677493
0,4676604
0,5672649
0,567214
0,567214
0,567214
0,6339851
0,6339851
0,6336287
0,6002064
0,5670744
0,5331618
0,4996705
0,4664263
0,4995474
0,4995474
0,4662664
0,4662664
0,5333866
0,5336724
0,5338793
0,5003884
0,5338775
0,4677716
0,4342533
0,5343593
0,5667037
0,5332455
0,5336166
0,5336166
0,5334117
0,5334117
0,5335118
0,5666413
0,4662085
0,3657185
0,4321748
0,4321409
0,4654296
0,4654296
0,3658507
0,3658507
0,3658507
0,2995421
0,2995421
0,2995421
0,1995225
0,1661563
0,1661563
0,1330257
0,03328848
0,03328848
0,03328848
5,088702E-27
5,088702E-27
1,018966E-27
1,018966E-27
1,401298E-45
1,401298E-45
1,401298E-45
1,401298E-45
1,401298E-45
1,401298E-45
1,401298E-45
1,401298E-45
1,401298E-45
1,401298E-45
1,401298E-45
0
0
0
0
0
0,03351843
0,03351843
0,03351843
0,03351843
0,03351843
0,03351843
0,03351843
0,06694777
0,06694777
0,1334354
0,1668046
0,2331665
0,2668219
0,2663202
0,2663202
0,2997599
0,3328907
0,3328907
0,3328907
0,2994612
0,2994612
0,3330528
0,4339
0,4339
0,4673805
0,4340458
0,4676326
0,5009666
0,5673364
0,5673364
0,5673364
0,6338504
0,6338504
0,6002064
0,5670744
0,5999457
0,5331618
0,5331618
0,499806
0,4663155
0,432908
0,432908
0,3999767
0,3665652
0,3334298
0,3333438
0,366596
0,4330871
0,4006367
0,4340594
0,4676506
0,4342814
0,4344487
0,4344487
0,5010918
0,5671987
0,466461
0,5666909
0,5666909
0,5666909
0,5334117
0,566647
0,5001036
0,4664555
0,4659571
0,4989735
0,4991615
0,4321409
0,4654296
0,432215
0,3658507
0,3658507
0,2995421
0,1995225
0,1995225
0,1995225
0,166392
0,03328848
0,03328848
0,03328848
5,088702E-27
5,088702E-27
1,018966E-27
1,018966E-27
1,401298E-45
1,401298E-45
1,401298E-45
1,401298E-45
1,401298E-45
1,401298E-45
1,401298E-45
1,401298E-45
1,401298E-45
1,401298E-45
1,401298E-45
0
0
0
0,03351843
0,03351843
0,03351843
0,03351843
0,03351843
0,03351843
0,03351843
0,03351843
0,03351843
0,1668046
0,200093
0,2331665
0,2668219
0,2333037
0,2333037
0,2994504
0,2994504
0,3328907
0,3328907
0,3328907
0,3664818
0,4332597
0,4001382
0,4001382
0,4674151
0,4343797
0,5342086
0,5338334
0,5336724
0,5338706
0,6338504
0,6007197
0,6007197
0,5671291
0,5671291
0,4997924
0,4997924
0,4997924
0,499806
0,4663155
0,432908
0,432908
0,3996724
0,3663917
0,2665837
0,233332
0,2668506
0,233423
0,2666747
0,2666747
0,2670822
0,3002178
0,3336254
0,3672809
0,4675496
0,4677716
0,5010918
0,5010918
0,4338126
0,5001771
0,5001771
0,4335973
0,4999062
0,4999062
0,466627
0,566647
0,5668771
0,5664859
0,532652
0,4657325
0,4657325
0,4325186
0,3987219
0,3987219
0,3326159
0,3326159
0,3326159
0,266307
0,1995225
0,09969985
0,09969985
0,03328848
0,03328848
0,03328848
1,018966E-27
1,018966E-27
1,401298E-45
1,401298E-45
1,401298E-45
1,401298E-45
1,401298E-45
1,401298E-45
1,401298E-45
1,401298E-45
1,401298E-45
1,401298E-45
1,401298E-45
0
0
0
0,03351843
0,03351843
0,03351843
0,03351843
0,03351843
0,03351843
0,06688473
0,1333752
0,1333752
0,20046
0,2337486
0,2668219
0,2999521
0,2994504
0,3328907
0,3328907
0,3328907
0,3328907
0,3664818
0,4666891
0,4335679
0,5000778
0,5004687
0,5338774
0,5672833
0,5673265
0,6005413
0,6007788
0,5674855
0,5674855
0,6335902
0,6335902
0,6335902
0,5665768
0,5665768
0,4664364
0,4329462
0,3995379
0,3663034
0,3663034
0,2662419
0,1661295
0,1661295
0,1995702
0,1995702
0,1660773
0,2333572
0,1339726
0,1339726
0,1674308
0,2007094
0,2338307
0,2338307
0,2670822
0,3002178
0,3672809
0,5009789
0,5009789
0,4340915
0,5343896
0,5006284
0,5006284
0,5664851
0,5330272
0,466627
0,566647
0,566647
0,566647
0,6330578
0,599797
0,5994762
0,5323927
0,5322729
0,4990211
0,3326159
0,3326159
0,3326159
0,2995421
0,2327575
0,1661563
0,1661563
0,09974485
0,03328848
0,03328848
5,088702E-27
5,088702E-27
1,401298E-45
1,401298E-45
1,401298E-45
1,401298E-45
1,401298E-45
1,401298E-45
1,401298E-45
1,401298E-45
1,401298E-45
1,401298E-45
1,401298E-45
1,401298E-45
0
0
0,03351843
0,03351843
0,03351843
0,03351843
0,03351843
0,06663962
0,1334354
0,20046
0,2668219
0,2668219
0,2998384
0,2663202
0,3328907
0,3328907
0,3328907
0,3328907
0,3328907
0,3328907
0,3333607
0,4334613
0,5339121
0,6005271
0,5002142
0,5006336
0,5675241
0,6340554
0,6006145
0,6006145
0,6007197
0,6007197
0,6335902
0,6335902
0,6335902
0,5665768
0,5330874
0,3995379
0,3657768
0,3657768
0,2659377
0,2327233
0,1660132
0,1328776
0,09938477
0,1327542
0,1327542
0,06624062
0,09956345
0,06669234
0,1004541
0,1674308
0,1674308
0,1674308
0,2007094
0,2338307
0,2669662
0,2669662
0,3337452
0,3671522
0,4006898
0,5012012
0,4676829
0,5008979
0,5672615
0,5000412
0,5663502
0,633047
0,5999239
0,566647
0,5997772
0,6000077
0,5666702
0,5664599
0,6327649
0,5991096
0,3991023
0,3991023
0,3658507
0,2995421
0,2327575
0,1661563
0,1661563
0,1330257
0,0995858
0,0995858
5,206587E-27
5,206587E-27
1,401298E-45
1,401298E-45
1,401298E-45
1,401298E-45
1,401298E-45
1,401298E-45
1,401298E-45
1,401298E-45
1,401298E-45
1,401298E-45
1,401298E-45
1,401298E-45
0,03351843
0,03351843
0,03351843
0,03351843
0,03351843
0,03351843
0,1003172
0,1667271
0,2331665
0,2668219
0,2998384
0,2663202
0,2994504
0,2994504
0,3328907
0,3328907
0,3328907
0,3666522
0,433599
0,4670216
0,500801
0,6007081
0,5342565
0,6341967
0,6007788
0,66729
0,6338504
0,6338504
0,6007197
0,6007197
0,6335902
0,6335902
0,5999985
0,5665768
0,4997924
0,4330292
0,3657768
0,2990833
0,2327334
0,1992401
0,09938477
0,09938477
0,03287119
0,03287119
0,03287119
0,03287119
0,03287119
0,03336938
0,06669234
0,06669234
0,06669234
0,06669234
0,06669234
0,1674308
0,1674308
0,2005518
0,2005518
0,2338307
0,2669662
0,2669662
0,3674002
0,4008908
0,4008908
0,4342025
0,4676829
0,4676829
0,6004953
0,4999533
0,4668321
0,5334117
0,566647
0,6000134
0,6331442
0,599797
0,5994762
0,5658204
0,5322729
0,5322729
0,4990584
0,3658672
0,3658672
0,2329411
0,2329411
0,1661563
0,1661563
0,1661563
5,206587E-27
5,206587E-27
1,401298E-45
1,401298E-45
1,401298E-45
1,401298E-45
1,401298E-45
1,401298E-45
1,401298E-45
1,401298E-45
1,401298E-45
0,03351843
0,03351843
0,03351843
0,03351843
0,03351843
0,03351843
0,03351843
0,06688785
0,1663708
0,2668219
0,2998384
0,2998384
0,3329693
0,3329693
0,2994504
0,2994504
0,2994504
0,3328907
0,4665895
0,5000117
0,5337732
0,5338925
0,56733
0,5342565
0,6009815
0,6008248
0,6340384
0,66729
0,6670315
0,6335902
0,6335902
0,6335902
0,6335902
0,5665768
0,4997924
0,4663847
0,3995379
0,3662155
0,2995223
0,2326251
0,1658511
0,1326364
0,0661227
0,03287119
0,03287119
0,03287119
0,03287119
6,095459E-22
6,095459E-22
6,095459E-22
6,095459E-22
6,095459E-22
6,095459E-22
0,03336938
0,03336938
0,03336938
0,1339726
0,1339726
0,1339726
0,1674308
0,2005518
0,2005518
0,2338307
0,2338307
0,2669662
0,2669662
0,4675718
0,4675718
0,4342025
0,5343896
0,5006284
0,5006284
0,5998083
0,5332279
0,5333161
0,6331442
0,6332886
0,6333056
0,6333056
0,6326914
0,5993339
0,5324659
0,4655648
0,4655648
0,2661759
0,2661759
0,1993914
0,1661563
0,1661563
5,206587E-27
5,206587E-27
1,401298E-45
1,401298E-45
1,401298E-45
1,401298E-45
1,401298E-45
1,401298E-45
1,401298E-45
0,03351843
0,03351843
0,03351843
0,03351843
0,03351843
0,03351843
0,06688785
0,06688785
0,1666637
0,2003191
0,2333928
0,2668219
0,3329693
0,2994504
0,2994504
0,2994504
0,2994504
0,4329981
0,4665895
0,53347
0,6006398
0,6005543
0,5672675
0,6009616
0,6005413
0,6670548
0,6670548
0,6670315
0,6335902
0,6335902
0,6335902
0,6335902
0,5999985
0,5665768
0,4997924
0,4330292
0,3324535
0,3324535
0,2326251
0,199344
0,1660654
0,1328509
0,03287119
0,03287119
0,03287119
0,03287119
0,03287119
6,095418E-22
6,095418E-22
6,095418E-22
6,095418E-22
6,095418E-22
6,095418E-22
6,095418E-22
6,095418E-22
6,095418E-22
6,095418E-22
0,03336938
0,03336938
0,03336938
0,1006495
0,1339726
0,1339726
0,1674308
0,2338307
0,2338307
0,2338307
0,2338307
0,3004571
0,3004571
0,4008908
0,5344354
0,5344354
0,5007994
0,5667338
0,5667338
0,5998958
0,6000134
0,6000134
0,6334525
0,699864
0,6995434
0,6661208
0,6326914
0,5658417
0,5658417
0,3325016
0,3325016
0,2661759
0,2329411
0,1661563
0,03328848
0,03328848
1,401298E-45
1,401298E-45
1,401298E-45
1,401298E-45
1,401298E-45
1,401298E-45
1,401298E-45
0,03351843
0,03351843
0,03351843
0,06688785
0,06688785
0,06688785
0,1670308
0,1670308
0,2668219
0,2999521
0,3329693
0,3329693
0,3329693
0,2994504
0,3328907
0,5003514
0,5003514
0,5337732
0,5672815
0,6340066
0,6010516
0,6005413
0,6005413
0,6338208
0,6340554
0,6670315
0,6670315
0,6670315
0,6335902
0,6335902
0,5999985
0,4997924
0,4997924
0,4333011
0,3662165
0,2995739
0,2660832
0,1660308
0,0993577
0,06610601
0,06610601
0,06610601
7,987401E-44
7,987401E-44
7,987401E-44
7,987401E-44
7,987401E-44
7,987401E-44
7,987401E-44
7,987401E-44
1,853881E-31
1,853881E-31
1,853881E-31
1,853881E-31
1,853881E-31
1,853881E-31
1,853881E-31
1,853881E-31
1,853881E-31
1,853881E-31
0,06688785
0,06688785
0,1006495
0,1674308
0,1674308
0,1674308
0,2338307
0,2338307
0,2669662
0,2669662
0,3003886
0,4007163
0,4340718
0,4674238
0,5003904
0,5002734
0,6331761
0,6665
0,6665
0,6333355
0,6664255
0,6663055
0,6997448
0,666254
0,6661208
0,6661208
0,4321784
0,4321784
0,2661759
0,2329411
0,1661563
0,1328754
0,1328754
1,401298E-45
1,401298E-45
1,401298E-45
1,401298E-45
1,401298E-45
1,401298E-45
1,401298E-45
0,03351843
0,03351843
0,03351843
0,1005433
0,1336644
0,1336644
0,1670308
0,1670308
0,2998384
0,3329693
0,3329693
0,2994504
0,3666522
0,4337366
0,4671589
0,5672665
0,5673623
0,6008206
0,6673625
0,6669734
0,6338465
0,6670282
0,6340117
0,66729
0,66729
0,6670315
0,6335902
0,5999985
0,5665768
0,5328155
0,5328155
0,4660305
0,4326232
0,2991833
0,2658598
0,1991318
0,1659173
0,03287119
0,03287119
0,03287119
0,03287119
0,03287119
7,987401E-44
7,987401E-44
7,987401E-44
7,987401E-44
7,987401E-44
7,987401E-44
1,853881E-31
1,853881E-31
1,853881E-31
1,853881E-31
1,853881E-31
1,853881E-31
1,853881E-31
1,853881E-31
1,853881E-31
1,853881E-31
1,853881E-31
1,853881E-31
0,03336938
0,03336938
0,06688785
0,1002108
0,1002108
0,1674308
0,2007094
0,2007094
0,2669662
0,2669662
0,2669662
0,3004571
0,3672357
0,4006648
0,4340718
0,4343581
0,6336856
0,6332492
0,6665
0,6333355
0,6664255
0,6663055
0,6997448
0,6997448
0,7330331
0,7330331
0,5325622
0,5325622
0,2994278
0,2661928
0,1994079
0,1328754
0,1328754
1,401298E-45
1,401298E-45
1,401298E-45
1,401298E-45
1,401298E-45
0,03351843
0,03351843
0,03351843
0,03351843
0,03351843
0,1005433
0,1336644
0,2330429
0,2995401
0,2995401
0,3329693
0,2994504
0,3329436
0,3329436
0,5336748
0,5672665
0,6340058
0,6674143
0,6672728
0,6673417
0,7009034
0,733736
0,7335907
0,7001624
0,6670315
0,6670315
0,6670315
0,6334395
0,5665768
0,5665768
0,4997924
0,4660305
0,3991305
0,232367
0,1990863
0,1658511
0,1325995
0,06608566
0,03287119
0,03287119
0,03287119
0,03287119
7,987401E-44
7,987401E-44
7,987401E-44
7,987401E-44
7,987401E-44
7,987401E-44
7,987401E-44
7,987401E-44
1,853881E-31
1,853881E-31
1,853881E-31
1,853881E-31
1,853881E-31
1,853881E-31
1,853881E-31
1,853881E-31
1,853881E-31
1,853881E-31
0
0
0
0
0,03336938
0,03336938
0,03336938
0,1006495
0,1006495
0,1006495
0,1672291
0,2338307
0,2338307
0,2669662
0,2669662
0,3338859
0,3338859
0,4343202
0,6339086
0,6001459
0,5665097
0,5665517
0,6997487
0,6997487
0,699864
0,6667284
0,7330331
0,7330331
0,5659698
0,5659698
0,3325016
0,3325016
0,2657165
0,1328754
0,1328754
1,401298E-45
1,401298E-45
1,401298E-45
1,401298E-45
1,401298E-45
0,03351843
0,03351843
0,03351843
0,03351843
0,06663962
0,2003191
0,2334497
0,2995401
0,3329693
0,3329693
0,3664619
0,4330512
0,5002545
0,5335338
0,6004138
0,7003563
0,7004562
0,8003784
0,766847
0,7005408
0,6669101
0,6670315
0,6670315
0,6670315
0,6670315
0,6670315
0,6335902
0,5999985
0,4664695
0,3658073
0,232367
0,1990863
0,1990863
0,1658511
0,09933738
0,0661227
0,03287119
7,987401E-44
7,987401E-44
7,987401E-44
7,987401E-44
7,987401E-44
7,987401E-44
7,987401E-44
7,987401E-44
7,987401E-44
7,987401E-44
7,987401E-44
1,853881E-31
1,853881E-31
1,853881E-31
1,853881E-31
1,853881E-31
1,853881E-31
1,853881E-31
1,853881E-31
1,853881E-31
1,853881E-31
0
0
0
0
0
0
0
0
0
0,0671311
0,0671311
0,1006495
0,1341077
0,2007094
0,2007094
0,2669662
0,2669662
0,2669662
0,2669662
0,334044
0,467738
0,467332
0,5337981
0,6998393
0,7330164
0,6666164
0,6666164
0,666611
0,7663574
0,7330331
0,6662445
0,6662445
0,4654359
0,43208
0,3652953
0,1661563
0,1661563
1,401298E-45
1,401298E-45
1,401298E-45
1,401298E-45
1,401298E-45
0,03351843
0,03351843
0,06663962
0,1667951
0,1667951
0,2999521
0,2999521
0,3329693
0,3329693
0,3996753
0,4669299
0,5002545
0,5672665
0,6668984
0,7338259
0,8672374
0,8002124
0,7667214
0,7666062
0,7004606
0,6670315
0,6670315
0,6670315
0,6335902
0,6335902
0,5332144
0,4660305
0,4326232
0,3328089
0,266081
0,1326822
0,09940162
0,0661227
0,0661227
0
7,987401E-44
7,987401E-44
7,987401E-44
7,987401E-44
7,987401E-44
7,987401E-44
7,987401E-44
7,987401E-44
7,987401E-44
7,987401E-44
7,987401E-44
7,987401E-44
7,987401E-44
1,853881E-31
1,853881E-31
1,853881E-31
1,853881E-31
1,853881E-31
1,853881E-31
1,853881E-31
1,853881E-31
1,853881E-31
1,853881E-31
0
0
0
0
0
0
0
0
0
0
0
0,03376169
0,1005893
0,1674308
0,1674308
0,2338307
0,2338307
0,2669662
0,2669662
0,2669662
0,367252
0,4002695
0,4671394
0,60028
0,7335958
0,7333908
0,733107
0,6997487
0,7994916
0,7661698
0,6996681
0,6996681
0,599514
0,5327346
0,5327346
0,2661928
0,2661928
1,401298E-45
1,401298E-45
1,401298E-45
1,401298E-45
1,401298E-45
0,03351843
0,03351843
0,09992822
0,2000834
0,2000834
0,3329693
0,3329693
0,433664
0,433664
0,5336748
0,6004807
0,6337624
0,7007865
0,7339201
0,7672228
0,8339488
0,8001755
0,7669572
0,7001624
0,6670315
0,6670315
0,6335902
0,5998293
0,5664054
0,5664054
0,3992146
0,3657567
0,3323487
0,2326429
0,1328483
0,0661227
0,03287119
0,03287119
0,03287119
7,987401E-44
7,987401E-44
7,987401E-44
7,987401E-44
7,987401E-44
7,987401E-44
7,987401E-44
7,987401E-44
7,987401E-44
7,987401E-44
7,987401E-44
7,987401E-44
7,987401E-44
1,853881E-31
1,853881E-31
1,853881E-31
1,853881E-31
1,853881E-31
1,853881E-31
1,853881E-31
1,853881E-31
1,853881E-31
1,853881E-31
1,853881E-31
0
0
0
0
0
0
0
0
0
0
0
0,03376169
0,0671311
0,1006495
0,1341077
0,1673868
0,2007094
0,2669662
0,2669662
0,2669662
0,3338236
0,4006018
0,4676864
0,5670641
0,7003812
0,7666693
0,7663864
0,733026
0,7994916
0,7994916
0,73299
0,73299
0,6329424
0,5661631
0,5661631
0,2661928
0,2661928
6,989477E-21
1,401298E-45
1,401298E-45
0,03351843
0,03351843
0,1334256
0,1334256
0,1667141
0,266523
0,266523
0,3664619
0,4665697
0,5671937
0,6004742
0,6004138
0,7339201
0,7339201
0,8332623
0,8663482
0,8664162
0,7999772
0,7334754
0,7004606
0,6670315
0,6670315
0,6335373
0,5666769
0,3992146
0,3657567
0,3657567
0,265935
0,1992978
0,166063
0,0661227
0
7,987401E-44
7,987401E-44
7,987401E-44
7,987401E-44
7,987401E-44
7,987401E-44
7,987401E-44
7,987401E-44
7,987401E-44
7,987401E-44
7,987401E-44
7,987401E-44
7,987401E-44
7,987401E-44
0
1,853881E-31
1,853881E-31
1,853881E-31
1,853881E-31
1,853881E-31
1,853881E-31
1,853881E-31
1,853881E-31
1,853881E-31
1,853881E-31
1,853881E-31
0
0
0
0
0
0
0
0
0
0
0
0
0
0,03376169
0,03376169
0,03376169
0,1005893
0,1673868
0,1673868
0,2005222
0,2338451
0,2669662
0,3003327
0,3003327
0,367252
0,433504
0,5339442
0,7335951
0,6998538
0,799516
0,8659832
0,8328624
0,73299
0,73299
0,6996681
0,6996681
0,6996681
0,2992659
0,2992659
6,989477E-21
1,401298E-45
1,401298E-45
0,03351843
0,03351843
0,1667951
0,1667951
0,2331001
0,3663562
0,3663562
0,5336893
0,6004742
0,6675248
0,7338745
0,733592
0,8667527
0,8667527
0,9001083
0,8663353
0,7669014
0,6670315
0,6670315
0,6335373
0,6335373
0,432806
0,3992146
0,3324755
0,3324755
0,2327697
0,2327697
0,09935781
0,0661227
0,03325158
0,03325158
0
7,987401E-44
7,987401E-44
7,987401E-44
7,987401E-44
7,987401E-44
7,987401E-44
7,987401E-44
7,987401E-44
7,987401E-44
7,987401E-44
7,987401E-44
7,987401E-44
7,987401E-44
1,853881E-31
1,853881E-31
1,853881E-31
1,853881E-31
1,853881E-31
1,853881E-31
1,853881E-31
1,853881E-31
1,853881E-31
1,853881E-31
1,853881E-31
0
0
0
0
0
0
0
0
0
0
0
0
0
0
0
0
1,401298E-45
1,401298E-45
0,06722
0,1004988
0,1004988
0,1673868
0,1673868
0,2005076
0,2670101
0,3003327
0,367252
0,4001482
0,4338034
0,6334545
0,7333729
0,8330349
0,8995019
0,8328624
0,7661258
0,7661258
0,73299
0,73299
0,6996681
0,3326221
0,3326221
6,989477E-21
1,401298E-45
1,401298E-45
0,06664898
0,06664898
0,2669431
0,2669431
0,3671605
0,533771
0,533771
0,7004178
0,7004178
0,7664623
0,7999536
0,8333094
0,9001083
0,9002284
0,8338675
0,7334754
0,6666982
0,5997762
0,5329145
0,4325375
0,4325375
0,3992146
0,3328648
0,1995345
0,09961349
0,03287119
0,03287119
0
0
0
0
0
7,987401E-44
7,987401E-44
7,987401E-44
7,987401E-44
7,987401E-44
7,987401E-44
7,987401E-44
7,987401E-44
7,987401E-44
7,987401E-44
7,987401E-44
1,853881E-31
1,853881E-31
1,853881E-31
1,853881E-31
1,853881E-31
1,853881E-31
1,853881E-31
1,853881E-31
1,853881E-31
1,853881E-31
1,853881E-31
0
0
0
0
0
0
0
0
0
0
0
0
0
0
0
0
0
4,502038E-24
4,502038E-24
4,502038E-24
0,06722
0,06722
0,06722
0,06722
0,1004988
0,1669893
0,2670101
0,3003327
0,3003327
0,2665708
0,3002265
0,6000317
0,7333729
0,8330349
0,9327801
0,9327801
0,8661345
0,7994946
0,73299
0,73299
0,6996681
0,4321149
0,4321149
6,989477E-21
1,401298E-45
1,401298E-45
0,1667141
0,1667141
0,3337778
0,4338858
0,5337641
0,6668255
0,6668255
0,833471
0,833471
0,9332302
0,9333604
0,9333604
0,9333604
0,8332046
0,766844
0,7334754
0,533053
0,4661297
0,4661297
0,3992146
0,299584
0,2328904
0,06660751
0,03325158
0,03325158
0
0
0
0
0
7,987401E-44
7,987401E-44
7,987401E-44
7,987401E-44
7,987401E-44
7,987401E-44
7,987401E-44
7,987401E-44
7,987401E-44
7,987401E-44
7,987401E-44
7,987401E-44
0
1,853881E-31
1,853881E-31
1,853881E-31
1,853881E-31
1,853881E-31
1,853881E-31
1,853881E-31
1,853881E-31
1,853881E-31
1,853881E-31
1,853881E-31
0
0
0
0
0
0
0
0
0
0
0
0
0
0
0
0
1,401298E-45
4,502038E-24
4,502038E-24
4,502038E-24
0,03376169
0,03376169
0,06722
0,06722
0,1004988
0,1004988
0,1673836
0,2338275
0,3003327
0,2665708
0,3002265
0,5669588
0,666944
0,7666048
0,9327801
0,9327801
0,8661345
0,8661345
0,8330002
0,7663614
0,7330366
0,4991993
0,4991993
6,989477E-21
0,03351843
0,03351843
0,200037
0,200037
0,4003819
0,4671666
0,5670449
0,6668255
0,6668255
0,9001303
0,9001303
0,9664835
0,9333604
0,9333604
0,900072
0,7999177
0,7003347
0,6669685
0,4662351
0,432806
0,3660677
0,2991971
0,1993562
0,1661213
0,06660751
0
0
0
0
0
0
0
7,987401E-44
7,987401E-44
7,987401E-44
7,987401E-44
7,987401E-44
7,987401E-44
7,987401E-44
7,987401E-44
7,987401E-44
7,987401E-44
7,987401E-44
1,853881E-31
1,853881E-31
1,853881E-31
1,853881E-31
1,853881E-31
1,853881E-31
1,853881E-31
1,853881E-31
1,853881E-31
1,853881E-31
1,853881E-31
0
0
0
0
0
0
0
0
0
0
0
0
0
0
0
0
0
0
1,401298E-45
4,502038E-24
4,502038E-24
4,502038E-24
0,03376169
0,03376169
0,06722
0,06722
0,06722
0,06722
0,1338649
0,1338649
0,2338884
0,2332479
0,3002265
0,5665675
0,666552
0,766215
0,9327801
0,9327801
0,8661345
0,8661345
0,8330002
0,7663614
0,7330366
0,53269
0,53269
6,989477E-21
0,1334256
0,1334256
0,3006614
0,3006614
0,5666111
0,6333956
0,7000889
0,833471
0,833471
0,9667653
0,9336439
0,900072
0,8332853
0,8332853
0,733353
0,6666611
0,5330213
0,4663098
0,3660677
0,232635
0,1993999
0,09984242
0,09984242
0,06648649
0,03325158
0
0
0
0
0
7,987401E-44
7,987401E-44
7,987401E-44
7,987401E-44
7,987401E-44
7,987401E-44
7,987401E-44
7,987401E-44
7,987401E-44
7,987401E-44
7,987401E-44
1,853881E-31
1,853881E-31
1,853881E-31
1,853881E-31
1,853881E-31
1,853881E-31
1,853881E-31
1,853881E-31
1,853881E-31
1,853881E-31
1,853881E-31
0
0
0
0
0
0
0
0
0
0
0
0
0
0
0
0
0
0
0
0
1,401298E-45
4,502038E-24
4,502038E-24
4,502038E-24
0,03376169
0,03376169
0,06722
0,06722
0,06722
0,06722
0,1338649
0,1338649
0,2338884
0,2338884
0,267211
0,4668262
0,566811
0,7333432
0,9327801
0,9327801
0,8661345
0,8661345
0,8330002
0,7994815
0,7994815
0,5994357
0,5994357
6,989477E-21
0,2002072
0,2002072
0,4673256
0,4673256
0,7671421
0,7671421
0,833955
0,9002343
0,9002343
0,9999987
0,9668782
0,8665803
0,7997943
0,7997943
0,6995914
0,5661147
0,4326443
0,299584
0,2328904
0,09984242
0,06648649
0,03325158
0
0
0
0
0
0
0
0
7,987401E-44
7,987401E-44
7,987401E-44
7,987401E-44
7,987401E-44
7,987401E-44
7,987401E-44
7,987401E-44
7,987401E-44
1,853881E-31
1,853881E-31
1,853881E-31
1,853881E-31
1,853881E-31
1,853881E-31
1,853881E-31
1,853881E-31
1,853881E-31
1,853881E-31
1,853881E-31
1,853881E-31
0
0
0
0
0
0
0
0
0
0
0
0
0
0
0
0
0
0
4,502038E-24
4,502038E-24
4,502038E-24
4,502038E-24
4,502038E-24
4,502038E-24
4,502038E-24
4,502038E-24
4,502038E-24
0,06722
0,06722
0,06722
0,06722
0,1338649
0,1338649
0,1670005
0,1670005
0,267211
0,3999063
0,4998898
0,7333432
0,9327801
0,9327801
0,8661345
0,8661345
0,8661345
0,8661345
0,8661345
0,5664189
0,5664189
6,989477E-21
0,2335301
0,2335301
0,6003789
0,6003789
0,8668252
0,8668252
0,8668252
0,9002343
0,8667168
0,9664835
0,9002284
0,7996857
0,7326624
0,6324769
0,4996861
0,3996211
0,2669075
0,2334775
0,1666633
0,06648649
0,03323489
0
0
0
0
0
0
7,987401E-44
7,987401E-44
7,987401E-44
7,987401E-44
7,987401E-44
7,987401E-44
7,987401E-44
7,987401E-44
7,987401E-44
7,987401E-44
7,987401E-44
7,987401E-44
1,853881E-31
1,853881E-31
1,853881E-31
1,853881E-31
1,853881E-31
1,853881E-31
1,853881E-31
1,853881E-31
1,853881E-31
1,853881E-31
1,853881E-31
1,853881E-31
0
0
0
0
0
0
0
0
0
0
0
0
0
0
0
0
0
0
4,502038E-24
4,502038E-24
4,502038E-24
4,502038E-24
4,502038E-24
4,502038E-24
4,502038E-24
4,502038E-24
4,502038E-24
0,06722
0,06722
0,06722
0,06722
0,1338649
0,1338649
0,1670005
0,1670005
0,267211
0,3999063
0,4664681
0,699922
0,9327801
0,9327801
0,8661345
0,8661345
0,8661345
0,8661345
0,8661345
0,599789
0,599789
6,989477E-21
0,2335301
0,2335301
0,6664842
0,6664842
0,9002343
0,9002343
0,9002343
0,9667653
0,9001248
0,899703
0,8665751
0,7660308
0,6992956
0,4990907
0,3330593
0,2997782
0,1666854
0,09976535
0,09976535
0,03325158
0
0
0
0
0
7,987401E-44
7,987401E-44
7,987401E-44
7,987401E-44
7,987401E-44
7,987401E-44
7,987401E-44
7,987401E-44
7,987401E-44
7,987401E-44
7,987401E-44
7,987401E-44
1,853881E-31
1,853881E-31
1,853881E-31
1,853881E-31
1,853881E-31
1,853881E-31
1,853881E-31
1,853881E-31
1,853881E-31
1,853881E-31
1,853881E-31
1,853881E-31
0
0
0
0
0
0
0
0
0
0
0
0
0
0
0
0
0
0
1,401298E-45
1,401298E-45
4,502038E-24
4,502038E-24
4,502038E-24
4,502038E-24
4,502038E-24
4,502038E-24
4,502038E-24
4,502038E-24
4,502038E-24
0,06722
0,06722
0,06722
0,06722
0,1338649
0,1338649
0,1338649
0,1668817
0,2002509
0,2999441
0,4333469
0,699922
0,9327801
0,9327801
0,899414
0,899414
0,8661345
0,8661345
0,8661345
0,6333072
0,6333072
6,989477E-21
0,2672917
0,2672917
0,8000417
0,8000417
0,9002343
0,9002343
0,9002343
0,9667653
0,9001248
0,8329247
0,7997943
0,6660951
0,599358
0,4325585
0,2326807
0,1993999
0,09976535
0,06651366
0,06651366
1,401298E-45
0
0
0
0
0
7,987401E-44
7,987401E-44
7,987401E-44
7,987401E-44
7,987401E-44
7,987401E-44
7,987401E-44
7,987401E-44
7,987401E-44
7,987401E-44
1,853881E-31
1,853881E-31
1,853881E-31
1,853881E-31
1,853881E-31
1,853881E-31
1,853881E-31
1,853881E-31
1,853881E-31
1,853881E-31
1,853881E-31
1,853881E-31
0
0
0
0
0
0
0
0
0
0
0
0
0
0
0
0
0
0
4,502038E-24
4,502038E-24
4,502038E-24
4,502038E-24
4,502038E-24
4,502038E-24
4,502038E-24
4,502038E-24
4,502038E-24
4,502038E-24
4,502038E-24
4,502096E-24
4,502096E-24
0,06722
0,06722
0,06722
0,06722
0,1005863
0,1005863
0,1005863
0,1668817
0,2002509
0,2999441
0,4333469
0,699922
0,9327801
0,9327801
0,899414
0,899414
0,8661345
0,8661345
0,8661345
0,6664291
0,6664291
6,989477E-21
0,5003098
0,5003098
0,8333984
0,8333984
0,9002343
0,9002343
0,9002343
0,9667653
0,9001248
0,8329247
0,7664693
0,632773
0,4664059
0,2995719
0,1331727
0,1331727
0,06648649
0,03323489
0,03323489
1,401298E-45
0
0
0
7,987401E-44
7,987401E-44
7,987401E-44
7,987401E-44
7,987401E-44
7,987401E-44
7,987401E-44
7,987401E-44
7,987401E-44
7,987401E-44
1,853881E-31
1,853881E-31
1,853881E-31
1,853881E-31
1,853881E-31
1,853881E-31
1,853881E-31
1,853881E-31
1,853881E-31
1,853881E-31
1,853881E-31
1,853881E-31
0
0
0
0
0
0
0
0
0
0
0
0
0
0
0
0
0
0
0
0
4,502038E-24
4,502038E-24
4,502038E-24
4,502038E-24
4,502038E-24
4,502038E-24
4,502038E-24
4,502038E-24
4,502038E-24
4,502038E-24
4,502038E-24
4,502096E-24
4,502096E-24
0,06722
0,06722
0,06722
0,06722
0,1005863
0,1005863
0,1005863
0,1668817
0,1668817
0,2665746
0,4334362
0,7333794
0,9327801
0,9327801
0,899414
0,899414
0,8661345
0,8331181
0,8331181
0,6664291
0,6664291
6,989477E-21
0,6671047
0,6671047
0,8333984
0,8333984
0,9334861
0,9334861
0,9334861
0,9667653
0,9001248
0,7991614
0,7327095
0,5336492
0,3337925
0,2001933
0,09976535
0,09976535
0,06648649
0,03323489
0,03323489
1,401298E-45
7,987401E-44
7,987401E-44
7,987401E-44
7,987401E-44
7,987401E-44
7,987401E-44
7,987401E-44
7,987401E-44
7,987401E-44
7,987401E-44
7,987401E-44
1,853881E-31
1,853881E-31
1,853881E-31
1,853881E-31
1,853881E-31
1,853881E-31
1,853881E-31
1,853881E-31
1,853881E-31
1,853881E-31
1,853881E-31
1,853881E-31
0
0
0
0
0
0
0
0
0
0
0
0
0
0
0
0
0
0
0
0
0
1,401298E-45
4,502038E-24
4,502038E-24
4,502038E-24
4,502038E-24
4,502038E-24
4,502038E-24
4,502038E-24
4,502038E-24
4,502096E-24
4,502096E-24
4,502096E-24
4,502096E-24
4,502096E-24
0,06722
0,1005863
0,1005863
0,1005863
0,1005863
0,1336027
0,1336027
0,1668817
0,1668817
0,2996481
0,4664305
0,7663754
0,8992609
0,9327801
0,899414
0,899414
0,8661345
0,8331181
0,8331181
0,699565
0,699565
0
0,7669233
0,7669233
0,8333984
0,8333984
0,9667653
0,9667653
0,9667653
0,9667653
0,9001248
0,6661618
0,5329231
0,2999543
0,1666021
0,1666021
0,09976535
0,09976535
0,06648649
0,03323489
0,03323489
1,401298E-45
7,987401E-44
7,987401E-44
7,987401E-44
7,987401E-44
7,987401E-44
7,987401E-44
7,987401E-44
7,987401E-44
7,987401E-44
7,987401E-44
7,987401E-44
1,853881E-31
1,853881E-31
1,853881E-31
1,853881E-31
1,853881E-31
1,853881E-31
1,853881E-31
1,853881E-31
1,853881E-31
1,853881E-31
1,853881E-31
1,853881E-31
0
0
0
0
0
0
0
0
0
0
0
0
0
0
0
0
0
0
0
0
0
1,401298E-45
4,502038E-24
4,502038E-24
4,502038E-24
4,502038E-24
4,502038E-24
4,502038E-24
4,502038E-24
4,502038E-24
4,502096E-24
4,502096E-24
4,502096E-24
4,502096E-24
4,505867E-24
0,06722
0,1005863
0,1005863
0,1005863
0,1005863
0,1336027
0,1336027
0,2004731
0,3005386
0,3997136
0,4997116
0,7332535
0,8661408
0,9327801
0,899414
0,899414
0,8661345
0,8331181
0,8331181
0,699565
0,699565
0
0,7669233
0,7669233
0,8668045
0,8668045
0,9667653
0,9667653
0,9667653
0,9667653
0,9332468
0,6328989
0,4665392
0,2332492
0,1666021
0,1666021
0,09976535
0,06651366
0,03323489
0,03323489
0,03323489
1,401298E-45
7,987401E-44
7,987401E-44
7,987401E-44
7,987401E-44
7,987401E-44
7,987401E-44
7,987401E-44
7,987401E-44
7,987401E-44
7,987401E-44
7,987401E-44
1,853881E-31
1,853881E-31
1,853881E-31
1,853881E-31
1,853881E-31
1,853881E-31
1,853881E-31
1,853881E-31
1,853881E-31
1,853881E-31
0
0
0
0
0
0
0
0
0
0
0
0
0
0
0
0
0
0
0
4,502038E-24
4,502038E-24
4,502038E-24
4,502038E-24
4,502038E-24
4,502038E-24
4,502038E-24
4,502038E-24
4,502038E-24
4,502038E-24
4,502096E-24
4,502096E-24
4,502096E-24
5,903092E-29
5,903092E-29
5,903092E-29
5,903092E-29
3,957044E-27
0,03376169
0,06712797
0,06712797
0,1005863
0,1005863
0,1336027
0,1336027
0,2004731
0,3005386
0,4331213
0,5331203
0,7666592
0,8661408
0,9327801
0,899414
0,899414
0,8325429
0,799527
0,799527
0,699565
0,699565
0
0,7672598
0,7672598
0,8668045
0,8668045
0,9667653
0,9667653
0,9667653
0,9667653
0,9332468
0,5660008
0,4327719
0,1994609
0,1331945
0,1331945
0,06648649
0,03323489
0,03323489
0,03323489
0,03323489
7,987401E-44
7,987401E-44
7,987401E-44
7,987401E-44
7,987401E-44
7,987401E-44
7,987401E-44
7,987401E-44
7,987401E-44
7,987401E-44
1,853881E-31
1,853881E-31
1,853881E-31
1,853881E-31
1,853881E-31
1,853881E-31
1,853881E-31
1,853881E-31
1,853881E-31
1,853881E-31
0
0
0
0
0
0
0
0
0
0
0
0
0
0
0
0
0
0
0
0
0
4,502038E-24
4,502038E-24
4,502038E-24
4,502038E-24
4,502038E-24
4,502038E-24
4,502038E-24
4,502038E-24
4,502096E-24
4,502096E-24
4,502096E-24
4,502096E-24
4,502096E-24
5,903092E-29
5,903092E-29
3,839164E-27
3,839164E-27
3,957044E-27
0,03376169
0,06712797
0,1001445
0,1336027
0,1668817
0,1668817
0,1668817
0,266943
0,3670083
0,4332203
0,4999837
0,733295
0,8327747
0,899414
0,8663978
0,8663978
0,799527
0,799527
0,799527
0,5996437
0,5996437
0
0,7334986
0,7334986
0,8668045
0,8668045
0,9667653
0,9667653
0,9667653
0,9667653
0,9332468
0,5330625
0,432954
0,232582
0,1331945
0,1331945
0,06648649
0,03323489
0,03323489
0,03323489
0,03323489
7,987401E-44
7,987401E-44
7,987401E-44
7,987401E-44
7,987401E-44
7,987401E-44
7,987401E-44
7,987401E-44
1,853881E-31
1,853881E-31
1,853881E-31
1,853881E-31
1,853881E-31
1,853881E-31
1,853881E-31
1,853881E-31
1,853881E-31
1,853881E-31
0
0
0
0
0
0
0
0
0
0
0
0
0
0
0
0
0
0
0
0
0
0
0
4,502038E-24
4,502038E-24
4,502038E-24
4,502038E-24
4,502038E-24
4,502038E-24
4,502038E-24
4,502038E-24
4,502096E-24
5,903092E-29
3,839164E-27
3,839164E-27
3,957044E-27
3,957044E-27
3,957044E-27
3,957044E-27
3,957044E-27
0,03336629
0,1001445
0,1001445
0,1001445
0,1336027
0,2004731
0,2004731
0,2004731
0,3334561
0,4999038
0,5997608
0,6330835
0,7665817
0,8327747
0,899414
0,8663978
0,8663978
0,799527
0,7662928
0,6995069
0,4995773
0,4995773
0
0,6672317
0,6672317
0,8668045
0,8668045
0,9667653
0,9667653
0,9667653
0,9667653
0,9332468
0,566654
0,4665459
0,232582
0,166325
0,166325
0,09961713
0,03323489
0,03323489
0,03323489
0,03323489
7,987401E-44
7,987401E-44
7,987401E-44
7,987401E-44
7,987401E-44
7,987401E-44
1,853881E-31
1,853881E-31
1,853881E-31
1,853881E-31
1,853881E-31
1,853881E-31
1,853881E-31
1,853881E-31
1,853881E-31
1,853881E-31
0
0
0
0
0
0
0
0
0
0
0
0
0
0
0
0
0
0
0
0
0
0
0
0
1,401298E-45
4,502038E-24
4,502038E-24
4,502096E-24
4,502096E-24
4,502096E-24
4,502096E-24
4,502096E-24
4,502096E-24
4,502096E-24
5,903092E-29
3,957044E-27
3,957044E-27
3,957044E-27
3,957044E-27
3,957044E-27
3,957044E-27
3,957044E-27
0,03336629
0,1001445
0,1001445
0,1001445
0,1336027
0,2004731
0,2672577
0,2672577
0,4002409
0,4999038
0,5997608
0,6330835
0,7665817
0,7997571
0,8663978
0,799527
0,799527
0,799527
0,7662928
0,6995069
0,4664473
0,4664473
0
0,6005039
0,6005039
0,8668045
0,8668045
0,9667653
0,9667653
0,9667653
0,9667653
0,9332468
0,5331956
0,4330875
0,232582
0,1994609
0,1994609
0,09961713
0,03323489
0,03323489
0,03323489
0,03323489
0,03323489
0,03323489
7,987401E-44
7,987401E-44
7,987401E-44
7,987401E-44
1,853881E-31
1,853881E-31
1,853881E-31
1,853881E-31
1,853881E-31
1,853881E-31
1,853881E-31
1,853881E-31
1,853881E-31
1,853881E-31
0
0
0
0
0
0
0
0
0
0
0
0
0
0
0
0
0
0
0
0
0
4,502038E-24
4,502038E-24
4,502038E-24
4,502038E-24
4,502038E-24
4,502038E-24
4,502096E-24
4,502096E-24
4,502096E-24
4,502096E-24
4,502096E-24
4,502096E-24
4,505867E-24
3,839164E-27
3,957044E-27
3,957044E-27
3,957044E-27
3,957044E-27
0,03336629
0,03336629
0,03336629
0,03336629
0,1336027
0,1336027
0,1336027
0,1336027
0,2335463
0,3335664
0,3335664
0,4669367
0,600255
0,6329208
0,7331173
0,8663281
0,8332756
0,8663978
0,799527
0,799527
0,7332196
0,6999848
0,6331991
0,3999076
0,3999076
0
0,6005039
0,6005039
0,833685
0,833685
0,9667653
0,9667653
0,9667653
0,9667653
0,9667653
0,6662832
0,5994978
0,3656889
0,2991933
0,2658704
0,1330463
0,06666432
0,06666432
0,03323489
0,03323489
0,03323489
0,03323489
7,987401E-44
7,987401E-44
1,853881E-31
1,853881E-31
1,853881E-31
1,853881E-31
1,853881E-31
1,853881E-31
1,853881E-31
1,853881E-31
1,853881E-31
1,853881E-31
1,853881E-31
1,853881E-31
0
0
0
0
0
0
0
0
0
0
0
0
0
0
0
0
0
4,502038E-24
4,502038E-24
4,502038E-24
4,502038E-24
4,502096E-24
4,502096E-24
4,502096E-24
4,502096E-24
4,502096E-24
4,502096E-24
4,502096E-24
4,505867E-24
4,505867E-24
3,957044E-27
3,957044E-27
3,957044E-27
3,957044E-27
3,957044E-27
3,957044E-27
3,957044E-27
3,957044E-27
9,585391E-27
0,03336629
0,03336629
0,1001445
0,1001445
0,1336027
0,1336027
0,2335463
0,2335463
0,266781
0,4002409
0,4669512
0,5671403
0,6671758
0,6331186
0,7333163
0,8333112
0,8332756
0,8663978
0,799527
0,799527
0,7332196
0,6665426
0,5997592
0,3664777
0,3664777
0
0,5001796
0,5001796
0,8005534
0,8005534
0,9667653
0,9667653
0,9667653
0,9667653
0,9667653
0,666702
0,666702
0,4995687
0,4326329
0,2990849
0,1661679
0,1329161
0,09979486
0,06636554
0,03323489
0,03323489
0,03323489
0,03323489
0,03323489
0,03323489
1,853881E-31
1,853881E-31
1,853881E-31
1,853881E-31
1,853881E-31
1,853881E-31
1,853881E-31
1,853881E-31
1,853881E-31
0
0
0
0
0
0
0
0
0
0
0
0
0
0
0
0
0
0
0
4,502038E-24
4,502096E-24
4,502096E-24
4,502096E-24
4,502096E-24
4,502096E-24
4,502096E-24
4,502096E-24
4,502096E-24
4,502096E-24
4,502096E-24
4,505867E-24
4,505867E-24
3,957044E-27
3,957044E-27
3,957044E-27
3,957044E-27
9,585391E-27
9,585391E-27
9,585391E-27
9,585867E-27
9,585867E-27
0,03336629
0,03336629
0,1001445
0,1001445
0,1336027
0,1336027
0,3003312
0,3003312
0,4004023
0,5002085
0,5667405
0,6335222
0,6671758
0,666609
0,7668081
0,8664334
0,8663978
0,8663978
0,799527
0,799527
0,5997462
0,5330707
0,5330707
0,2993038
0,2993038
0
0,4335752
0,4335752
0,7341294
0,7341294
0,9336439
0,9336439
0,9667653
0,9667653
0,9667653
0,7335271
0,7335271
0,6329502
0,5659286
0,5324891
0,3992586
0,2326187
0,1660516
0,09948661
0,06636554
0,06636554
0,03323489
0,03323489
0,03323489
0,03323489
1,853881E-31
1,853881E-31
1,853881E-31
1,853881E-31
1,853881E-31
1,853881E-31
1,853881E-31
0
0
0
0
0
0
0
0
0
0
0
0
0
0
0
0
0
0
0
0
0
4,502038E-24
4,502096E-24
4,502096E-24
4,502096E-24
4,502096E-24
4,502096E-24
4,502096E-24
4,502096E-24
3,839164E-27
3,839164E-27
3,839164E-27
9,585391E-27
9,585391E-27
9,585391E-27
9,585391E-27
9,585391E-27
9,585391E-27
9,585391E-27
9,585391E-27
9,585391E-27
0,03336629
0,06638274
0,06638276
0,06638276
0,1001445
0,1332181
0,1666762
0,1666762
0,3337393
0,4335061
0,5001702
0,5667405
0,5670297
0,6670228
0,7003927
0,7333356
0,7667176
0,8329765
0,8328058
0,8328058
0,7332202
0,7332202
0,5330179
0,4662892
0,4662892
0,2330767
0,2330767
0
0,3337182
0,3337182
0,6670982
0,6670982
0,8670852
0,8670852
0,9002051
0,9667653
0,9667653
0,8003898
0,8003898
0,766647
0,6662579
0,632818
0,3992586
0,2994034
0,2661247
0,2329892
0,1330833
0,09965385
0,09965385
0,06636554
0,06636554
0,06636554
0,03313065
1,853881E-31
1,853881E-31
1,853881E-31
1,853881E-31
0
0
0
0
0
0
0
0
0
0
0
0
0
0
0
0
5,903092E-29
5,903092E-29
5,903092E-29
5,903092E-29
5,903092E-29
5,903092E-29
5,903092E-29
4,502096E-24
4,502096E-24
4,502096E-24
4,505996E-24
4,505996E-24
4,505996E-24
4,505996E-24
4,505996E-24
3,957044E-27
3,957044E-27
3,957044E-27
9,585391E-27
9,585391E-27
9,585391E-27
9,585391E-27
9,585391E-27
2,666542E-09
0,03336629
0,03336629
0,06638276
0,06638276
0,1001445
0,1336027
0,1666762
0,1666762
0,2335463
0,3335664
0,3669955
0,433638
0,5336103
0,5999733
0,6997495
0,7335279
0,6667522
0,7336388
0,7668539
0,7667176
0,8329765
0,7664533
0,6996698
0,5663517
0,5663517
0,3997658
0,3664777
0,3664777
0,1663714
0,1663714
0
0,2666036
0,2666036
0,6004754
0,6004754
0,8005177
0,8005177
0,833805
0,9336439
0,9667653
0,8003898
0,8003898
0,8003898
0,6999994
0,6330219
0,5325794
0,4327227
0,3326182
0,2994822
0,2326976
0,1327751
0,1327751
0,1327751
0,09965385
0,06636554
0,06636554
0,03323489
4,402946E-22
4,402946E-22
1,853881E-31
2,802597E-45
2,802597E-45
2,802597E-45
2,802597E-45
2,802597E-45
2,802597E-45
2,802597E-45
2,802597E-45
2,802597E-45
2,802597E-45
2,802597E-45
2,802597E-45
2,802597E-45
2,802597E-45
2,802597E-45
2,802597E-45
5,903092E-29
5,903092E-29
4,502096E-24
4,502096E-24
4,502096E-24
4,502096E-24
4,502096E-24
4,502096E-24
4,502096E-24
4,502096E-24
4,505996E-24
4,505996E-24
4,505996E-24
4,505996E-24
4,51162E-24
9,585391E-27
9,585391E-27
9,585391E-27
9,585867E-27
2,238927E-21
2,238927E-21
2,238927E-21
2,024097E-17
2,666542E-09
0,03336629
0,03336629
0,09984103
0,1329145
0,1666762
0,1666762
0,2002676
0,2002676
0,3003833
0,433843
0,5003754
0,5668994
0,5668994
0,6332629
0,6997495
0,8002628
0,733483
0,8001763
0,7335117
0,7000523
0,7663109
0,7330458
0,6662623
0,4331014
0,4331014
0,3664777
0,3664777
0,3664777
0,1332502
0,1332502
0
0,1997445
0,1997445
0,3672363
0,3672363
0,6340593
0,7341665
0,7341665
0,8337951
0,8337951
0,8009991
0,8672498
0,8338815
0,7336536
0,7001961
0,700023
0,5995979
0,4657883
0,4325076
0,3991842
0,2662036
0,2662036
0,1994192
0,1327751
0,1327751
0,09965385
0,09965385
0,09965385
0,09965385
0,03323489
2,802597E-45
2,802597E-45
2,802597E-45
2,802597E-45
2,802597E-45
2,802597E-45
2,802597E-45
2,802597E-45
2,802597E-45
2,802597E-45
5,903092E-29
5,903092E-29
5,903092E-29
5,903092E-29
5,903092E-29
5,903092E-29
5,903092E-29
5,903092E-29
4,502096E-24
4,505867E-24
4,505867E-24
4,505996E-24
4,505996E-24
4,505996E-24
4,51162E-24
4,51162E-24
4,51162E-24
4,51162E-24
4,51162E-24
4,51162E-24
4,51162E-24
9,585391E-27
9,585514E-27
9,585514E-27
2,666542E-09
2,666542E-09
2,666542E-09
2,666542E-09
0,03336629
0,03336629
0,03336629
0,0664397
0,1666762
0,2002676
0,2002676
0,233697
0,3337605
0,3670408
0,4336836
0,5336471
0,5668994
0,5668994
0,6670409
0,8002628
0,733483
0,7668539
0,7337793
0,7671026
0,7664891
0,7330307
0,6996009
0,5997093
0,5329223
0,4331014
0,4331014
0,2999507
0,2330767
0,2330767
0,09988105
0,09988105
0
0,1663753
0,1663753
0,3002248
0,3002248
0,6009852
0,6343078
0,6343078
0,8005177
0,8005177
0,8672255
0,8672255
0,7675751
0,8004621
0,7672257
0,7336153
0,6665924
0,5990334
0,4989817
0,3991842
0,3991842
0,3991842
0,3328323
0,2330529
0,2330529
0,1995597
0,1995597
0,1327751
0,1327751
0,1327751
0,09965385
0,09965385
0,06641896
0,06641896
4,402946E-22
4,402946E-22
4,402946E-22
4,402946E-22
4,402946E-22
4,402946E-22
4,402946E-22
4,402946E-22
1,769105E-28
1,769105E-28
4,505996E-24
4,505996E-24
4,505996E-24
4,505996E-24
4,505996E-24
4,505996E-24
4,505996E-24
4,505996E-24
4,505996E-24
4,505996E-24
2,666542E-09
2,666542E-09
2,666542E-09
2,666542E-09
2,666542E-09
2,666542E-09
2,666542E-09
2,666542E-09
2,666542E-09
0,03336629
0,03336629
0,03336629
0,0664397
0,0994563
0,1329145
0,1329145
0,1996992
0,1996992
0,233461
0,3004592
0,3339778
0,4338943
0,5004075
0,5669763
0,5669763
0,6004169
0,6675624
0,7009107
0,8007656
0,7675415
0,7337793
0,7337793
0,7334429
0,7667663
0,7330307
0,633011
0,599582
0,4996339
0,4996339
0,3333808
0,2998628
0,1995861
0,1995861
0,1995861
0,09988105
0,09988105
0
0,09964955
0,09964955
0,2331108
0,2331108
0,4006456
0,433968
0,5339427
0,6673825
0,6673825
0,8004411
0,8672255
0,8672255
0,8672255
0,8004467
0,8003696
0,7667123
0,7335561
0,6334435
0,5331221
0,5663551
0,533076
0,4331322
0,4331322
0,3663507
0,299403
0,299403
0,299403
0,299403
0,299403
0,1662684
0,1662684
0,1327751
0,1327751
0,06636554
0,06636554
0,06636554
0,03313065
0,03313065
0,03313065
2,023917E-17
2,023917E-17
2,023917E-17
2,023917E-17
2,023948E-17
2,023948E-17
2,023948E-17
2,023948E-17
2,023948E-17
2,023948E-17
2,023948E-17
2,023948E-17
2,024645E-17
0,03336629
0,03336629
0,03336629
0,03336629
0,03336629
0,03336629
0,03336629
0,06688473
0,06688473
0,09990128
0,09990128
0,09990128
0,2001441
0,2332177
0,2669789
0,3004089
0,3004089
0,3336438
0,4338776
0,4671292
0,4671292
0,4671292
0,567064
0,6663459
0,800014
0,8335061
0,8004893
0,8002437
0,8670608
0,8670608
0,8339845
0,7667663
0,7999027
0,7663109
0,6995244
0,5996041
0,5663517
0,46639
0,3668741
0,3002249
0,1995861
0,1995861
0,1330021
0,09988105
0,06655814
0,03342242
0,03342242
0
2,9007E-28
6,989477E-21
0,1330156
0,1330156
0,3001741
0,3001741
0,4673687
0,6343078
0,6343078
0,7006601
0,7006601
0,7006601
0,8004411
0,8672255
0,8338584
0,8002014
0,8332044
0,8332044
0,7667663
0,8000031
0,7996911
0,7996911
0,7996911
0,7663363
0,6662537
0,5996329
0,5663544
0,5331186
0,4993565
0,4657656
0,4323074
0,365943
0,3325141
0,2661122
0,2661122
0,2328232
0,1995883
0,1662654
0,1662654
0,1664961
0,09971156
0,09971156
0,09971156
0,09971156
0,09971156
0,09971156
0,09971156
0,066497
0,066497
0,03336629
0,03336629
0,03336629
0,03336629
0,1001509
0,1001509
0,1001509
0,1001509
0,1336091
0,1336091
0,2675334
0,2675334
0,3005493
0,3336801
0,366754
0,399989
0,4662675
0,4995191
0,4995191
0,5997612
0,6665235
0,7330366
0,7663261
0,7998174
0,7998174
0,7998057
0,7998057
0,8334613
0,8665981
0,8001216
0,8332428
0,7999027
0,7999027
0,7663109
0,6995244
0,6660962
0,5995973
0,5330647
0,4665408
0,4331014
0,4331014
0,3668741
0,3002249
0,1663714
0,1663714
0,1330021
0,09988105
0,06655814
0,03342242
0,03342242
2,802597E-45
6,989477E-21
6,989477E-21
0,09959345
0,09959345
0,2332756
0,2332756
0,2667339
0,3668836
0,4004021
0,6009852
0,6343078
0,7006601
0,7337963
0,8005808
0,8338584
0,8338584
0,8338584
0,8338584
0,8669785
0,8335727
0,866703
0,9002093
0,8665552
0,8331975
0,8331975
0,7665776
0,7665776
0,7333418
0,7333418
0,70027
0,6668106
0,6004211
0,5669973
0,5669973
0,5669973
0,5669973
0,53372
0,53372
0,5001295
0,5003585
0,4335747
0,4000813
0,3667927
0,3004371
0,3004649
0,3004649
0,3004649
0,3004649
0,3004649
0,2673341
0,2673341
0,2673341
0,3003507
0,4005432
0,4005432
0,4005432
0,4005432
0,4340008
0,4670746
0,4670746
0,5673682
0,5673682
0,600497
0,6337325
0,7004583
0,7333294
0,7998703
0,7998703
0,9000155
0,9000155
0,9000155
0,9000155
0,9000155
0,9000155
0,9000053
0,9000053
0,9000053
0,9335604
0,8333235
0,8333235
0,7997331
0,7997331
0,732895
0,6661104
0,6328297
0,4663533
0,4331014
0,4331014
0,3995827
0,2992223
0,1995019
0,1663714
0,1663714
0,1332502
0,06655814
0,06655814
0,06655814
7,987401E-44
7,987401E-44
2,802597E-45
6,989478E-21
6,989478E-21
9,228396E-21
9,228396E-21
0,1003777
0,1003777
0,167035
0,2999347
0,2999347
0,4669243
0,5002484
0,6008157
0,6008157
0,6008157
0,7669482
0,7669482
0,8004411
0,8004411
0,8672255
0,8672255
0,8672255
0,8672255
0,9003456
0,9003456
0,9335805
0,9667119
0,9999998
1
1
1
1
1
1
1
1
1
1
1
1
1
1
1
1
1
1
1
1
0,9999998
0,9999998
0,9999998
0,9999998
0,9999998
0,9999998
0,9999998
0,9999998
0,9999998
0,9999998
0,9999998
0,9999998
0,9999998
0,9999998
0,9999998
0,9999998
0,9999998
0,9999998
0,9999998
0,9999998
0,9999998
0,9999998
0,9999998
0,9999998
0,9999998
0,966634
0,966634
0,966634
0,9335604
0,8670868
0,8000869
0,6995397
0,6995397
0,6995397
0,6662887
0,5663449
0,4998221
0,4330505
0,3996108
0,3660917
0,3332211
0,2998649
0,1664951
0,1330021
0,09988105
0,09988105
0,09988105
0,03342242
1,853881E-31
1,853881E-31
1,853881E-31
1,853881E-31
1,853881E-31
9,228377E-21
9,228377E-21
9,228396E-21
9,228396E-21
0,03336629
0,03336629
0,06672218
0,1337851
0,1337851
0,2666997
0,2666997
0,4001522
0,4334337
0,4334337
0,4669243
0,5337653
0,6002979
0,633727
0,633727
0,7669482
0,7669482
0,8337318
0,8337318
0,8337318
0,8672255
0,8672255
0,8672255
0,9003456
0,9334768
0,9667119
0,9999999
0,9999999
0,9999999
0,9999999
0,9999999
0,9999999
0,9999999
0,9999999
0,9999999
0,9999999
0,9999999
0,9999999
0,9999999
0,9999998
0,9999998
0,9999998
0,9999998
0,9999998
0,9999998
0,9999998
0,9999998
0,9999998
0,9999998
0,9999998
0,9999998
0,9999998
0,9999998
0,9999998
0,9999998
0,9999998
0,9999998
0,9999998
0,9999998
0,9999998
0,9999998
0,9999998
0,9999987
0,966634
0,966634
0,966634
0,9335604
0,8670868
0,8670868
0,8670868
0,8670868
0,7333022
0,6995397
0,6660209
0,6327862
0,5661067
0,4663036
0,4330229
0,3666611
0,3000909
0,3000909
0,2667347
0,1997097
0,1330021
0,1330021
0,09988105
0,09988105
0,06655814
0,03342242
0,03342242
0,03342242
1,853881E-31
1,853881E-31
1,853881E-31
1,853881E-31
1,853881E-31
6,989477E-21
6,989477E-21
9,228377E-21
9,228377E-21
9,228377E-21
9,228377E-21
9,228396E-21
0,06677379
0,06677379
0,133552
0,133552
0,133552
0,1672077
0,2006476
0,300026
0,3666467
0,4004084
0,4004084
0,4336435
0,4672349
0,5339736
0,6003708
0,6673175
0,6673175
0,7005969
0,7005969
0,7673818
0,8337318
0,8337318
0,8672255
0,8672255
0,9003456
0,9003456
0,9668707
0,9668707
0,9668707
0,9999998
0,9999998
0,9999998
0,9999999
0,9999999
0,9999999
0,9999999
0,9999998
0,9999998
0,9999998
0,9999998
0,9999998
0,9999998
0,9999998
0,9999998
0,9999998
0,9999998
0,9999998
0,9999998
0,9999998
0,9999998
0,966634
0,966634
0,966634
0,966634
0,966634
0,966634
0,966634
0,933115
0,933115
0,9000986
0,9000986
0,8670257
0,7667826
0,7667826
0,7330208
0,6995918
0,6995918
0,6663557
0,5328435
0,4663036
0,4334325
0,3999927
0,3334967
0,3334967
0,1999854
0,1664951
0,1333739
0,1333739
0,09988105
0,06655814
0,06655814
0,06655814
0,03342242
0,03342242
0,03342242
0,03342242
0,03342242
0,03342242
1,853881E-31
1,853881E-31
1,853881E-31
1,853881E-31
1,853881E-31
0
6,989477E-21
9,228377E-21
9,228377E-21
9,228377E-21
9,228377E-21
9,228377E-21
0,03336629
0,03336629
0,1001297
0,1001297
0,1001297
0,1337851
0,1337851
0,1996728
0,2662935
0,2997162
0,2997162
0,3663915
0,3663915
0,3998497
0,4329232
0,4999326
0,4999326
0,5332115
0,5332115
0,6337566
0,6668936
0,6668936
0,7674069
0,7674069
0,8005289
0,8005289
0,9003311
0,9336543
0,9336543
0,9667866
0,9667866
0,9667866
0,9667866
0,9667866
0,9667866
0,9667866
0,9667866
0,9999996
0,9999996
0,9999996
0,9999996
0,9999996
0,9999996
0,9999996
0,9999996
0,9999996
0,9999996
0,9999996
0,9999996
0,9999996
0,966634
0,966634
0,966634
0,966634
0,966634
0,966634
0,966634
0,83271
0,83271
0,7996932
0,7996932
0,7666187
0,6663772
0,6329693
0,6329693
0,5993771
0,5993771
0,4994214
0,3995855
0,3330455
0,2666835
0,2666835
0,2666835
0,2666835
0,1331723
0,1331723
0,100051
0,100051
0,06655814
0,06655814
0,06655814
0,06655814
0,03342242
1,853881E-31
1,853881E-31
1,853881E-31
1,853881E-31
1,853881E-31
1,853881E-31
1,853881E-31
1,853881E-31
1,853881E-31
1,853881E-31
0
6,989477E-21
6,989477E-21
6,989477E-21
6,989477E-21
6,989477E-21
6,989477E-21
6,989477E-21
6,989477E-21
0,03336629
0,03336629
0,03336629
0,03336629
0,03336629
0,03336629
0,03336629
0,06677379
0,06677379
0,1332301
0,1332301
0,1668855
0,1668855
0,2335066
0,2668622
0,2668622
0,3000978
0,3669327
0,400391
0,43391
0,4673394
0,500762
0,5336335
0,5336335
0,6001928
0,6335146
0,6335146
0,6671072
0,7670271
0,8005209
0,8005209
0,8338084
0,9001653
0,9002876
0,9002876
0,9335046
0,9335046
0,9335046
0,966634
0,933115
0,933115
0,933115
0,933115
0,933115
0,933115
0,933115
0,8997065
0,8666909
0,8666909
0,8666909
0,799908
0,766833
0,766833
0,7333745
0,7333745
0,5995469
0,5326768
0,5326768
0,5326768
0,4663112
0,3995855
0,3335918
0,2336838
0,2336838
0,2336838
0,1333073
0,09998452
0,09998452
0,09998452
0,06662852
0,06662852
0,06662852
0,06662852
7,987401E-44
7,987401E-44
7,987401E-44
7,987401E-44
7,987401E-44
7,987401E-44
7,987401E-44
7,987401E-44
7,987401E-44
7,987401E-44
2,802597E-45
2,802597E-45
2,802597E-45
2,802597E-45
2,802597E-45
2,802597E-45
2,802597E-45
0
8
