0
0
0
0
0
0
0
0
0
0
0
0
0
0
0
0
0
0
0
0
0
0
0
0,0329905
0,0329905
0,0329905
0,0329905
0,0329905
0,0329905
0,0329905
0,1329124
0,1329124
0,1329124
0,1660348
0,1660348
0,1996117
0,1996117
0,2663474
0,2995419
0,3328966
0,3328966
0,3991897
0,4324813
0,4658381
0,5325543
0,565878
0,6327323
0,5997432
0,6331319
0,6667871
0,6667871
0,7002962
0,7333218
0,7333218
0,8003122
0,7672704
0,7672704
0,8006945
0,7673748
0,734082
0,7338279
0,7006695
0,6670118
0,5670672
0,5670672
0,4667897
0,4333586
0,3670492
0,3000711
0,3000711
0,3000711
0,2327256
0,1664674
0,09973294
0,09973294
0,09973294
0,09973294
0,06637844
0,03319237
0,03319237
0,03319237
5,605194E-45
5,605194E-45
5,605194E-45
0
0
0
0
0
0
0
0
0
0
0
0
0
0
0
0
0
0
0
0
0
0
0
0
0
0
0
0
0
0
0
0
0
0
7,006492E-45
0,0329905
0,0329905
0,0329905
0,06631614
0,0997534
0,1329124
0,1329124
0,1329124
0,1660348
0,1660348
0,1993515
0,2329282
0,2662826
0,2994766
0,3328966
0,3994015
0,4326922
0,499369
0,5324107
0,5324107
0,6325748
0,6325748
0,7329699
0,7663041
0,7998995
0,7998995
0,8333308
0,8668361
0,8997056
0,932991
0,9665508
0,9665508
0,9665508
0,9670087
0,9670087
0,9670087
0,9670087
0,9670087
0,9670087
0,9670087
0,9005313
0,9005313
0,8673372
0,8673372
0,8673372
0,8340461
0,8340461
0,7671464
0,6338462
0,5670672
0,5337421
0,4333586
0,3670492
0,3334903
0,3000711
0,3000711
0,3000711
0,2665407
0,133182
0,09973294
0,09973294
0,09973294
0,09973294
0,09973294
0,09973294
0,06637844
0,06637844
0,03318613
0,03318613
0,03318613
0,03318613
0
0
0
0
0
0
0
0
0
0
0
0
0
0
0
0
0
0
0
0
0
0
0
0
0
0
0
0
7,006492E-45
0,0329905
0,0329905
0,0329905
0,06631614
0,0997534
0,1329124
0,1329124
0,1329124
0,1660348
0,1660348
0,1993515
0,2329282
0,2662826
0,2994766
0,3328966
0,3994015
0,4663487
0,5330255
0,5660666
0,5660666
0,6325748
0,6325748
0,7329699
0,7663041
0,7998995
0,7998995
0,8333308
0,8668361
0,8997056
0,932991
0,9665508
0,9665508
0,9665508
0,9670087
0,9670087
0,9670087
0,9670087
0,9670087
0,9670087
0,9670087
0,9005313
0,9005313
0,8673372
0,8673372
0,8673372
0,8340461
0,8340461
0,7671464
0,6338462
0,600724
0,5673977
0,4670146
0,4007056
0,3334903
0,3000711
0,3000711
0,3000711
0,2665407
0,133182
0,09973294
0,09973294
0,09973294
0,09973294
0,09973294
0,09973294
0,06637844
0,06637844
0,03318613
0,03318613
0,03318613
0,03318613
0
0
0
0
0
0
0
0
0
0
0
0
0
0
0
0
0
0
0
0
0
0
0
0
0
7,006492E-45
0,06676293
0,0997534
0,1329124
0,1329124
0,1329124
0,1329124
0,1660348
0,1660348
0,1996117
0,2329282
0,3329931
0,3329931
0,3992275
0,3992275
0,4657332
0,5658022
0,5989884
0,6321813
0,6655019
0,7329699
0,7998995
0,7998995
0,8334072
0,8668361
0,8668361
0,8668361
0,8668361
0,9332646
0,9999999
1
1
1
1
1
1
1
1
0,9999998
0,9999998
0,9999998
0,9670087
0,9670087
0,9670087
0,9670087
0,9670087
0,9670087
0,9339687
0,9339687
0,9005313
0,8673372
0,8340461
0,8340461
0,8340461
0,7672231
0,7339007
0,6338462
0,4666838
0,3670492
0,3334903
0,3334903
0,3334903
0,3006217
0,2672026
0,2672026
0,1999979
0,1330184
0,09973294
0,09973294
0,09973294
0,09973294
0,09973294
0,09973294
0,06637844
0,03318613
0,03318613
0,03318613
0,03318613
0,03318613
0,03318613
0
0
0
0
0
0
0
0
0
0
0
0
0
0
0
0
0
0
4,952555E-33
4,952555E-33
4,952555E-33
0,06676293
0,0997534
0,1329124
0,2331347
0,266257
0,266257
0,266257
0,266257
0,266257
0,3662903
0,4662926
0,4996513
0,5326905
0,5996699
0,6659641
0,6991569
0,6991569
0,7325884
0,7660957
0,7999097
0,8668361
0,9336828
0,9665508
0,9665508
0,9665508
0,9665508
0,9665508
0,9665508
1
1
1
1
1
1
1
1
1
1
1
1
0,9670087
0,9670087
0,9670087
0,9670087
0,9670087
0,9670087
0,9339687
0,9339687
0,9005313
0,9005313
0,9005313
0,8673372
0,8340461
0,8007286
0,8007286
0,7340629
0,6337902
0,500837
0,4341372
0,4341372
0,3670492
0,3334903
0,3000711
0,2672026
0,1999979
0,166549
0,166549
0,1330184
0,1330184
0,1330184
0,09973294
0,09973294
0,09973294
0,09973294
0,09973294
0,06654049
0,06654049
0,03318613
0,03318613
0,03318613
0,03318613
0
0
0
0
0
0
0
0
0
0
0
0
0
0
0,03343717
0,06676293
0,06676293
0,09992191
0,1329124
0,1329124
0,1329124
0,1329124
0,2331347
0,266257
0,3329931
0,3661868
0,3661868
0,3992275
0,4991373
0,532526
0,6333553
0,6663304
0,7666773
0,8335038
0,8667886
0,9001229
0,9001229
0,9001229
0,9001229
0,932991
0,9665508
0,9665508
0,9999999
0,9999999
0,9999999
0,9668064
0,9668064
0,9668064
0,9668064
0,9668064
0,9668064
0,9668064
0,9668064
0,9668064
0,9668064
0,9331501
0,9331501
0,9331501
0,9328365
0,8669779
0,8669779
0,8335468
0,8002601
0,8339164
0,8674226
0,8674226
0,8674226
0,8678151
0,8346227
0,8011851
0,8011851
0,8007613
0,7674461
0,7674461
0,7675384
0,6672622
0,567104
0,500404
0,4342705
0,4342705
0,3673855
0,3671468
0,3671468
0,2328665
0,1999979
0,1999979
0,1330184
0,1330184
0,1330184
0,1330184
0,1330184
0,09973294
0,09973294
0,09973294
0,09973294
0,09973294
0,06637844
0,03318613
0,03318613
0,03318613
1,401298E-45
1,401298E-45
0
0
0
0
0
0
0
0
0
0
7,006492E-45
0,03332561
0,06676293
0,0997534
0,0997534
0,1329124
0,1993263
0,2329027
0,266257
0,2994429
0,3327593
0,3327593
0,3661789
0,4327302
0,4999166
0,5663471
0,5995243
0,5995243
0,6666619
0,7333153
0,8003388
0,8338479
0,900692
0,900692
0,900692
0,8673655
0,8673655
0,8671125
0,8671125
0,8671125
0,8672447
0,8672447
0,8336675
0,800476
0,7668183
0,7334627
0,7001601
0,6333396
0,5999797
0,5667953
0,5334734
0,5334734
0,5334734
0,5334734
0,5000829
0,5000829
0,4997701
0,5002242
0,5335146
0,433534
0,4002486
0,4671441
0,5337561
0,5337561
0,6004412
0,6008294
0,6339473
0,6677247
0,6677247
0,7005923
0,7341229
0,7675146
0,7009972
0,6674024
0,5672429
0,5005628
0,4677834
0,4677834
0,401084
0,4340313
0,3671468
0,2665232
0,2336541
0,2336541
0,1666747
0,1330184
0,1330184
0,1330184
0,1330184
0,09973294
0,09973294
0,09973294
0,09973294
0,09973294
0,09973294
0,06654049
0,03318613
0,03318613
1,401298E-45
1,401298E-45
0
0
0
0
0
0
0
0,03343717
0,03343717
0,03343717
0,03343717
0,06676293
0,06676293
0,1329124
0,2330299
0,2330299
0,2994429
0,2994429
0,2994429
0,3328629
0,3998349
0,4665597
0,4999495
0,5999409
0,6664539
0,7002684
0,7336851
0,8004772
0,8673573
0,900692
0,900692
0,900692
0,9335606
0,9335606
0,9670087
0,9005247
0,8001542
0,73384
0,7001832
0,7001832
0,6333372
0,6333372
0,5668324
0,5334118
0,5000225
0,5000225
0,5000387
0,4667476
0,4001977
0,3666903
0,300506
0,300506
0,2674646
0,2000906
0,1998458
0,1662512
0,1662512
0,1995733
0,2328646
0,199874
0,2662275
0,2662275
0,2993323
0,2993323
0,4666938
0,4666938
0,5328725
0,5666834
0,5666834
0,5668039
0,6006185
0,7339825
0,6673756
0,6673756
0,6340411
0,5672983
0,467588
0,467588
0,4013064
0,4013064
0,3344214
0,2002093
0,200533
0,200533
0,1670838
0,1667821
0,09983224
0,09983224
0,09983224
0,1330184
0,1330184
0,1330184
0,09973294
0,09973294
0,09973294
0,06654049
0,06654049
0,06654049
1,401298E-45
1,401298E-45
0
0
0
0
0
0
7,006492E-45
0,03343717
0,03343717
0,06676293
0,06676293
0,1329124
0,166267
0,166267
0,2994429
0,3328629
0,3661789
0,3661789
0,3661789
0,4661607
0,5328581
0,5997453
0,6665656
0,73341
0,7667131
0,800529
0,8673573
0,8673655
0,8673655
0,8343014
0,8671709
0,8671709
0,8340486
0,8008531
0,7675369
0,7675369
0,6671041
0,6671041
0,6001577
0,6001577
0,5004586
0,4671015
0,400597
0,3340487
0,2339058
0,2339058
0,2003463
0,1337274
0,1002547
0,1002547
0,1336918
0,1336918
0,1336918
0,09987681
0,09987681
0,09987681
0,1329174
0,1329174
0,09946847
0,09946847
0,1327595
0,09976915
0,1329631
0,1329631
0,2668084
0,3001308
0,4665712
0,4335308
0,4998314
0,4663947
0,5002093
0,6342446
0,6343485
0,6672176
0,6340411
0,6006199
0,533794
0,5004712
0,4673493
0,4343743
0,4013064
0,3005251
0,2669658
0,2335347
0,1670838
0,1334275
0,09989716
0,1332516
0,1332516
0,1664378
0,1664378
0,1330184
0,09973294
0,09973294
0,09973294
0,09973294
0,09973294
0,09973294
1,401298E-45
1,401298E-45
0
0
0
0
0
0,03343717
0,03343717
0,03343717
0,03343717
0,06676293
0,09994894
0,1996751
0,3327593
0,3327593
0,3327593
0,3661789
0,4330278
0,4662216
0,4995081
0,5999883
0,7002352
0,7002352
0,7669861
0,8005458
0,8338517
0,8338517
0,8673573
0,8673655
0,8671125
0,7674167
0,7341005
0,7005225
0,6672321
0,6672321
0,6335761
0,6000448
0,5333034
0,4333648
0,4001793
0,4001793
0,3338848
0,3338848
0,3338848
0,2340514
0,1677517
0,1677517
0,1341922
0,06704365
0,06643953
0,06643953
0,06643953
0,06643953
0,06643953
0,06643953
0,06643953
0,06643953
0,09948035
0,1329174
0,09946847
0,09946847
0,09946847
0,06647789
0,06647789
0,09976915
0,1666805
0,1666805
0,3665502
0,4004088
0,4667093
0,4663947
0,5002093
0,6005884
0,6006922
0,6335602
0,6003848
0,6006199
0,533794
0,5004712
0,4673493
0,4343743
0,4012152
0,4012152
0,3344617
0,2335347
0,1670838
0,1670838
0,1670838
0,1667821
0,1667821
0,1664378
0,1664378
0,1330184
0,09973294
0,09973294
0,09973294
0,09973294
0,09973294
0,09973294
1,401298E-45
1,401298E-45
0
0
0
0,03343717
0,03343717
0,03343717
0,03343717
0,09994894
0,09994894
0,1994532
0,1994532
0,2330299
0,3998349
0,3998349
0,4336503
0,4336503
0,5004373
0,6005512
0,7336279
0,7669861
0,7669861
0,767218
0,7672719
0,7341139
0,8008855
0,7339537
0,7672873
0,7672873
0,7670333
0,73384
0,6668676
0,5667315
0,5000508
0,5000508
0,4670101
0,4007162
0,3673938
0,3008445
0,2674128
0,166496
0,166496
0,1331623
0,09960323
0,0663175
0,03344902
0,03344902
0,03344902
0,03344902
0,03344902
0,03344902
0,0329905
0,0329905
0,0329905
0,0329905
0,0329905
0,0329905
0,0329905
0,0329905
0,06603138
0,06603138
0,09946847
0,09946847
0,09946847
0,09976915
0,1330855
0,1330855
0,2665655
0,2668473
0,3666482
0,3663331
0,4668835
0,5338331
0,5338421
0,6001408
0,6003848
0,5670269
0,5337082
0,5340664
0,4673493
0,4343743
0,4012152
0,4012152
0,3344617
0,2335347
0,2004093
0,2004093
0,1670838
0,1334275
0,1334275
0,1999683
0,1999683
0,1330184
0,09973294
0,09973294
0,09973294
0,09973294
0,09973294
0,09973294
0,03335442
0,03335442
0
0
0
0,03343717
0,03343717
0,06676293
0,06676293
0,1662941
0,1999502
0,2995225
0,3328392
0,3664164
0,3998349
0,4330278
0,4668429
0,5000371
0,6337045
0,6673
0,7336591
0,767218
0,8007101
0,8007101
0,8005962
0,7338279
0,8006116
0,7337438
0,7004272
0,6672321
0,6335761
0,6335761
0,6335761
0,5334401
0,433501
0,4005262
0,3007315
0,2339058
0,1670612
0,1337274
0,1337274
0,0663175
0,0663175
0,03344902
0,03344902
0,03344902
0,03344902
0,03344902
0,03344902
0,03344902
0,03344902
0,03344902
0
0
0
0,0329905
0,0329905
0,0329905
0,0329905
0,0329905
0,06603138
0,06603138
0,09946847
0,09946847
0,09946847
0,06647789
0,09979452
0,1330855
0,2333712
0,2003305
0,2671562
0,300164
0,4668835
0,5002729
0,4669561
0,5005156
0,5007588
0,5337019
0,5337082
0,5337316
0,4670152
0,4343743
0,4012152
0,4012152
0,3344617
0,2669658
0,2006485
0,1672171
0,1672171
0,2004093
0,1670838
0,1999683
0,1999683
0,1330184
0,1330184
0,1330184
0,09973294
0,09973294
0,09973294
0,09973294
0,06654678
0,06654678
0
4,952555E-33
4,952555E-33
0,03343717
0,03343717
0,09994894
0,09994894
0,2658668
0,3330989
0,3330989
0,3998349
0,4668429
0,4668429
0,5000371
0,6338047
0,6671938
0,7339438
0,6671802
0,7335451
0,7339441
0,7341447
0,7673399
0,7337634
0,7004097
0,7005557
0,6673624
0,6340466
0,6006259
0,5000827
0,4338498
0,40046
0,40046
0,3338515
0,2337437
0,1667176
0,1332105
0,09965109
0,03344902
0,03344902
0,03344902
0,03344902
0,03344902
0,03344902
0,03344902
0,03344902
0
0
0
0
0
0
0
0
0,0329905
0,0329905
0,0329905
0,0329905
0,0329905
0,06603138
0,06603138
0,09946847
0,09946847
0,09946847
0,06647789
0,09979452
0,1330855
0,2333712
0,2003305
0,2671562
0,3336012
0,3665763
0,3665763
0,4003728
0,4673218
0,5006318
0,56693
0,5669645
0,5334591
0,4665067
0,467497
0,4012152
0,4012152
0,3344617
0,3343579
0,3009085
0,2674775
0,2000856
0,2004093
0,1670838
0,1999683
0,1999683
0,1330184
0,1330184
0,1330184
0,09973294
0,09973294
0,09973294
0,09973294
0,09973294
0,09973294
0
4,952555E-33
4,952555E-33
0,06676293
0,06676293
0,1331082
0,2003411
0,3330989
0,3996086
0,4332033
0,4666222
0,5004373
0,5338699
0,600381
0,7005558
0,7341787
0,7341787
0,667583
0,7011064
0,7345552
0,7342392
0,7339863
0,666769
0,666769
0,6003918
0,567197
0,567197
0,5003884
0,3999066
0,333547
0,3001156
0,2336332
0,1334663
0,0663175
0,0663175
0,0663175
0,0663175
0,03344902
0,03344902
0,03344902
0
0
0
0
0
0
0
0
0
0
0
0
0
0
0
0,0329905
0,0329905
0,0329905
0,06603138
0,06603138
0,09946847
0,09946847
0,09946847
0,09946847
0,1327851
0,1660763
0,1997765
0,1667358
0,2000545
0,3000943
0,3665763
0,3665763
0,4003728
0,4673218
0,5006318
0,56693
0,5336407
0,5001334
0,5001007
0,5010924
0,4012152
0,4012152
0,3680213
0,367917
0,3009085
0,2674775
0,2000856
0,1672171
0,1672171
0,1667469
0,1666136
0,09966408
0,1330184
0,1330184
0,09973294
0,09973294
0,09973294
0,09973294
0,09973294
0,09973294
0
0,03343717
0,03343717
0,09994894
0,1336054
0,2328774
0,2997703
0,3998349
0,4668429
0,5004373
0,5338699
0,5670626
0,6002679
0,6338217
0,6673515
0,7007404
0,7342658
0,7011064
0,6678135
0,6678238
0,6338277
0,6338277
0,6335836
0,600391
0,5337777
0,5004203
0,4334593
0,3337434
0,2327745
0,1659485
0,1326261
0,09965109
0,09965109
0,0663175
0,03344902
0,03344902
0,03344902
0,03344902
0,03344902
0,03344902
0
0
0
0
0
0
0
0
0
0
0
0
0
0
0
0,0329905
0,0329905
0,0329905
0,06603138
0,06603138
0,09946847
0,09946847
0,09946847
0,09946847
0,1327851
0,1660763
0,1997765
0,1667358
0,2000545
0,2667713
0,3332542
0,3665763
0,4003728
0,4673218
0,5006318
0,533499
0,5002097
0,5336407
0,5002824
0,3671593
0,3006088
0,367685
0,3680213
0,3346316
0,2676232
0,2674775
0,2000856
0,1672171
0,1672171
0,1667469
0,1666136
0,1331945
0,166549
0,1330184
0,09973294
0,09973294
0,09973294
0,09973294
0,09973294
0,09973294
0
0,03343717
0,06709344
0,1336054
0,1336054
0,2995873
0,3664814
0,4334296
0,5338699
0,6003482
0,6003482
0,6336669
0,7005073
0,7007404
0,7674248
0,7342656
0,6672902
0,6672902
0,6672902
0,6007499
0,6001652
0,5337777
0,5003458
0,433467
0,399936
0,3001488
0,2333229
0,2333229
0,1326261
0,09965109
0,06678266
0,03344902
0,03344902
0,03344902
0
0
0
0
0
0
0
0
0
0
0
0
0
0
0
0
0
0
0
0
0
0,0329905
0,0329905
0,0329905
0,06603138
0,06603138
0,09946847
0,09946847
0,09946847
0,09946847
0,1327851
0,1327851
0,1664855
0,1667358
0,1667358
0,1998581
0,2661519
0,3330692
0,3999908
0,4669394
0,4670547
0,5006318
0,4673402
0,500771
0,5002824
0,3671593
0,3006088
0,367685
0,3680213
0,3346316
0,2676232
0,2674775
0,2336623
0,2007938
0,2007938
0,1672171
0,1670838
0,1331945
0,166549
0,1330184
0,09973294
0,09973294
0,09973294
0,09973294
0,09973294
0,09973294
0
0,03343717
0,06709344
0,167182
0,2004987
0,4330278
0,4668429
0,5669168
0,6003482
0,6670246
0,6670246
0,6672577
0,6670832
0,6670832
0,7337688
0,7006094
0,6008531
0,5672753
0,5672753
0,4674694
0,5004923
0,5004923
0,4337424
0,3667902
0,33326
0,1994556
0,1659485
0,1659485
0,09975775
0,03344902
0,03344902
0,03344902
0,03344902
0,03344902
0
0
0
0
0
0
0
0
0
0
0
0
0
0
0
0
0
0
0
0
0
0
0
0,0329905
0,06603138
0,06603138
0,06603138
0,06603138
0,09946847
0,09946847
0,1327851
0,1327851
0,1331282
0,1333784
0,1333784
0,1667358
0,2330298
0,3330692
0,3661752
0,399565
0,3996802
0,5006318
0,4673402
0,500771
0,5002824
0,400478
0,3006017
0,3343593
0,3680213
0,3346316
0,2676232
0,2674775
0,2336623
0,2007938
0,2007938
0,1672171
0,1670838
0,1331945
0,166549
0,1330184
0,09973294
0,09973294
0,09973294
0,09973294
0,09973294
0,09973294
0
0,06662325
0,1335963
0,3337876
0,3337876
0,5004373
0,5338699
0,6337045
0,6337045
0,6670246
0,6670246
0,6672577
0,6674059
0,6676947
0,6676208
0,6676208
0,5676588
0,500664
0,4672323
0,434038
0,4332461
0,3327345
0,2994167
0,2994167
0,1990565
0,1326261
0,1326261
0,1326261
0,09975775
8,407791E-45
8,407791E-45
8,407791E-45
5,605194E-45
5,605194E-45
0
0
0
0
0
0
0
0
0
0
0
0
0
0
0
0
0
0
0
0
0
0
0
0,0329905
0,06603138
0,06603138
0,06603138
0,06603138
0,1327851
0,1327851
0,1327851
0,1327851
0,1331282
0,1664189
0,1664189
0,1667358
0,2330298
0,3330692
0,3661752
0,399565
0,3996802
0,5006318
0,4673402
0,500771
0,5002824
0,400478
0,3006017
0,3343593
0,3344909
0,3011012
0,2676232
0,2674775
0,2674775
0,2678014
0,2678014
0,2004093
0,1670838
0,1666136
0,1999683
0,1330184
0,09973294
0,09973294
0,09973294
0,09973294
0,09973294
0,09973294
0
0,1002796
0,1335963
0,3337876
0,3672186
0,5671541
0,5671541
0,6670246
0,6670246
0,6670246
0,7004052
0,7006398
0,7007276
0,6680273
0,6342067
0,6342067
0,5009421
0,4007526
0,4007526
0,4007526
0,3999278
0,265886
0,1656672
0,1656672
0,1656672
0,09975775
0,09975775
0,06642415
0,06642415
8,407791E-45
8,407791E-45
8,407791E-45
0
0
0
0
0
0
0
0
0
0
0
0
0
0
0
0
0
0
0
0
0
0
0
0
0
0,0329905
0,06603138
0,06603138
0,06603138
0,06603138
0,1327851
0,1327851
0,1327851
0,1327851
0,1331282
0,1664189
0,1664189
0,1667358
0,2330298
0,3330692
0,3661752
0,399565
0,3996802
0,4670547
0,4337634
0,4671949
0,5002824
0,400478
0,2674081
0,2675087
0,3008346
0,3011012
0,2676232
0,2674775
0,2674775
0,2678014
0,2678014
0,2339861
0,2006605
0,2001904
0,1999683
0,1330184
0,09973294
0,09973294
0,09973294
0,09973294
0,09973294
0,09973294
0
0,1674203
0,2007369
0,4334823
0,4669141
0,6003482
0,6003482
0,6670246
0,6670246
0,7005844
0,7673551
0,734319
0,6677011
0,6347101
0,5339894
0,4673765
0,3671582
0,3333431
0,300024
0,2331076
0,2994167
0,265886
0,1656672
0,1326261
0,1326261
0,09975775
0,06630881
0,03297513
0,03297513
8,407791E-45
8,407791E-45
8,407791E-45
8,407791E-45
8,407791E-45
0
0
0
0
0
0
0
0
0
0
0
0
0
0
0
0
0
0
0
0
0
0
0
0,0329905
0,0329905
0,0329905
0,06603138
0,06603138
0,1327851
0,1327851
0,1327851
0,1327851
0,1331282
0,1664189
0,1664189
0,1667358
0,1997107
0,2997506
0,3661752
0,399565
0,3996802
0,4670547
0,4337634
0,4671949
0,5002824
0,400478
0,3007337
0,2674145
0,2674145
0,2676816
0,2676232
0,2674775
0,2674775
0,2678014
0,2678014
0,2339861
0,2006605
0,2001904
0,1999683
0,1330184
0,09973294
0,09973294
0,09973294
0,09973294
0,09973294
0,09973294
0
0,2670572
0,3003743
0,4339551
0,4673864
0,6337045
0,6337045
0,7005844
0,7338834
0,7338834
0,7676179
0,701133
0,6674471
0,6012639
0,4337714
0,3671582
0,3338008
0,266426
0,2331076
0,2331076
0,2325757
0,1990452
0,1656672
0,09975775
0,06630881
0,06630881
0,06630881
0,03297513
0,03297513
8,407791E-45
8,407791E-45
8,407791E-45
8,407791E-45
8,407791E-45
0
0
0
0
0
0
0
0
0
0
0
0
0
0
0
0
0
0
0
0
0
0
0
0,0329905
0,0329905
0,0329905
0,06603138
0,06603138
0,1327851
0,1327851
0,1327851
0,1327851
0,1331282
0,1664189
0,1664189
0,1667358
0,1997107
0,3331988
0,3996241
0,4330137
0,3996802
0,5004863
0,4671949
0,4671949
0,5002824
0,400478
0,3007337
0,2674145
0,2674145
0,2676816
0,3008154
0,3006702
0,3006702
0,2678014
0,2678014
0,2339861
0,2006605
0,2001904
0,1999683
0,1330184
0,09973294
0,09973294
0,09973294
0,09973294
0,06654049
0,06654049
0
0,2340105
0,2673268
0,4339551
0,4673864
0,6337045
0,6337045
0,7005844
0,7338834
0,7338834
0,7343014
0,6678143
0,6340168
0,5678338
0,3999566
0,3333431
0,2666667
0,2331076
0,1996004
0,1660703
0,1990452
0,1990452
0,1323335
0,06642415
0,03297513
0,03297513
0,03297513
0,03297513
0,03297513
8,407791E-45
8,407791E-45
8,407791E-45
8,407791E-45
8,407791E-45
0
0
0
0
0
0
0
0
0
0
0
0
0
0
0
0
0
0
0
0
0
0
0
0,0329905
0,0329905
0,0329905
0,09934797
0,09934797
0,1327851
0,1327851
0,1661188
0,1661188
0,1331282
0,1664189
0,1664189
0,1667358
0,1663945
0,2998824
0,3996241
0,4330137
0,3996802
0,4666705
0,4333798
0,4333798
0,4667061
0,3669019
0,2671574
0,2674145
0,2674145
0,2676816
0,3008154
0,3006702
0,3006702
0,2678014
0,2678014
0,2671724
0,2338466
0,2001904
0,233545
0,1665953
0,1333097
0,09973294
0,09973294
0,09973294
0,06654049
0,06654049
0
0,2340105
0,2340105
0,4338325
0,5005805
0,634032
0,634032
0,7009099
0,7007613
0,7007613
0,7011794
0,6346943
0,5673118
0,4679338
0,2669447
0,2669447
0,2666667
0,2331076
0,1996004
0,1326211
0,1322065
0,1322065
0,0988844
0,03297513
0,03297513
0,03297513
0,03297513
0,03297513
0,03297513
8,407791E-45
8,407791E-45
8,407791E-45
8,407791E-45
8,407791E-45
0
0
0
0
0
0
0
0
0
0
0
0
0
0
0
0
0
0
0
0
0
0
0
0,0329905
0,06630719
0,06630719
0,09934797
0,09934797
0,1327851
0,1327851
0,1661188
0,1661188
0,1331282
0,1664189
0,1331027
0,1334192
0,1995532
0,3330415
0,3996241
0,4330137
0,3996802
0,4666705
0,4333798
0,4333798
0,4667061
0,3669019
0,2671574
0,2674145
0,2674145
0,2676816
0,3008154
0,3006702
0,3006702
0,2678014
0,2678014
0,2671724
0,2338466
0,2001904
0,233545
0,1665953
0,1333097
0,09973294
0,09973294
0,09973294
0,06654049
0,06654049
0
0,2001953
0,2001953
0,3672087
0,4339566
0,5674086
0,6009155
0,6677929
0,6341373
0,5675253
0,6011295
0,4347789
0,4341196
0,4341196
0,2669447
0,2333857
0,1996004
0,1996004
0,1996004
0,1661513
0,1327621
0,09923154
0,0988844
0,03297513
0,03297513
0,03297513
0,03297513
0,03297513
0,03297513
8,407791E-45
8,407791E-45
8,407791E-45
8,407791E-45
8,407791E-45
0
0
0
0
0
0
0
0
0
0
0
0
0
0
0
0
0
0
0
0
0
0
0
0,0329905
0,06630719
0,06630719
0,09934797
0,09934797
0,1327851
0,1327851
0,1661188
0,1661188
0,1331282
0,1664189
0,1660778
0,1663945
0,2327475
0,3662353
0,3662908
0,3996802
0,3996802
0,4666705
0,4333798
0,4333798
0,4667061
0,3669019
0,2671574
0,2674145
0,3341373
0,3009737
0,2673845
0,3006702
0,3006702
0,2678014
0,2344755
0,2672012
0,2672012
0,233545
0,233545
0,1665953
0,1333097
0,06654049
0,06654049
0,06654049
0,06654049
0,06654049
0
0,1667785
0,1667785
0,4004208
0,433852
0,5340555
0,567563
0,6344779
0,6008214
0,5010518
0,5679716
0,4012019
0,3676739
0,3676739
0,2334377
0,1998784
0,1665598
0,1665598
0,1665598
0,1331108
0,09972122
0,06619077
0,06584383
0,03297513
0,03297513
0,03297513
0,03297513
0,03297513
0,03297513
8,407791E-45
8,407791E-45
8,407791E-45
8,407791E-45
8,407791E-45
8,407791E-45
8,407791E-45
8,407791E-45
0
0
0
0
0
0
0
0
0
0
0
0
0
0
0
0
0
0
0
0
0,0329905
0,06630719
0,06630719
0,09934797
0,09934797
0,1327851
0,1327851
0,1661188
0,1661188
0,1331282
0,1664189
0,1660778
0,1995167
0,2658702
0,3996251
0,3996802
0,4331118
0,4331118
0,4995385
0,4662483
0,4662483
0,5000321
0,4002277
0,2671574
0,2672577
0,3005308
0,3009436
0,2673845
0,3006702
0,3006702
0,2678014
0,2344755
0,2672012
0,2672012
0,233545
0,233545
0,1665953
0,1333097
0,06654049
0,06654049
0,06654049
0,03335442
0,03335442
0
0,06685039
0,06685039
0,3666062
0,4001121
0,4667225
0,5001552
0,6006621
0,5670053
0,4672358
0,5341562
0,4012019
0,3343518
0,301033
0,2001189
0,1665598
0,1331108
0,1331108
0,1331108
0,1331108
0,09972122
0,06619077
0,03286861
7,006492E-45
8,407791E-45
8,407791E-45
8,407791E-45
8,407791E-45
8,407791E-45
8,407791E-45
8,407791E-45
8,407791E-45
8,407791E-45
8,407791E-45
8,407791E-45
8,407791E-45
8,407791E-45
0
0
0
0
0
0
0
0
0
0
0
0
0
0
0
0
0
0
0
0,03331656
0,06630719
0,06630719
0,06630719
0,09934797
0,09934797
0,1661188
0,1661188
0,1661188
0,1661188
0,1331688
0,1664598
0,2325942
0,266125
0,2993186
0,3996251
0,3996802
0,4331118
0,4331118
0,4995385
0,4662483
0,4662483
0,4668728
0,4002603
0,30035
0,3004499
0,3005308
0,3009436
0,2673845
0,3006702
0,3006702
0,2678014
0,2344755
0,2672012
0,2672012
0,233545
0,2003527
0,1334028
0,1001173
0,06654049
0,06654049
0,06654049
0,03335442
0,03335442
0
0,06685039
0,06685039
0,2665753
0,3000829
0,3668206
0,400252
0,4671377
0,4334815
0,4338816
0,4672707
0,3343171
0,3009974
0,2676779
0,1339282
0,100369
0,1002422
0,1002422
0,1002422
0,1002422
0,06685288
0,03332231
7,006492E-45
7,006492E-45
8,407791E-45
8,407791E-45
8,407791E-45
8,407791E-45
8,407791E-45
8,407791E-45
8,407791E-45
8,407791E-45
8,407791E-45
8,407791E-45
8,407791E-45
8,407791E-45
8,407791E-45
0
0
0
0
0
0
0
0
0
0
0
0
0
0
0
0
0
0
0
0,03331656
0,06630719
0,06630719
0,06630719
0,09934797
0,09934797
0,1661188
0,1661188
0,1661188
0,1661188
0,1331688
0,1664598
0,2325942
0,266125
0,2993186
0,3996251
0,3996802
0,4331118
0,4331118
0,5333537
0,4670887
0,4670887
0,4007038
0,3670666
0,30035
0,3004499
0,3005308
0,3009436
0,2345156
0,2678014
0,2676616
0,2676616
0,2676616
0,2672012
0,2672012
0,2000146
0,1668223
0,1334028
0,1001173
0,06654049
0,06654049
0,06654049
8,407791E-45
8,407791E-45
0
0,03365624
0,03365624
0,1331982
0,1667051
0,2335735
0,2335735
0,3001833
0,2665273
0,2333331
0,2667228
0,2337322
0,1669553
0,1001877
0,06691994
0,06691994
0,1002422
0,1002422
0,1002422
0,1002422
0,06685288
0,03332231
7,006492E-45
7,006492E-45
7,006492E-45
7,006492E-45
8,407791E-45
8,407791E-45
8,407791E-45
8,407791E-45
8,407791E-45
8,407791E-45
8,407791E-45
8,407791E-45
8,407791E-45
8,407791E-45
8,407791E-45
8,407791E-45
8,407791E-45
8,407791E-45
0
0
0
0
0
0
0
0
0
0
0
0
0
0
0
0
0,03331656
0,06630719
0,06630719
0,06630719
0,09934797
0,09934797
0,1661188
0,1661188
0,1661188
0,1661188
0,1331688
0,1664598
0,2325942
0,266125
0,3328256
0,4331322
0,3996802
0,4666705
0,4666705
0,5333537
0,4670887
0,4670887
0,3675812
0,3674742
0,33388
0,2671599
0,2337108
0,3009436
0,2345156
0,2678014
0,2676616
0,3010161
0,3010161
0,2672012
0,2672012
0,2000146
0,1668223
0,1334028
0,1001173
0,06654049
0,06654049
0,06654049
8,407791E-45
8,407791E-45
0
0,06701354
0,06701354
0,1002076
0,1337147
0,2001543
0,2001543
0,2334729
0,1998169
0,1666225
0,2000123
0,1670218
0,1001573
0,03338944
0,06691994
0,06691994
0,06691994
0,06691994
0,06691994
0,06691994
0,0335305
7,006492E-45
7,006492E-45
7,006492E-45
7,006492E-45
7,006492E-45
8,407791E-45
8,407791E-45
8,407791E-45
8,407791E-45
8,407791E-45
8,407791E-45
8,407791E-45
8,407791E-45
8,407791E-45
8,407791E-45
8,407791E-45
8,407791E-45
8,407791E-45
8,407791E-45
8,407791E-45
8,407791E-45
0
0
0
0
0
0
0
0
0
0
0
0
0
0
0,03331656
0,06630719
0,06630719
0,06630719
0,1326814
0,1326814
0,1661188
0,1661188
0,1661188
0,1661188
0,1661438
0,1994351
0,2325942
0,2994471
0,3328152
0,4332304
0,4331118
0,4666705
0,4666705
0,499998
0,5002489
0,5002489
0,4007734
0,3674742
0,33388
0,2671599
0,2337108
0,3009436
0,2345156
0,2678014
0,2676616
0,3010161
0,3010161
0,2672012
0,2340086
0,1334028
0,1334028
0,1334028
0,1001173
0,06654049
0,06654049
0,06654049
8,407791E-45
8,407791E-45
0
0,0333573
0,06701354
0,06701354
0,1005207
0,1005207
0,1005207
0,1005207
0,06686444
0,06686444
0,1002539
0,1002539
0,03338944
0,03338944
0,03338944
0,03338944
0,03338944
0,03338944
0,03338944
0,03338944
8,649572E-27
8,649572E-27
8,649572E-27
8,649572E-27
7,006492E-45
7,006492E-45
7,006492E-45
7,006492E-45
7,006492E-45
8,407791E-45
8,407791E-45
8,407791E-45
8,407791E-45
8,407791E-45
8,407791E-45
8,407791E-45
8,407791E-45
8,407791E-45
8,407791E-45
8,407791E-45
8,407791E-45
8,407791E-45
0
0
0
0
0
0
0
0
0
0
0
0
0,03331656
0,03331656
0,03331656
0,06630719
0,09934797
0,09934797
0,1661188
0,1661188
0,1661188
0,1661188
0,1328022
0,1660931
0,2325942
0,2325942
0,2657882
0,3326406
0,3661335
0,466549
0,4331118
0,4666705
0,4666705
0,499998
0,4670902
0,4670902
0,4007734
0,3674445
0,3338498
0,2337108
0,2001512
0,2673845
0,2345156
0,2678014
0,2676616
0,3010161
0,3010161
0,2672012
0,2340086
0,1334028
0,1334028
0,1334028
0,1001173
0,06654049
0,03335442
0,03335442
8,407791E-45
8,407791E-45
0
0,0333573
0,0333573
0,0333573
0,0333573
0,0333573
0,06686444
0,06686444
0,06686444
0,06686444
0,06686444
0,06686444
0,03338944
0,03338944
0,03338944
0,03338944
0,03338944
0,03338944
0,03338944
0,03338944
8,649572E-27
8,649572E-27
8,649572E-27
8,649572E-27
7,006492E-45
7,006492E-45
7,006492E-45
7,006492E-45
7,006492E-45
8,407791E-45
8,407791E-45
8,407791E-45
8,407791E-45
8,407791E-45
8,407791E-45
8,407791E-45
8,407791E-45
8,407791E-45
8,407791E-45
8,407791E-45
8,407791E-45
8,407791E-45
0
0
0
0
0
0
0
0
0
0
0,03331656
0,03331656
0,03331656
0,03331656
0,03331656
0,06630719
0,09934797
0,09934797
0,1661188
0,1661188
0,1661188
0,1661188
0,1328022
0,1660931
0,2657165
0,2657165
0,2989104
0,3326406
0,3661335
0,466549
0,4331118
0,4666705
0,4336953
0,4670223
0,4670902
0,4335829
0,3672666
0,3341266
0,3005308
0,2337108
0,2001512
0,2673845
0,2677016
0,3009873
0,2338466
0,2672012
0,2672012
0,2336706
0,2004783
0,1334028
0,1334028
0,1334028
0,1001173
0,06654049
8,407791E-45
8,407791E-45
8,407791E-45
8,407791E-45
0
0,0333573
0,0333573
0,0333573
0,0333573
0,0333573
0,0333573
0,0333573
0,0333573
0,0333573
0,0333573
0,0333573
0,03338944
0,03338944
0,03338944
0,03338944
0,03338944
0,03338944
0,03338944
0,03338944
8,649572E-27
8,649572E-27
8,649572E-27
8,649572E-27
7,006492E-45
7,006492E-45
7,006492E-45
7,006492E-45
7,006492E-45
7,006492E-45
7,006492E-45
7,006492E-45
8,407791E-45
8,407791E-45
8,407791E-45
8,407791E-45
8,407791E-45
8,407791E-45
8,407791E-45
8,407791E-45
8,407791E-45
8,407791E-45
8,407791E-45
8,407791E-45
8,407791E-45
8,407791E-45
8,407791E-45
8,407791E-45
0
0
0
0
0,03331656
0,03331656
0,03331656
0,06630719
0,06630719
0,06630719
0,1326814
0,1326814
0,1661188
0,1661188
0,1661188
0,1990937
0,1991345
0,2324256
0,2991653
0,2991653
0,3325332
0,3664095
0,3997279
0,466549
0,4331118
0,4995385
0,499757
0,5002147
0,4338964
0,4004858
0,3673634
0,3006947
0,2670995
0,2337108
0,2001512
0,3006702
0,2676616
0,2676616
0,2338466
0,2340086
0,2005896
0,1670594
0,1670594
0,1334028
0,1334028
0,1334028
0,1001173
0,06654049
8,407791E-45
8,407791E-45
8,407791E-45
8,407791E-45
0
0,0333573
0,0333573
0,0333573
0,0333573
0,0333573
0,0333573
0,0333573
0,0333573
0,0333573
0,0333573
0,0333573
1,401298E-45
1,401298E-45
8,649572E-27
8,649572E-27
8,649572E-27
8,649572E-27
8,649572E-27
8,649572E-27
8,649572E-27
8,649572E-27
8,649572E-27
8,649572E-27
8,649572E-27
8,649572E-27
7,006492E-45
7,006492E-45
7,006492E-45
7,006492E-45
7,006492E-45
7,006492E-45
7,006492E-45
7,006492E-45
8,407791E-45
8,407791E-45
8,407791E-45
8,407791E-45
8,407791E-45
8,407791E-45
8,407791E-45
8,407791E-45
8,407791E-45
8,407791E-45
8,407791E-45
8,407791E-45
8,407791E-45
8,407791E-45
8,407791E-45
8,407791E-45
0
0
0,03331656
0,03331656
0,03331656
0,06630719
0,06630719
0,06630719
0,1326814
0,1326814
0,1661188
0,1661188
0,1328022
0,1662356
0,2327521
0,2660432
0,2991653
0,2991653
0,3658516
0,3996802
0,3996802
0,4666705
0,5004863
0,5333537
0,5337385
0,5003803
0,4004473
0,4005673
0,3674445
0,3006947
0,2670995
0,2673666
0,2338076
0,3006702
0,2676616
0,3010161
0,2672012
0,2340086
0,2005896
0,1670594
0,1670594
0,1334028
0,1334028
0,1334028
0,1001173
0,06654049
8,407791E-45
8,407791E-45
8,407791E-45
8,407791E-45
0
0,0333573
0,0333573
0,0333573
0,0333573
0,0333573
0,0333573
0,0333573
0,0333573
0,0333573
0,0333573
0,0333573
1,401298E-45
1,401298E-45
1,401298E-45
1,401298E-45
1,401298E-45
8,649572E-27
8,649572E-27
8,649572E-27
8,649572E-27
8,649572E-27
8,649572E-27
8,649572E-27
8,649572E-27
8,649572E-27
8,649572E-27
8,649572E-27
7,006492E-45
7,006492E-45
7,006492E-45
7,006492E-45
7,006492E-45
7,006492E-45
7,006492E-45
7,006492E-45
7,006492E-45
8,407791E-45
8,407791E-45
8,407791E-45
8,407791E-45
8,407791E-45
8,407791E-45
8,407791E-45
8,407791E-45
8,407791E-45
8,407791E-45
8,407791E-45
8,407791E-45
8,407791E-45
8,407791E-45
8,407791E-45
0,03331656
0,03331656
0,03331656
0,06630719
0,09964073
0,09964073
0,1326814
0,1326814
0,1661188
0,1661188
0,1328022
0,1662356
0,2327521
0,2660432
0,3323596
0,3326406
0,3661335
0,4331118
0,4331118
0,4666705
0,5004863
0,5333537
0,5004464
0,4339674
0,3673245
0,3674445
0,334055
0,2673053
0,2337108
0,2673666
0,2338076
0,3006702
0,2676616
0,3010161
0,2672012
0,2340086
0,2005896
0,1670594
0,1670594
0,1334028
0,1334028
0,1334028
0,1001173
0,06654049
8,407791E-45
8,407791E-45
8,407791E-45
8,407791E-45
0
0,0333573
0,0333573
0,0333573
0,0333573
0,0333573
0,0333573
0,0333573
0,0333573
0,0333573
0,0333573
0,0333573
1,401298E-45
1,401298E-45
1,401298E-45
1,401298E-45
1,401298E-45
8,649572E-27
8,649572E-27
8,649572E-27
8,649572E-27
8,649572E-27
8,649572E-27
8,649572E-27
8,649572E-27
8,649572E-27
8,649572E-27
8,649572E-27
8,649572E-27
8,649572E-27
8,649572E-27
7,006492E-45
7,006492E-45
7,006492E-45
7,006492E-45
7,006492E-45
7,006492E-45
7,006492E-45
7,006492E-45
7,006492E-45
8,407791E-45
8,407791E-45
8,407791E-45
8,407791E-45
8,407791E-45
8,407791E-45
8,407791E-45
8,407791E-45
8,407791E-45
8,407791E-45
0,03331656
0,03331656
0,03331656
0,03331656
0,03331656
0,06630719
0,09964073
0,1330781
0,1661188
0,1661188
0,1328022
0,1662512
0,1662512
0,1662356
0,2327521
0,2660432
0,3994613
0,3997428
0,3997279
0,4331118
0,4331118
0,4998624
0,533678
0,5665476
0,5004464
0,4339674
0,3338175
0,3674445
0,3004606
0,2337108
0,2337108
0,2673666
0,2341251
0,3009873
0,2344695
0,2678244
0,2340086
0,2340086
0,2005896
0,1334028
0,1334028
0,1334028
0,1001173
0,06693111
0,06693111
0,03335442
8,407791E-45
8,407791E-45
8,407791E-45
8,407791E-45
0
0
0
0,0333573
0,0333573
0,0333573
0,0333573
0,0333573
0,0333573
0,0333573
0,0333573
0,0333573
1,401298E-45
1,401298E-45
1,401298E-45
1,401298E-45
1,401298E-45
8,649572E-27
8,649572E-27
8,649572E-27
8,649572E-27
8,649572E-27
8,649572E-27
8,649572E-27
8,649572E-27
8,649572E-27
8,649572E-27
8,649572E-27
8,649572E-27
8,649572E-27
8,649572E-27
7,006492E-45
7,006492E-45
7,006492E-45
7,006492E-45
7,006492E-45
7,006492E-45
7,006492E-45
7,006492E-45
7,006492E-45
8,407791E-45
8,407791E-45
8,407791E-45
8,407791E-45
8,407791E-45
8,407791E-45
8,407791E-45
8,407791E-45
0,03331656
0,03331656
0,03331656
0,03331656
0,03331656
0,03331656
0,03331656
0,06630719
0,09964073
0,1330781
0,1328022
0,1328022
0,1328022
0,1992262
0,1992262
0,1662356
0,2658744
0,2991653
0,3661277
0,3998404
0,4331598
0,4331118
0,4331118
0,5327306
0,5335718
0,5002147
0,467315
0,4677228
0,3674486
0,3006947
0,2337108
0,2668969
0,2666228
0,3002795
0,2674108
0,3005265
0,2340086
0,2340086
0,1670594
0,1670594
0,1670594
0,1334028
0,1334028
0,1334028
0,1001173
0,06693111
0,03357664
8,407791E-45
8,407791E-45
8,407791E-45
8,407791E-45
8,407791E-45
0
0
0
0,0333573
0,0333573
0,0333573
0,0333573
0,0333573
0,0333573
0,0333573
0,0333573
0,0333573
1,401298E-45
1,401298E-45
1,401298E-45
1,401298E-45
1,401298E-45
1,401298E-45
1,401298E-45
8,649572E-27
8,649572E-27
8,649572E-27
8,649572E-27
8,649572E-27
8,649572E-27
8,649572E-27
8,649572E-27
8,649572E-27
8,649572E-27
8,649572E-27
8,649572E-27
8,649572E-27
8,649572E-27
8,649572E-27
8,649572E-27
7,006492E-45
7,006492E-45
7,006492E-45
7,006492E-45
7,006492E-45
7,006492E-45
7,006492E-45
8,407791E-45
8,407791E-45
8,407791E-45
8,407791E-45
8,407791E-45
8,407791E-45
0,03331656
0,03331656
0,03331656
0,03331656
0,03331656
0,06630719
0,09964073
0,09964073
0,1326814
0,1661188
0,1328022
0,1328022
0,1328022
0,1992262
0,2323855
0,2326859
0,2658318
0,2991544
0,4661582
0,466549
0,466549
0,4998624
0,4998624
0,5327306
0,5671582
0,5338002
0,4338664
0,4009518
0,3341266
0,3006947
0,2337108
0,2668969
0,2666228
0,3002795
0,2008926
0,2340086
0,2340086
0,2340086
0,1670594
0,1670594
0,1670594
0,1334028
0,1334028
0,1334028
0,1001173
0,06693111
0,03357664
8,407791E-45
8,407791E-45
8,407791E-45
0
0
0
0
0
0,0333573
0,0333573
0,0333573
0,0333573
0,0333573
0,0333573
0,0333573
0,0333573
0,0333573
0
1,401298E-45
1,401298E-45
1,401298E-45
1,401298E-45
1,401298E-45
1,401298E-45
1,401298E-45
1,401298E-45
1,401298E-45
1,401298E-45
1,401298E-45
8,649572E-27
8,649572E-27
8,649572E-27
8,649572E-27
8,649572E-27
8,649572E-27
8,649572E-27
8,649572E-27
8,649572E-27
8,649572E-27
8,649572E-27
8,649572E-27
8,649572E-27
8,649572E-27
7,006492E-45
7,006492E-45
7,006492E-45
7,006492E-45
7,006492E-45
7,006492E-45
7,006492E-45
8,407791E-45
0,03331656
0,03331656
0,03331656
0,03331656
0,03331656
0,03331656
0,03331656
0,06630719
0,09964073
0,09964073
0,1326814
0,1661188
0,1328022
0,1328022
0,1328022
0,1662356
0,1993949
0,2326859
0,3325332
0,3992867
0,4995896
0,466549
0,466549
0,4998624
0,533678
0,5665476
0,5338671
0,5005091
0,4003586
0,3340138
0,3006947
0,3006947
0,2337108
0,3005531
0,3336339
0,3336339
0,2342471
0,2340086
0,2340086
0,2340086
0,1670594
0,1670594
0,1670594
0,1334028
0,1334028
0,1002167
0,03357664
0,03357664
0,03357664
8,407791E-45
8,407791E-45
8,407791E-45
0
0
0
0
0
0,0333573
0,0333573
0,0333573
0,0333573
0,0333573
0,0333573
0,0333573
0,0333573
0,0333573
0,0333573
0,0333573
0,0333573
0,0333573
1,401298E-45
1,401298E-45
1,401298E-45
1,401298E-45
1,401298E-45
1,401298E-45
1,401298E-45
1,401298E-45
1,401298E-45
1,401298E-45
8,649572E-27
8,649572E-27
8,649572E-27
8,649572E-27
8,649572E-27
8,649572E-27
8,649572E-27
8,649572E-27
8,649572E-27
8,649572E-27
8,649572E-27
8,649572E-27
8,649572E-27
8,649572E-27
7,006492E-45
7,006492E-45
7,006492E-45
7,006492E-45
0,03331656
0,03331656
0,03331656
0,03331656
0,03331656
0,03331656
0,03331656
0,03331656
0,06665009
0,09964073
0,09964073
0,1330781
0,1328022
0,1328022
0,1662512
0,1992262
0,1992262
0,1662356
0,2658744
0,3325971
0,399559
0,3998404
0,4997416
0,4663042
0,4663042
0,533282
0,5341219
0,5335422
0,5339478
0,4674681
0,4007672
0,3004188
0,2670995
0,3002861
0,3001823
0,3006459
0,267573
0,267573
0,2342471
0,2340086
0,1670594
0,1670594
0,1670594
0,1670594
0,1670594
0,06693111
0,06693111
0,06693111
0,03357664
0,03357664
0,03357664
8,407791E-45
8,407791E-45
8,407791E-45
0
0
0
0
0
0
0
0,0333573
0,0333573
0,0333573
0,0333573
0,0333573
0,0333573
0,0333573
0,0333573
0,0333573
0,0333573
0,0333573
1,401298E-45
1,401298E-45
1,401298E-45
1,401298E-45
1,401298E-45
1,401298E-45
1,401298E-45
1,401298E-45
1,401298E-45
1,401298E-45
8,649572E-27
8,649572E-27
8,649572E-27
8,649572E-27
8,649572E-27
8,649572E-27
8,649572E-27
8,649572E-27
8,649572E-27
8,649572E-27
8,649572E-27
8,649572E-27
8,649572E-27
8,649572E-27
7,006492E-45
7,006492E-45
7,006492E-45
7,006492E-45
0,03331656
0,03331656
0,03331656
0,03331656
0,03331656
0,03331656
0,06630719
0,06630719
0,09964073
0,09964073
0,09964073
0,1330781
0,1328022
0,1328022
0,1662512
0,1992262
0,2656769
0,2326859
0,2991653
0,4324299
0,4993932
0,4663514
0,4997416
0,4663042
0,4663042
0,533282
0,5342892
0,5337086
0,5339478
0,4341461
0,3341266
0,2670995
0,2337108
0,2668969
0,2666228
0,2670868
0,2342471
0,2342471
0,2342471
0,2340086
0,1670594
0,1670594
0,1670594
0,1334028
0,1334028
0,06693111
0,06693111
0,06693111
0,03357664
0,03357664
0,03357664
8,407791E-45
8,407791E-45
8,407791E-45
0
0
0
0
0
0
0
0,0333573
0,0333573
0,0333573
0,0333573
0,0333573
0,0333573
0,0333573
0,0333573
0,0333573
0,0333573
0,0333573
0
0
1,401298E-45
1,401298E-45
1,401298E-45
1,401298E-45
1,401298E-45
1,401298E-45
1,401298E-45
1,401298E-45
1,401298E-45
1,401298E-45
8,649572E-27
8,649572E-27
8,649572E-27
8,649572E-27
8,649572E-27
8,649572E-27
8,649572E-27
8,649572E-27
8,649572E-27
8,649572E-27
8,649572E-27
8,649572E-27
8,649572E-27
8,649572E-27
7,006492E-45
7,006492E-45
0,03331656
0,03331656
0,03331656
0,03331656
0,03331656
0,03331656
0,06630719
0,09964073
0,09964073
0,09964073
0,09936492
0,1328022
0,1328022
0,1328022
0,1662512
0,1992262
0,2656769
0,2326859
0,3325332
0,465798
0,4993932
0,4663514
0,4997416
0,4998624
0,4998624
0,5661511
0,6006882
0,5672399
0,467247
0,3340138
0,3006947
0,3002861
0,2337044
0,2673606
0,3004415
0,3004415
0,2342471
0,2008278
0,2008278
0,2005896
0,1670594
0,1670594
0,133873
0,1002167
0,1002167
0,03357664
0,03357664
0,03357664
0,03357664
0,03357664
0,03357664
8,407791E-45
0
0
0
0
0
0
0
0
0
0
0
0,0333573
0,0333573
0,0333573
0,0333573
0,0333573
0,0333573
0,0333573
0,0333573
0,0333573
0
0
0
0
1,401298E-45
1,401298E-45
1,401298E-45
1,401298E-45
1,401298E-45
1,401298E-45
1,401298E-45
1,401298E-45
1,401298E-45
1,401298E-45
1,401298E-45
8,649572E-27
8,649572E-27
8,649572E-27
8,649572E-27
8,649572E-27
8,649572E-27
8,649572E-27
8,649572E-27
8,649572E-27
8,649572E-27
8,649572E-27
8,649572E-27
8,649572E-27
0,03331656
0,03331656
0,03331656
0,03331656
0,03331656
0,03331656
0,06630719
0,09964073
0,09964073
0,1330781
0,1328022
0,1662512
0,1662512
0,1662512
0,1994101
0,2655079
0,2989723
0,2994131
0,399559
0,4993932
0,5327814
0,4663042
0,4663042
0,533678
0,5340291
0,5668675
0,5672399
0,467328
0,4005221
0,3336051
0,3002861
0,3002861
0,26699
0,3006459
0,2671157
0,2671157
0,2342471
0,2005896
0,1670594
0,1670594
0,1670594
0,1670594
0,133873
0,06693111
0,06693111
0,03357664
0,03357664
0,03357664
0,03357664
0,03357664
0,03357664
8,407791E-45
0
0
0
0
0
0
0
0
0
0
0
0,0333573
0,0333573
0,0333573
0,0333573
0,0333573
0,0333573
0,0333573
0,0333573
0,0333573
0
0
0
0
0
0
0
0
0
1,401298E-45
1,401298E-45
1,401298E-45
1,401298E-45
1,401298E-45
1,401298E-45
1,401298E-45
1,401298E-45
8,649572E-27
8,649572E-27
8,649572E-27
8,649572E-27
8,649572E-27
8,649572E-27
8,649572E-27
8,649572E-27
8,649572E-27
0,03331656
0,03331656
0,03331656
0,03331656
0,03331656
0,03331656
0,06630719
0,06630719
0,06630719
0,09964073
0,09936492
0,1328022
0,1328022
0,1662512
0,1662512
0,1662512
0,1994101
0,2325174
0,2659816
0,3992465
0,4993932
0,4663514
0,5335565
0,5001195
0,5663131
0,6332932
0,6003164
0,5335771
0,5007541
0,3675205
0,3338806
0,2668969
0,2337044
0,2337044
0,3003446
0,3340011
0,200432
0,167013
0,167013
0,2005896
0,1670594
0,1670594
0,1670594
0,1670594
0,133873
0,03357664
0,03357664
0,03357664
0,03357664
0,03357664
0,03357664
0,03357664
0,03357664
8,407791E-45
0
0
0
0
0
0
0
0
0
0
0
0
0
0
0
0
0
0
0
0
0
0
0
0
0
0
0
0
0
0
0
0
1,401298E-45
1,401298E-45
1,401298E-45
1,401298E-45
1,401298E-45
1,401298E-45
1,401298E-45
8,649572E-27
8,649572E-27
8,649572E-27
8,649572E-27
8,649572E-27
0,03331656
0,03331656
0,03331656
0,03331656
0,03331656
0,03331656
0,03331656
0,03331656
0,06630719
0,09964073
0,0997614
0,0997614
0,1328022
0,1328022
0,1328022
0,1662512
0,1994101
0,2323855
0,2655355
0,3993726
0,4328794
0,4661984
0,4993932
0,4663514
0,5335565
0,5670977
0,6332932
0,6332932
0,6006882
0,4671942
0,4004933
0,3004188
0,3002861
0,2668969
0,2337044
0,2001452
0,2667852
0,3004415
0,200432
0,1334823
0,1334823
0,1670594
0,1670594
0,1670594
0,133873
0,1002167
0,1002167
0,03357664
0,03357664
0,03357664
0,03357664
0,03357664
0,03357664
0,03357664
0,03357664
8,407791E-45
8,407791E-45
0
0
0
0
0
0
0
0
0
0
0
0
0
0
0
0
0
0
0
0
0
0
0
0
0
0
0
0
0
0
0
1,401298E-45
1,401298E-45
1,401298E-45
1,401298E-45
1,401298E-45
1,401298E-45
5,605194E-45
8,649572E-27
8,649572E-27
8,649572E-27
8,649572E-27
8,649572E-27
0,03331656
0,03331656
0,03331656
0,03331656
0,03331656
0,03331656
0,03331656
0,03331656
0,06630719
0,09964073
0,0997614
0,0997614
0,1328022
0,1662512
0,1994101
0,1994101
0,1994101
0,332534
0,3991908
0,4328794
0,4660739
0,5665969
0,5665969
0,5335565
0,5997509
0,6668233
0,6002142
0,6002142
0,5337317
0,4005648
0,4005572
0,3004126
0,2670937
0,2337044
0,26699
0,2670868
0,2671157
0,2335852
0,2004783
0,1670594
0,1670594
0,1670594
0,133873
0,133873
0,133873
0,06693111
0,06693111
0,03357664
0,03357664
0,03357664
0,03357664
0,03357664
8,407791E-45
8,407791E-45
8,407791E-45
8,407791E-45
8,407791E-45
0
0
0
0
0
0
0
0
0
0
0
0
0
0
0
0
0
0
0
0
0
0
0
0
0
0
0
0
0
0
0
0
0
0
0
0
0
5,605194E-45
5,605194E-45
5,605194E-45
5,605194E-45
0,03331656
0,03331656
0,03331656
0,03331656
0,03331656
0,03331656
0,03331656
0,03331656
0,03331656
0,06665009
0,1330781
0,1661188
0,1328022
0,1328022
0,1328022
0,1662512
0,1994101
0,1994101
0,2329173
0,366041
0,3991908
0,4661984
0,4663514
0,5335565
0,5001195
0,5001195
0,5663131
0,6668233
0,5672399
0,5005175
0,4338159
0,367371
0,367238
0,2670937
0,2670937
0,2337044
0,3003446
0,267573
0,2342471
0,1672975
0,1670594
0,1670594
0,1670594
0,1670594
0,133873
0,133873
0,133873
0,03357664
0,03357664
0,03357664
0,03357664
0,03357664
0,03357664
0,03357664
8,407791E-45
8,407791E-45
8,407791E-45
8,407791E-45
8,407791E-45
0
0
0
0
0
0
0
0
0
0
0
0
0
0
0
0
0
0
0
0
0
0
0
0
0
0
0
0
0
0
0
0
0
5,605194E-45
5,605194E-45
5,605194E-45
5,605194E-45
5,605194E-45
5,605194E-45
0,03331656
0,03331656
0,03331656
0,03331656
0,03331656
0,03331656
0,03331656
0,03331656
0,03331656
0,06665009
0,09964073
0,09964073
0,0997614
0,1328022
0,1328022
0,1659611
0,1659611
0,1994101
0,1994101
0,2991725
0,2993457
0,3329092
0,4332092
0,5332073
0,5001665
0,5335565
0,5663131
0,633403
0,600245
0,6336628
0,5672399
0,5005175
0,4670017
0,3004126
0,2670937
0,2670937
0,3337345
0,2339166
0,200591
0,200432
0,200432
0,1334823
0,1670594
0,133873
0,133873
0,133873
0,133873
0,1005873
0,1005873
0,03357664
0,03357664
0,03357664
0,03357664
0,03357664
0,03357664
0,03357664
8,407791E-45
8,407791E-45
8,407791E-45
8,407791E-45
8,407791E-45
8,407791E-45
8,407791E-45
8,407791E-45
0
0
0
0
0
0
0
0
0
0
0
0
0
0
0
0
0
0
0
0
0
0
0
0
0
5,605194E-45
5,605194E-45
5,605194E-45
5,605194E-45
5,605194E-45
5,605194E-45
5,605194E-45
5,605194E-45
5,605194E-45
5,605194E-45
5,605194E-45
0,03331656
0,03331656
0,03331656
0,03331656
0,03331656
0,03331656
0,03331656
0,06675371
0,06675371
0,1000873
0,1330781
0,1661188
0,1328022
0,1328022
0,1328022
0,1659611
0,1659611
0,1994101
0,2329173
0,3992332
0,3991908
0,4328794
0,4998887
0,5332073
0,5334924
0,5668821
0,5997336
0,6668233
0,6336628
0,6334175
0,500365
0,4337508
0,4005572
0,3004126
0,2670937
0,2337044
0,267019
0,2342471
0,2008278
0,1670594
0,1670594
0,1670594
0,1670594
0,133873
0,133873
0,133873
0,133873
0,06693111
0,06693111
0,03357664
0,03357664
0,03357664
0,03357664
8,407791E-45
8,407791E-45
8,407791E-45
8,407791E-45
8,407791E-45
8,407791E-45
8,407791E-45
8,407791E-45
8,407791E-45
8,407791E-45
8,407791E-45
0
0
0
0
0
0
0
0
0
0
0
0
0
0
0
0
0
0
0
0
0
0
0
0
0
5,605194E-45
5,605194E-45
5,605194E-45
5,605194E-45
5,605194E-45
5,605194E-45
5,605194E-45
5,605194E-45
5,605194E-45
5,605194E-45
5,605194E-45
0,03331656
0,03331656
0,03331656
0,03331656
0,03331656
0,06665009
0,06665009
0,1000873
0,1000873
0,1000873
0,0997614
0,1328022
0,1328022
0,1659611
0,1994101
0,1994101
0,2329173
0,3661111
0,3660683
0,4325128
0,4663281
0,5000134
0,5332073
0,5665969
0,5668821
0,5668821
0,5665733
0,5672399
0,5337317
0,5001954
0,4002863
0,366964
0,3004512
0,3004486
0,3004486
0,3007149
0,26686
0,200432
0,167013
0,1670594
0,1670594
0,1670594
0,1670594
0,133873
0,133873
0,1002167
0,1002167
0,03357664
0,03357664
0,03357664
0,03357664
0,03357664
0,03357664
8,407791E-45
8,407791E-45
8,407791E-45
8,407791E-45
8,407791E-45
8,407791E-45
8,407791E-45
8,407791E-45
8,407791E-45
8,407791E-45
8,407791E-45
0
0
0
0
0
0
0
0
0
0
0
0
0
0
0
0
0
0
0
0
0
5,605194E-45
5,605194E-45
5,605194E-45
5,605194E-45
5,605194E-45
5,605194E-45
5,605194E-45
5,605194E-45
5,605194E-45
5,605194E-45
5,605194E-45
5,605194E-45
5,605194E-45
5,605194E-45
5,605194E-45
0,03331656
0,03331656
0,06675371
0,06675371
0,06675371
0,1000873
0,1000873
0,1000873
0,1330781
0,1330781
0,0997614
0,1328022
0,1328022
0,1659611
0,1994101
0,1994101
0,2329173
0,3661111
0,3660683
0,3995218
0,4665316
0,5332073
0,5334924
0,5997509
0,5997336
0,6668233
0,6336628
0,6004241
0,5669174
0,5001954
0,3670925
0,3337696
0,3004512
0,3673901
0,3340647
0,2342471
0,1669015
0,1669015
0,1334823
0,1670594
0,1670594
0,133873
0,133873
0,133873
0,06723288
0,03357664
0,03357664
0,03357664
0,03357664
0,03357664
0,03357664
0,03357664
0,03357664
2,353522E-32
2,353522E-32
8,407791E-45
8,407791E-45
8,407791E-45
8,407791E-45
8,407791E-45
8,407791E-45
8,407791E-45
8,407791E-45
8,407791E-45
0
0
0
0
0
0
0
0
0
0
0
0
0
0
0
0
0
0
0
0
0
5,605194E-45
5,605194E-45
5,605194E-45
5,605194E-45
5,605194E-45
5,605194E-45
5,605194E-45
5,605194E-45
5,605194E-45
5,605194E-45
5,605194E-45
5,605194E-45
5,605194E-45
0,03331656
0,03331656
0,06675371
0,06675371
0,06675371
0,1000873
0,1000873
0,1000873
0,1330781
0,1330781
0,0997614
0,1328022
0,1328022
0,1659611
0,1994101
0,1994101
0,2330048
0,2665122
0,2331785
0,4000469
0,4665316
0,4664136
0,4666975
0,5329237
0,5664535
0,633403
0,6336628
0,6333998
0,5998926
0,5334881
0,4335754
0,3669623
0,2670937
0,3337345
0,3004085
0,3005054
0,2331596
0,1669015
0,1670594
0,1670594
0,1670594
0,133873
0,133873
0,133873
0,06723288
0,03357664
0,03357664
0,03357664
0,03357664
0,03357664
0,03357664
0,03357664
2,848773E-32
2,848773E-32
2,848773E-32
2,848773E-32
2,848773E-32
2,848773E-32
2,353522E-32
2,353522E-32
2,353522E-32
8,407791E-45
8,407791E-45
8,407791E-45
8,407791E-45
8,407791E-45
0
0
0
0
0
0
0
0
0
0
0
0
0
0
0
0
0
0
0
0
0
5,605194E-45
5,605194E-45
5,605194E-45
5,605194E-45
5,605194E-45
5,605194E-45
5,605194E-45
5,605194E-45
5,605194E-45
5,605194E-45
5,605194E-45
0,03331656
0,03331656
0,03331656
0,03331656
0,06675371
0,1000873
0,1000873
0,1000873
0,1000873
0,1000873
0,1330781
0,1662368
0,1329202
0,1994101
0,1994101
0,1994101
0,1994101
0,2329173
0,3998166
0,3664831
0,4332058
0,4666557
0,4998507
0,4664136
0,5000877
0,5663131
0,5666866
0,600245
0,6001568
0,5334881
0,499892
0,4000866
0,3337696
0,3337696
0,2670937
0,2999189
0,2665927
0,2333005
0,2333471
0,2004783
0,1670594
0,1670594
0,1670594
0,133873
0,133873
0,133873
0,06723288
0,03357664
0,03357664
0,03357664
0,03357664
0,03357664
0,03357664
0,03357664
2,848773E-32
2,848773E-32
2,848773E-32
2,848773E-32
2,848773E-32
2,848773E-32
2,353522E-32
2,353522E-32
2,353522E-32
8,407791E-45
8,407791E-45
8,407791E-45
8,407791E-45
8,407791E-45
0
0
0
0
0
0
0
0
0
0
0
0
0
0
0
0
0
0
0
0
0
5,605194E-45
5,605194E-45
5,605194E-45
5,605194E-45
5,605194E-45
5,605194E-45
5,605194E-45
5,605194E-45
5,605194E-45
1,401298E-45
5,605194E-45
0,03331656
0,03331656
0,06675371
0,06675371
0,06675371
0,1000873
0,1000873
0,1000873
0,1000873
0,1000873
0,1330781
0,199278
0,1659611
0,1994101
0,1994101
0,1994101
0,1994101
0,2329173
0,3998166
0,3664831
0,4332058
0,4332192
0,4997389
0,5659648
0,5998431
0,6332639
0,6332906
0,6668494
0,6333415
0,5334881
0,499892
0,4000866
0,3337696
0,3671242
0,2671228
0,3002492
0,3002492
0,167013
0,1670594
0,1670594
0,133873
0,133873
0,133873
0,133873
0,1005183
0,06686214
0,03357664
0,03357664
0,03357664
0,03357664
0,03357664
0,03357664
0,03357664
0,03357664
3,230737E-32
3,230737E-32
3,230737E-32
3,230737E-32
3,230737E-32
2,848773E-32
2,848773E-32
2,848773E-32
2,848773E-32
8,407791E-45
8,407791E-45
8,407791E-45
8,407791E-45
8,407791E-45
0
0
0
0
0
0
0
0
0
0
0
0
0
0
0
0
0
0
0
0
0
5,605194E-45
5,605194E-45
5,605194E-45
5,605194E-45
5,605194E-45
5,605194E-45
5,605194E-45
5,605194E-45
7,006492E-45
5,605194E-45
5,605194E-45
0,03331656
0,03331656
0,06675371
0,1000873
0,1000873
0,1000873
0,1000873
0,1000873
0,1000873
0,1332467
0,1663694
0,1994101
0,1994101
0,1994101
0,1994101
0,2333988
0,3003155
0,333607
0,4665244
0,4997189
0,4997189
0,4664136
0,5331286
0,5993533
0,5666866
0,6336628
0,5998926
0,5328671
0,5328671
0,4665703
0,4333757
0,3669279
0,2999908
0,3669321
0,2339911
0,2340086
0,2340086
0,2005896
0,1670594
0,1670594
0,133873
0,133873
0,1005183
0,1005183
0,06723288
0,03357664
0,03357664
0,03357664
0,03357664
0,03357664
0,03357664
8,772115E-33
8,772115E-33
8,772115E-33
3,230737E-32
3,230737E-32
3,230737E-32
3,230737E-32
3,230737E-32
2,848773E-32
2,848773E-32
2,848773E-32
2,848773E-32
2,353522E-32
2,353522E-32
2,353522E-32
8,407791E-45
8,407791E-45
0
0
0
0
0
0
0
0
0
0
0
0
0
0
0
0
0
0
0
0
0
5,605194E-45
5,605194E-45
5,605194E-45
5,605194E-45
1,401298E-45
1,401298E-45
5,605194E-45
5,605194E-45
5,605194E-45
5,605194E-45
0,03343717
0,06675371
0,06675371
0,06675371
0,1000873
0,1000873
0,1000873
0,1000873
0,1000873
0,1661188
0,199278
0,1994101
0,1994101
0,1994101
0,2329173
0,2662395
0,2667212
0,366821
0,400112
0,4332192
0,5331286
0,5331286
0,5331286
0,5336185
0,6332639
0,5997827
0,6333415
0,5998926
0,4995449
0,4662539
0,3667675
0,3004512
0,3674616
0,3005401
0,3338261
0,2675684
0,2340086
0,2004783
0,1670594
0,133873
0,133873
0,133873
0,133873
0,1005183
0,06686214
0,03357664
0,03357664
0,03357664
0,03357664
0,03357664
3,515228E-11
8,772115E-33
8,772115E-33
8,772115E-33
8,772115E-33
3,230737E-32
3,230737E-32
3,230737E-32
3,230737E-32
3,230737E-32
3,230737E-32
3,230737E-32
3,230737E-32
3,230737E-32
2,353522E-32
2,353522E-32
2,353522E-32
8,407791E-45
8,407791E-45
0
0
0
0
0
0
0
0
0
0
0
1,401298E-45
1,401298E-45
1,401298E-45
1,401298E-45
1,401298E-45
1,401298E-45
1,401298E-45
1,401298E-45
1,401298E-45
1,401298E-45
1,401298E-45
1,401298E-45
1,401298E-45
5,605194E-45
5,605194E-45
5,605194E-45
5,605194E-45
5,605194E-45
8,407791E-45
0,03331656
0,1000873
0,1000873
0,1000873
0,1000873
0,1000873
0,1000873
0,1330781
0,1330781
0,1662368
0,1994101
0,1994101
0,1994101
0,2329173
0,2329173
0,2333988
0,3337474
0,3670728
0,4001314
0,433422
0,4665448
0,5331286
0,5331286
0,5993533
0,5663636
0,5998926
0,5998926
0,5328671
0,5328671
0,4665703
0,4666334
0,3663072
0,2666649
0,3003211
0,2676716
0,2338678
0,2004783
0,2004783
0,1672922
0,133873
0,133873
0,133873
0,133873
0,133873
0,1005183
0,06686214
0,03357664
0,03357664
0,03357664
0,03357664
0,03357664
3,515228E-11
3,819558E-33
3,819558E-33
8,772115E-33
8,772115E-33
3,230737E-32
3,230737E-32
3,230737E-32
3,230737E-32
3,230737E-32
3,230737E-32
3,230737E-32
3,230737E-32
3,230737E-32
2,735475E-32
2,735475E-32
2,735475E-32
8,407791E-45
8,407791E-45
0
0
0
0
0
0
0
1,401298E-45
1,401298E-45
1,401298E-45
1,401298E-45
1,401298E-45
1,401298E-45
1,401298E-45
1,401298E-45
1,401298E-45
1,401298E-45
1,401298E-45
1,401298E-45
1,401298E-45
1,401298E-45
1,401298E-45
1,401298E-45
1,401298E-45
5,605194E-45
5,605194E-45
8,407791E-45
8,407791E-45
0,03331656
0,1000873
0,1000873
0,1000873
0,1000873
0,1000873
0,1000873
0,1000873
0,1000873
0,1330781
0,1661188
0,199278
0,1994101
0,1994101
0,1994101
0,1661464
0,199469
0,2332839
0,3666035
0,4332205
0,433422
0,5000052
0,5994155
0,5994155
0,5663747
0,5997336
0,5997827
0,5998926
0,5998926
0,4995449
0,4996088
0,4333145
0,4001202
0,3666897
0,3002417
0,3671832
0,2675684
0,2004783
0,2004783
0,1670594
0,133873
0,133873
0,133873
0,133873
0,1005183
0,06686214
0,03357664
0,03357664
0,03357664
0,03357664
3,515228E-11
3,515228E-11
3,515228E-11
3,515228E-11
3,515228E-11
3,515228E-11
3,515228E-11
3,515228E-11
8,772115E-33
8,772115E-33
3,230737E-32
3,230737E-32
3,230737E-32
3,230737E-32
3,230737E-32
3,230737E-32
3,230737E-32
3,230737E-32
3,230737E-32
2,735475E-32
2,353522E-32
2,353522E-32
0
0
0
0
0
0
0
1,401298E-45
1,401298E-45
1,401298E-45
1,401298E-45
1,401298E-45
1,401298E-45
1,401298E-45
1,401298E-45
1,401298E-45
1,401298E-45
1,401298E-45
1,401298E-45
1,401298E-45
1,401298E-45
1,401298E-45
5,605194E-45
5,605194E-45
5,605194E-45
5,605194E-45
8,407791E-45
8,407791E-45
0,03331656
0,1000873
0,1000873
0,1000873
0,1000873
0,1000873
0,1000873
0,1330781
0,1330781
0,1662368
0,199278
0,199278
0,1994101
0,2329173
0,2667328
0,1999615
0,3336291
0,4001467
0,4331219
0,4998026
0,4999335
0,4999686
0,5662572
0,5662572
0,5664271
0,5663343
0,5663343
0,5664617
0,5664617
0,4662265
0,4328591
0,3667615
0,3335272
0,333794
0,3009254
0,2673945
0,2340376
0,1672922
0,1672922
0,133873
0,133873
0,133873
0,133873
0,1002167
0,03357664
0,03357664
0,03357664
3,515228E-11
3,515228E-11
3,515228E-11
3,515228E-11
3,515228E-11
3,515228E-11
3,515228E-11
3,515228E-11
3,515228E-11
3,515228E-11
3,515228E-11
3,515228E-11
3,515228E-11
3,515228E-11
3,230737E-32
3,230737E-32
3,230737E-32
3,230737E-32
3,230737E-32
3,230737E-32
3,230737E-32
3,230737E-32
2,735475E-32
2,735475E-32
2,735475E-32
0
0
0
1,401298E-45
1,401298E-45
1,401298E-45
1,401298E-45
1,401298E-45
1,401298E-45
1,401298E-45
1,401298E-45
1,401298E-45
1,401298E-45
1,401298E-45
1,401298E-45
1,401298E-45
1,401298E-45
1,401298E-45
1,401298E-45
5,605194E-45
5,605194E-45
5,605194E-45
5,605194E-45
5,605194E-45
8,407791E-45
8,407791E-45
0,03331656
0,1000873
0,1000873
0,1000873
0,1000873
0,1000873
0,1000873
0,1000873
0,1000873
0,1662368
0,1662368
0,1996862
0,1994101
0,1994101
0,1994101
0,1997411
0,3003097
0,3003097
0,3336291
0,4334376
0,4995345
0,4997655
0,5001949
0,567065
0,59984
0,5663343
0,5663343
0,5331389
0,5331389
0,4995449
0,4996088
0,4333145
0,3998837
0,4004177
0,3671832
0,3002634
0,2340376
0,1672922
0,1672922
0,133873
0,133873
0,1005183
0,1005183
0,1005183
0,1005183
0,06686214
0,03357664
0,03357664
0,03357664
8,649572E-27
8,649572E-27
3,515228E-11
3,515228E-11
3,515228E-11
3,515228E-11
3,515228E-11
3,515228E-11
3,515228E-11
3,515228E-11
3,515228E-11
3,515228E-11
3,515228E-11
3,515228E-11
3,515228E-11
3,515228E-11
3,515228E-11
3,515228E-11
3,230737E-32
3,230737E-32
3,230737E-32
3,230737E-32
2,735475E-32
2,735475E-32
2,735475E-32
0
0
0
1,401298E-45
1,401298E-45
1,401298E-45
1,401298E-45
1,401298E-45
1,401298E-45
1,401298E-45
1,401298E-45
1,401298E-45
1,401298E-45
1,401298E-45
1,401298E-45
1,401298E-45
1,401298E-45
5,605194E-45
5,605194E-45
5,605194E-45
5,605194E-45
8,407791E-45
8,407791E-45
8,407791E-45
0,03331656
0,03331656
0,03331656
0,1000873
0,1000873
0,1000873
0,1000873
0,1000873
0,1000873
0,1000873
0,1000873
0,1662368
0,1659611
0,1994101
0,1994101
0,2332253
0,2665472
0,2668784
0,366821
0,4668576
0,5002477
0,5002477
0,5333519
0,5003468
0,5332156
0,5999327
0,6333998
0,5998926
0,5999251
0,5664943
0,5664943
0,4663886
0,4328591
0,3998837
0,3666495
0,3009254
0,3009254
0,2338355
0,1670594
0,133873
0,133873
0,1005183
0,1005183
0,1005183
0,1005183
0,06686214
0,06686214
0,06686214
2,524308E-33
2,524308E-33
2,524308E-33
8,649572E-27
8,649572E-27
3,515228E-11
3,515228E-11
3,515228E-11
3,515228E-11
3,515228E-11
3,515228E-11
3,515228E-11
3,515228E-11
3,515228E-11
3,515228E-11
3,515228E-11
3,515228E-11
3,515228E-11
3,515228E-11
3,515228E-11
3,515228E-11
3,230737E-32
3,230737E-32
3,230737E-32
3,230737E-32
2,735475E-32
2,735475E-32
2,735475E-32
0
0
0
1,401298E-45
1,401298E-45
1,401298E-45
1,401298E-45
1,401298E-45
1,401298E-45
1,401298E-45
1,401298E-45
1,401298E-45
1,401298E-45
1,401298E-45
1,401298E-45
5,605194E-45
5,605194E-45
5,605194E-45
5,605194E-45
8,407791E-45
8,407791E-45
8,407791E-45
8,407791E-45
8,407791E-45
0,06675371
0,06675371
0,1000873
0,1000873
0,1000873
0,1000873
0,1000873
0,1000873
0,1000873
0,1662368
0,1996862
0,1996862
0,2332253
0,1998916
0,1664546
0,2335563
0,3336291
0,3669544
0,433536
0,5002477
0,5002319
0,5337965
0,5997873
0,5999327
0,59984
0,5663343
0,5998926
0,5998926
0,5664943
0,4993424
0,4660164
0,3998491
0,3331688
0,2671775
0,2672694
0,2675684
0,2675684
0,1672922
0,133873
0,133873
0,133873
0,1005183
0,1005183
0,1005183
0,1005183
0,03357664
2,524308E-33
2,524308E-33
2,524308E-33
2,524308E-33
2,524308E-33
2,524308E-33
2,524308E-33
8,649572E-27
8,649572E-27
8,649572E-27
3,515228E-11
3,515228E-11
3,515228E-11
3,515228E-11
3,515228E-11
3,515228E-11
3,515228E-11
3,515228E-11
3,515228E-11
3,515228E-11
3,515228E-11
3,515228E-11
3,515228E-11
3,515228E-11
3,515228E-11
3,230737E-32
3,230737E-32
2,735475E-32
2,735475E-32
2,735475E-32
0
0
0
1,401298E-45
1,401298E-45
1,401298E-45
1,401298E-45
1,401298E-45
1,401298E-45
1,401298E-45
1,401298E-45
1,401298E-45
1,401298E-45
1,401298E-45
1,401298E-45
5,605194E-45
8,407791E-45
8,407791E-45
8,407791E-45
8,407791E-45
8,407791E-45
8,407791E-45
0,06675371
0,06675371
0,1000873
0,1000873
0,1000873
0,1000873
0,1000873
0,1000873
0,1000873
0,1000873
0,1000873
0,1662368
0,1994101
0,1660767
0,1664546
0,1999615
0,2667153
0,3003097
0,400112
0,4668576
0,5667528
0,5667528
0,5666305
0,5668101
0,5999327
0,5999327
0,599969
0,5998155
0,5664943
0,5664943
0,5664943
0,4661497
0,3995336
0,366558
0,3332604
0,2675061
0,2007893
0,1674323
0,1674323
0,133873
0,133873
0,133873
0,133873
0,1005183
0,1005183
0,03357664
0,03357664
0,03357664
0
7,006492E-45
7,006492E-45
7,006492E-45
8,407791E-45
8,407791E-45
8,407791E-45
8,407791E-45
2,524308E-33
8,649572E-27
8,649572E-27
8,649572E-27
8,649572E-27
8,649572E-27
3,515228E-11
3,515228E-11
3,515228E-11
3,515228E-11
3,515228E-11
3,515228E-11
3,515228E-11
3,515228E-11
3,515228E-11
3,515228E-11
3,515228E-11
3,515228E-11
3,515228E-11
3,230737E-32
3,230737E-32
3,230737E-32
0
0
0
0
0
0
0
0
0
0
0
1,401298E-45
1,401298E-45
1,401298E-45
1,401298E-45
5,605194E-45
8,407791E-45
8,407791E-45
8,407791E-45
8,407791E-45
8,407791E-45
8,407791E-45
0,06675371
0,06675371
0,1000873
0,1000873
0,1000873
0,1000873
0,1000873
0,1000873
0,1000873
0,1662368
0,1996862
0,2335011
0,2665472
0,2665328
0,2330957
0,3335229
0,4002452
0,4336349
0,4668269
0,5002477
0,5337602
0,5006025
0,5665934
0,5999327
0,6334916
0,6668473
0,6000015
0,5664943
0,4993424
0,4660164
0,4327256
0,3995336
0,3661439
0,3337019
0,333794
0,2675061
0,2007893
0,133873
0,1005183
0,1005183
0,1005183
0,1005183
0,1005183
0,1005183
0,1005183
0
0
0
0
0
0
0
8,407791E-45
8,407791E-45
8,407791E-45
8,407791E-45
2,524308E-33
8,649572E-27
8,649572E-27
8,649572E-27
8,649572E-27
8,649572E-27
8,649572E-27
8,649572E-27
8,649572E-27
8,649572E-27
3,515228E-11
3,515228E-11
3,515228E-11
3,515228E-11
3,515228E-11
3,515228E-11
3,515228E-11
3,515228E-11
3,515228E-11
3,230737E-32
3,230737E-32
3,230737E-32
0
0
0
0
0
0
0
0
0
0
0
1,401298E-45
5,605194E-45
8,407791E-45
8,407791E-45
8,407791E-45
8,407791E-45
8,407791E-45
8,407791E-45
0,03343717
0,06675371
0,06675371
0,1000873
0,1000873
0,1000873
0,1000873
0,1000873
0,1000873
0,1000873
0,1666952
0,1666952
0,1996862
0,2330048
0,2668053
0,3000792
0,3335867
0,4004371
0,4669553
0,5002477
0,5002477
0,5667528
0,5995848
0,5997804
0,6329731
0,6329731
0,5664833
0,6333998
0,6668266
0,5331569
0,5331569
0,4661497
0,3994348
0,3661439
0,3331688
0,3332604
0,2675061
0,2007893
0,1674323
0,1674323
0,133873
0,1005183
0,1005183
0,1005183
0,1005183
0,06694168
0
0
0
0
0
0
0
0
0
7,006492E-45
7,006492E-45
8,407791E-45
8,407791E-45
8,407791E-45
8,407791E-45
8,407791E-45
8,407791E-45
8,649572E-27
8,649572E-27
8,649572E-27
8,649572E-27
8,649572E-27
8,649572E-27
3,515228E-11
3,515228E-11
3,515228E-11
3,515228E-11
3,515228E-11
3,515228E-11
3,515228E-11
3,515228E-11
3,515228E-11
3,230737E-32
3,230737E-32
3,230737E-32
0
0
0
0
0
0
0
0
0
1,401298E-45
5,605194E-45
8,407791E-45
8,407791E-45
8,407791E-45
8,407791E-45
8,407791E-45
8,407791E-45
8,407791E-45
8,407791E-45
0,03343717
0,06675371
0,06675371
0,1000873
0,1000873
0,1000873
0,1000873
0,1000873
0,1000873
0,1000873
0,1996862
0,1663694
0,2001845
0,300142
0,3336345
0,3670181
0,4003443
0,467054
0,5002477
0,5337761
0,5666465
0,6328065
0,6659657
0,6329731
0,6329731
0,6665325
0,5998898
0,5664943
0,566256
0,4993424
0,4327256
0,3995336
0,3661439
0,3658988
0,3337111
0,2673312
0,2007893
0,2007893
0,133873
0,1005183
0,1005183
0,1005183
0,1005183
0,1005183
0,06686214
0,03328551
0
0
0
0
0
0
0
0
0
0
0
0
7,006492E-45
8,407791E-45
8,407791E-45
8,407791E-45
8,407791E-45
8,407791E-45
8,407791E-45
8,649572E-27
8,649572E-27
8,649572E-27
8,649572E-27
8,649572E-27
3,515228E-11
3,515228E-11
3,515228E-11
3,515228E-11
3,515228E-11
3,515228E-11
3,515228E-11
3,515228E-11
3,515228E-11
3,515228E-11
3,230737E-32
0
0
0
0
0
0
0
1,401298E-45
8,407791E-45
8,407791E-45
8,407791E-45
8,407791E-45
8,407791E-45
8,407791E-45
8,407791E-45
8,407791E-45
8,407791E-45
0,03343717
0,03343717
0,03343717
0,1000873
0,1000873
0,1000873
0,1000873
0,1000873
0,1000873
0,1665269
0,1996862
0,1996862
0,2660454
0,2996461
0,3001974
0,4003091
0,4336349
0,467054
0,467054
0,467054
0,5002477
0,5337761
0,5666087
0,5997804
0,6329731
0,6666608
0,6334656
0,5667133
0,5667133
0,5331569
0,4327256
0,4327256
0,399336
0,3331688
0,3331688
0,3329236
0,2671699
0,2007893
0,1672301
0,1338758
0,1005183
0,1005183
0,1005183
0,1005183
0,06694168
0,06694168
0,03328551
0,03328551
0
0
0
0
0
0
0
0
0
0
0
0
7,006492E-45
7,006492E-45
7,006492E-45
8,407791E-45
8,407791E-45
8,407791E-45
8,407791E-45
8,649572E-27
8,649572E-27
8,649572E-27
8,649572E-27
8,649572E-27
8,649572E-27
8,649572E-27
3,515228E-11
3,515228E-11
3,515228E-11
3,515228E-11
3,515228E-11
3,515228E-11
3,515228E-11
3,515228E-11
3,230737E-32
0
0
0
0
0
0
0
5,605194E-45
8,407791E-45
8,407791E-45
8,407791E-45
8,407791E-45
8,407791E-45
8,407791E-45
8,407791E-45
8,407791E-45
0,03333361
0,06677075
0,1000873
0,1000873
0,1000873
0,1000873
0,1000873
0,1000873
0,1000873
0,1000873
0,1998458
0,2660454
0,2665436
0,2332104
0,3335167
0,3670059
0,4337282
0,500584
0,5337761
0,5337761
0,5337761
0,6327428
0,6659292
0,6995403
0,7004238
0,7004238
0,633657
0,6001487
0,5667521
0,5329381
0,4993424
0,399336
0,2997492
0,2995049
0,2335134
0,2003195
0,2007893
0,1672301
0,1338758
0,1005183
0,1005183
0,1005183
0,06694168
0,06694168
0,06694168
0,06694168
0,06694168
0
0
0
0
0
0
0
0
0
0
0
0
0
0
0
0
0
8,407791E-45
8,407791E-45
8,407791E-45
8,407791E-45
8,649572E-27
8,649572E-27
8,649572E-27
8,649572E-27
8,649572E-27
8,649572E-27
8,649572E-27
3,515228E-11
3,515228E-11
3,515228E-11
3,515228E-11
3,515228E-11
3,515228E-11
3,515228E-11
3,515228E-11
3,515228E-11
3,515228E-11
0
0
0
0
8,407791E-45
8,407791E-45
8,407791E-45
8,407791E-45
8,407791E-45
8,407791E-45
8,407791E-45
8,407791E-45
8,407791E-45
8,407791E-45
0,03343717
0,1000873
0,1000873
0,1000873
0,1000873
0,1000873
0,1000873
0,1000873
0,1000873
0,1335363
0,2005105
0,3001423
0,366474
0,4002825
0,400345
0,4671656
0,500584
0,5337761
0,5337761
0,5337761
0,5669633
0,5669633
0,5997804
0,5997804
0,6665509
0,6669743
0,6334656
0,49958
0,4662539
0,4660164
0,4327256
0,4327256
0,3990909
0,2666356
0,2002557
0,2007893
0,2007893
0,2007893
0,1672301
0,1338758
0,1005183
0,1005183
0,1005183
0,06694168
0,06694168
0,03365624
0
0
0
0
0
0
0
0
0
0
0
0
0
0
0
0
0
0
0
1,401298E-45
7,006492E-45
7,006492E-45
8,407791E-45
8,407791E-45
8,407791E-45
8,649572E-27
8,649572E-27
8,649572E-27
8,649572E-27
8,649572E-27
3,515228E-11
3,515228E-11
3,515228E-11
3,515228E-11
3,515228E-11
3,515228E-11
3,515228E-11
3,515228E-11
3,515228E-11
3,515228E-11
0
0
0
0
8,407791E-45
8,407791E-45
8,407791E-45
8,407791E-45
8,407791E-45
8,407791E-45
8,407791E-45
8,407791E-45
8,407791E-45
0,03333361
0,06677075
0,1000873
0,1000873
0,1000873
0,1000873
0,1000873
0,1000873
0,1000873
0,1333784
0,2334685
0,3334831
0,366474
0,433456
0,500696
0,500584
0,500584
0,500584
0,5337761
0,5337761
0,5997691
0,6659292
0,7328598
0,6999041
0,6671008
0,6335942
0,5333946
0,5333946
0,49958
0,3995436
0,3659174
0,3992024
0,3333589
0,2666343
0,2339756
0,2007893
0,1672301
0,1672301
0,1338758
0,1338758
0,1338758
0,1005183
0,06694168
0,06694168
0,03365624
0
0
0
0
0
0
0
0
0
0
0
0
0
0
0
0
0
0
0
0
0
1,401298E-45
7,006492E-45
7,006492E-45
7,006492E-45
7,006492E-45
8,407791E-45
8,407791E-45
8,407791E-45
8,407791E-45
8,649572E-27
8,649572E-27
3,515228E-11
3,515228E-11
3,515228E-11
3,515228E-11
3,515228E-11
3,515228E-11
3,515228E-11
3,515228E-11
3,515228E-11
3,515228E-11
0
0
8,407791E-45
8,407791E-45
8,407791E-45
8,407791E-45
8,407791E-45
8,407791E-45
8,407791E-45
8,407791E-45
8,407791E-45
0,03343717
0,03343717
0,06677075
0,06677075
0,1000873
0,1000873
0,1000873
0,1000873
0,1000873
0,1335363
0,1668553
0,2333052
0,2996183
0,433458
0,4336717
0,4671535
0,500584
0,500584
0,500584
0,500584
0,5337761
0,5673541
0,666698
0,6667106
0,7002687
0,6666955
0,6003321
0,4996213
0,46619
0,3992698
0,3992698
0,3325593
0,3659174
0,3324795
0,3002917
0,2339121
0,1672301
0,1338758
0,1002991
0,1002991
0,1002991
0,1002991
0,1002991
0,06694168
0,06694168
0,03328551
0
0
0
0
0
0
0
0
0
0
0
0
0
0
0
0
0
0
0
0
0
0
1,401298E-45
1,401298E-45
1,401298E-45
1,401298E-45
7,006492E-45
8,407791E-45
8,407791E-45
8,407791E-45
2,735475E-32
8,649596E-27
8,649596E-27
8,649596E-27
8,649596E-27
3,515228E-11
3,515228E-11
3,515228E-11
3,515228E-11
3,515228E-11
3,515228E-11
3,515228E-11
3,515228E-11
0
0
8,407791E-45
8,407791E-45
8,407791E-45
8,407791E-45
8,407791E-45
8,407791E-45
8,407791E-45
0,03343717
0,03343717
0,06677075
0,06677075
0,06677075
0,06677075
0,1000873
0,1000873
0,1333784
0,1999866
0,2330274
0,2330274
0,3326584
0,3995784
0,4665987
0,5338031
0,4671535
0,4671535
0,500584
0,5337761
0,5337761
0,5337761
0,5997691
0,6333553
0,6332623
0,666455
0,633653
0,5332304
0,4998001
0,3992698
0,3659787
0,3659174
0,2991941
0,3324795
0,299611
0,2664248
0,2339835
0,2007893
0,1672301
0,1338758
0,1002991
0,1002991
0,1002991
0,06694168
0,06694168
0,06694168
0,03365624
0
0
0
0
0
0
0
0
0
0
0
0
0
0
0
0
0
0
0
0
0
0
0
1,401298E-45
1,401298E-45
1,401298E-45
8,407791E-45
8,407791E-45
8,407791E-45
8,407791E-45
8,407791E-45
2,735475E-32
3,230737E-32
3,483168E-32
8,649596E-27
8,649596E-27
3,515228E-11
3,515228E-11
3,515228E-11
3,515228E-11
3,515228E-11
3,515228E-11
3,515228E-11
3,515228E-11
0
0
8,407791E-45
8,407791E-45
8,407791E-45
8,407791E-45
8,407791E-45
8,407791E-45
8,407791E-45
0,06677075
0,06677075
0,06677075
0,06677075
0,1000873
0,1000873
0,1000873
0,1000873
0,166697
0,2333052
0,2663462
0,2663462
0,4000371
0,4669576
0,4671535
0,4671535
0,5337761
0,5337761
0,5337761
0,5337761
0,5997691
0,6663188
0,6996739
0,666586
0,6666955
0,6331902
0,49958
0,4325953
0,4658808
0,4659126
0,3994292
0,3331415
0,299611
0,299611
0,2671699
0,2007893
0,1672301
0,1002991
0,1002991
0,1002991
0,1002991
0,1002991
0,1002991
0,06694168
0,03365624
0
0
0
0
0
0
0
0
0
0
0
0
0
0
0
0
0
0
0
0
0
0
0
0
0
1,401298E-45
1,401298E-45
1,401298E-45
8,407791E-45
8,407791E-45
8,407791E-45
8,407791E-45
8,407791E-45
2,735475E-32
3,230737E-32
3,230737E-32
8,649596E-27
8,649596E-27
3,515228E-11
3,515228E-11
3,515228E-11
3,515228E-11
3,515228E-11
3,515228E-11
3,515228E-11
3,515228E-11
8,407791E-45
8,407791E-45
8,407791E-45
8,407791E-45
8,407791E-45
8,407791E-45
8,407791E-45
8,407791E-45
8,407791E-45
0,06677075
0,06677075
0,1000873
0,1000873
0,1000873
0,1000873
0,2001459
0,2666944
0,2997352
0,366656
0,4329689
0,4664989
0,5004694
0,5004694
0,4671535
0,5007306
0,5673541
0,5673541
0,6002229
0,6335753
0,666698
0,6995762
0,699688
0,6666955
0,5333492
0,4998425
0,4325901
0,3992643
0,332315
0,3656722
0,3324795
0,299611
0,3000809
0,2668867
0,1672301
0,1002991
0,1002991
0,1002991
0,1002991
0,1002991
0,1002991
0,1002991
0,06701354
0
0
0
0
0
0
0
0
0
0
0
0
0
0
0
0
0
0
0
0
0
0
0
0
0
0
0
1,401298E-45
1,401298E-45
1,401298E-45
8,407791E-45
8,407791E-45
8,407791E-45
8,407791E-45
8,407791E-45
2,735475E-32
3,230737E-32
3,230737E-32
8,649596E-27
8,649596E-27
3,515228E-11
3,515228E-11
3,515228E-11
3,515228E-11
3,515228E-11
3,515228E-11
3,515228E-11
3,515228E-11
8,407791E-45
8,407791E-45
8,407791E-45
8,407791E-45
8,407791E-45
8,407791E-45
8,649572E-27
0,03333361
0,03333361
0,06677075
0,06677075
0,1000873
0,1000873
0,1333784
0,1333784
0,233187
0,3330614
0,3993739
0,4663884
0,5003758
0,5339066
0,5339003
0,5339003
0,500584
0,5341622
0,5673541
0,5673541
0,6333464
0,6996739
0,666351
0,633265
0,5670424
0,500209
0,3663746
0,3663746
0,3658449
0,3658449
0,332315
0,3656722
0,3661353
0,3001448
0,2339835
0,2007893
0,1672301
0,1002991
0,1002991
0,1002991
0,1002991
0,1002991
0,06694168
0,06694168
0
0
0
0
0
0
0
0
0
0
0
0
0
0
0
0
0
0
0
0
0
0
0
0
0
1,401298E-45
1,401298E-45
1,401298E-45
8,407791E-45
8,407791E-45
8,407791E-45
8,407791E-45
8,407791E-45
8,407791E-45
3,819558E-33
3,819558E-33
2,735475E-32
3,230737E-32
3,230737E-32
8,649596E-27
8,649596E-27
3,515228E-11
3,515228E-11
3,515228E-11
3,515228E-11
3,515228E-11
3,515228E-11
3,515228E-11
3,515228E-11
8,407791E-45
8,407791E-45
8,407791E-45
8,407791E-45
8,649572E-27
8,649572E-27
0,03343717
0,06677075
0,06677075
0,06677075
0,06677075
0,1334769
0,2002444
0,2335359
0,2666944
0,33333
0,366656
0,4664759
0,4999883
0,5339003
0,5339003
0,5341622
0,5341622
0,5673541
0,666698
0,666698
0,6998938
0,7666381
0,699688
0,6663646
0,599866
0,499836
0,4329804
0,3661297
0,3661297
0,332315
0,3324795
0,3324795
0,2664886
0,2667903
0,2335962
0,1002991
0,1002991
0,1002991
0,1002991
0,1002991
0,1002991
0,06694168
0,03365624
0,03365624
0,03365624
0
0
0
0
0
0
0
0
0
0
0
0
0
0
0
0
0
0
0
0
0
0
0
0
0
1,401298E-45
1,401298E-45
1,401298E-45
8,407791E-45
8,407791E-45
8,407791E-45
8,407791E-45
8,407791E-45
8,407791E-45
2,735475E-32
3,230737E-32
3,230737E-32
3,230737E-32
3,230737E-32
8,649596E-27
8,649596E-27
3,515228E-11
3,515228E-11
3,515228E-11
3,515228E-11
3,515228E-11
3,515228E-11
3,515228E-11
3,515228E-11
8,407791E-45
8,407791E-45
8,407791E-45
8,407791E-45
8,649572E-27
0,03333361
0,06677075
0,1001604
0,1001604
0,1334769
0,2002444
0,2665765
0,3327259
0,3663208
0,3996468
0,4664759
0,5334241
0,5335234
0,5000863
0,5341622
0,5673541
0,5673541
0,6671349
0,6671349
0,7002928
0,699688
0,5998467
0,5665251
0,533495
0,4665105
0,3995615
0,3661297
0,332315
0,332315
0,332315
0,332315
0,299611
0,2999126
0,2000193
0,1002991
0,1002991
0,1002991
0,1002991
0,1002991
0,06701354
0,06701354
0,06701354
0,03365624
0,03365624
0
0
0
0
0
0
0
0
0
0
0
0
0
0
0
0
0
0
0
0
0
0
0
0
0
0
0
1,401298E-45
1,401298E-45
1,401298E-45
8,407791E-45
8,407791E-45
8,407791E-45
2,353522E-32
2,353522E-32
2,353522E-32
2,735475E-32
3,230737E-32
3,230737E-32
3,230737E-32
3,230737E-32
8,649596E-27
8,649596E-27
3,515228E-11
3,515228E-11
3,515228E-11
3,515228E-11
3,515228E-11
3,515228E-11
3,515228E-11
3,515228E-11
8,407791E-45
8,407791E-45
8,407791E-45
0,03333361
0,06677075
0,06677075
0,100062
0,1334515
0,1334515
0,1667679
0,2335359
0,2665765
0,3327259
0,3996429
0,4329689
0,4331424
0,5339066
0,5673395
0,5339003
0,5341622
0,5673541
0,5673541
0,6669685
0,6999416
0,6999769
0,6330737
0,5665251
0,5665251
0,533495
0,4665105
0,3657458
0,332315
0,332315
0,3656722
0,3656722
0,3993284
0,2671699
0,2338152
0,1670443
0,1002991
0,1002991
0,1002991
0,1002991
0,1002991
0,06701354
0,06701354
0,06701354
0
0
0
0
0
0
0
0
0
0
0
0
0
0
0
0
0
0
0
0
0
0
0
0
0
0
0
0
0
8,407791E-45
8,407791E-45
8,407791E-45
8,407791E-45
8,407791E-45
8,407791E-45
2,353522E-32
2,353522E-32
2,353522E-32
2,735475E-32
3,230737E-32
3,230737E-32
3,230737E-32
3,230737E-32
8,649596E-27
8,649596E-27
3,515228E-11
3,515228E-11
3,515228E-11
3,515228E-11
3,515228E-11
3,515228E-11
3,515228E-11
3,515228E-11
8,407791E-45
8,407791E-45
8,649572E-27
0,03333361
0,1001604
0,1001604
0,1334515
0,2002171
0,2665765
0,2665765
0,3327259
0,399828
0,4331534
0,5334372
0,5668567
0,5335234
0,6009166
0,6009536
0,5675155
0,5675155
0,7002577
0,6669403
0,6336837
0,6663952
0,6666402
0,5668209
0,5001062
0,4329804
0,3995615
0,3661297
0,332315
0,3656722
0,3656722
0,3001448
0,3001448
0,2332136
0,1670443
0,1002991
0,1002991
0,1002991
0,1002991
0,1002991
0,06701354
0,06701354
0,06701354
0
0
0
0
0
0
0
0
0
0
0
0
0
0
0
0
0
0
0
0
0
0
0
0
0
0
0
1,401298E-45
1,401298E-45
5,605194E-45
5,605194E-45
8,407791E-45
8,407791E-45
8,407791E-45
8,407791E-45
8,407791E-45
8,407791E-45
2,735475E-32
2,735475E-32
2,735475E-32
2,735475E-32
3,230737E-32
3,230737E-32
3,230737E-32
3,483168E-32
3,515228E-11
3,515228E-11
3,515228E-11
3,515228E-11
3,515228E-11
3,515228E-11
3,515228E-11
3,515228E-11
3,515228E-11
3,515228E-11
8,407791E-45
0,03333361
0,03333361
0,03333361
0,1334515
0,1334515
0,1334515
0,2002171
0,2995672
0,3330742
0,3995585
0,5334372
0,5334372
0,5339187
0,5673395
0,600692
0,6008317
0,5675155
0,6671349
0,6338452
0,7333475
0,7330031
0,6998053
0,5665359
0,533495
0,4665331
0,4331438
0,3995487
0,3661297
0,3661297
0,332315
0,3332669
0,3332669
0,2332312
0,1338758
0,1002991
0,1002991
0,1002991
0,1002991
0,06701354
0,06701354
0,06701354
0,06701354
0,0333573
0,0333573
0
0
0
0
0
0
0
0
0
0
0
0
0
0
0
0
0
0
0
0
0
0
0
0
0
0
0
1,401298E-45
8,407791E-45
8,407791E-45
8,407791E-45
8,407791E-45
8,407791E-45
8,407791E-45
8,407791E-45
2,735475E-32
2,735475E-32
2,735475E-32
2,735475E-32
2,735475E-32
2,735475E-32
3,230737E-32
3,230737E-32
3,230737E-32
3,483168E-32
3,515228E-11
3,515228E-11
3,515228E-11
3,515228E-11
3,515228E-11
3,515228E-11
3,515228E-11
3,515228E-11
8,649572E-27
0
8,649572E-27
0,03333361
0,1000141
0,1000141
0,1334515
0,1667679
0,2331273
0,2665765
0,3663208
0,4331502
0,4664759
0,6002126
0,6002126
0,6342692
0,6678271
0,7006966
0,6672595
0,6339381
0,7334471
0,7001271
0,6667052
0,6329687
0,5330087
0,4665105
0,4665105
0,3995487
0,3661297
0,3661297
0,332775
0,3332641
0,232678
0,16646
0,16646
0,16646
0,1002991
0,06701354
0,06701354
0,06701354
0,06701354
0,06701354
0,06701354
0,06701354
0,06701354
0
0
0
0
0
0
0
0
0
0
0
0
0
0
0
0
0
0
0
0
0
0
0
0
0
0
0
0
0
1,401298E-45
8,407791E-45
8,407791E-45
8,407791E-45
8,407791E-45
2,353522E-32
2,353522E-32
2,353522E-32
2,735475E-32
2,735475E-32
2,735475E-32
3,230737E-32
3,230737E-32
3,230737E-32
3,230737E-32
3,483168E-32
3,483168E-32
3,483168E-32
3,515228E-11
3,515228E-11
3,515228E-11
3,515228E-11
3,515228E-11
3,515228E-11
3,515228E-11
3,515228E-11
8,649572E-27
0
0,03338944
0,06672311
0,1000141
0,1000141
0,1667701
0,2000867
0,2661178
0,3330742
0,4331534
0,5668567
0,6342481
0,6342692
0,6342692
0,6342692
0,6343909
0,6671349
0,6337472
0,6333982
0,6997142
0,6331661
0,5664183
0,5001062
0,4665105
0,3661297
0,3661297
0,3661297
0,3661297
0,2987382
0,2321908
0,2326797
0,1994859
0,16646
0,1002991
0,1002991
0,1002991
0,06701354
0,06701354
0,06701354
0,06701354
0,06701354
0,06701354
0,0333573
0,0333573
0
0
0
0
0
0
0
0
0
0
0
0
0
0
0
0
0
0
0
0
0
0
0
0
0
1,401298E-45
1,401298E-45
8,407791E-45
8,407791E-45
8,407791E-45
8,407791E-45
8,407791E-45
8,407791E-45
8,407791E-45
2,735475E-32
2,735475E-32
2,735475E-32
2,735475E-32
2,735475E-32
2,735475E-32
3,230737E-32
3,230737E-32
3,230737E-32
3,230737E-32
3,483168E-32
3,515228E-11
3,515228E-11
3,515228E-11
3,515228E-11
3,515228E-11
3,515228E-11
3,515228E-11
3,515228E-11
3,515228E-11
3,515228E-11
8,649572E-27
0
0,1000141
0,1000141
0,1000141
0,1000141
0,2002192
0,2335359
0,3998516
0,500112
0,5667924
0,5668768
0,6342692
0,6342692
0,6678271
0,7006966
0,6672595
0,7332283
0,6998386
0,6330112
0,6327853
0,5664216
0,4659708
0,3995487
0,3995487
0,3661297
0,3661297
0,3661297
0,332775
0,2323128
0,1659264
0,16646
0,1002991
0,1002991
0,1002991
0,06701354
0,06701354
0,06701354
0,06701354
0,06701354
0,06701354
0,0333573
0
0
0
0
0
0
0
0
0
0
0
0
0
0
0
0
0
0
0
0
0
0
0
0
0
0
0
0
8,407791E-45
8,407791E-45
8,407791E-45
8,407791E-45
8,407791E-45
8,407791E-45
8,407791E-45
2,353522E-32
2,353522E-32
2,735475E-32
2,735475E-32
2,735475E-32
2,735475E-32
2,735475E-32
2,735475E-32
3,483168E-32
3,483168E-32
3,483168E-32
3,483168E-32
3,483168E-32
3,515228E-11
3,515228E-11
3,515228E-11
3,515228E-11
3,515228E-11
3,515228E-11
3,515228E-11
3,515228E-11
3,515228E-11
3,515228E-11
8,649572E-27
0
0,1000141
0,1000141
0,1667821
0,2000986
0,3663208
0,3663208
0,4999508
0,6676047
0,7011628
0,6678271
0,6678271
0,6673074
0,7004992
0,7335918
0,7001534
0,6334784
0,6335128
0,5670152
0,4998334
0,4665105
0,4329804
0,3661297
0,332775
0,332775
0,2323128
0,1991203
0,1659264
0,16646
0,1331746
0,1331746
0,06701354
0,06701354
0,06701354
0,06701354
0,06701354
0,06701354
0,06701354
0,0333573
0
0
0
0
0
0
0
0
0
0
0
0
0
0
0
0
0
0
0
0
0
0
0
0
5,605194E-45
5,605194E-45
5,605194E-45
5,605194E-45
5,605194E-45
5,605194E-45
8,407791E-45
8,407791E-45
2,353522E-32
2,353522E-32
2,735475E-32
2,735475E-32
2,735475E-32
2,735475E-32
2,735475E-32
2,735475E-32
2,735475E-32
2,735475E-32
3,230737E-32
3,483168E-32
3,483168E-32
3,483168E-32
3,483168E-32
3,483168E-32
3,483168E-32
3,515228E-11
3,515228E-11
3,515228E-11
3,515228E-11
3,515228E-11
3,515228E-11
3,515228E-11
3,515228E-11
3,515228E-11
8,649572E-27
8,649572E-27
8,649572E-27
0
0,1000141
0,1000141
0,2332097
0,2665266
0,3998516
0,5336888
0,633788
0,6676047
0,7340313
0,6673074
0,6673074
0,6673013
0,7001505
0,6999578
0,6997142
0,6001762
0,5668764
0,5001236
0,3995487
0,3995487
0,3995487
0,3325528
0,2663301
0,2663301
0,1991188
0,1995827
0,1662972
0,1331746
0,1001998
0,1001998
0,06701354
0,06701354
0,06701354
0,06701354
0,06701354
0,0333573
0,0333573
0,0333573
0
0
0
0
0
0
0
0
0
0
0
0
0
0
0
0
0
0
0
0
0
0
0
0
8,407791E-45
8,407791E-45
8,407791E-45
8,407791E-45
8,407791E-45
8,407791E-45
8,407791E-45
8,407791E-45
2,735475E-32
2,735475E-32
2,735475E-32
2,735475E-32
2,735475E-32
2,735475E-32
2,735475E-32
2,987904E-32
2,987904E-32
2,987904E-32
3,483168E-32
3,483168E-32
3,483168E-32
3,483168E-32
3,483168E-32
3,483168E-32
3,483168E-32
3,515228E-11
3,515228E-11
3,515228E-11
3,515228E-11
3,515228E-11
3,515228E-11
3,515228E-11
3,515228E-11
3,515228E-11
8,649572E-27
8,649572E-27
8,649572E-27
0
0,1000141
0,1000141
0,3333762
0,466953
0,5668852
0,6004621
0,6673467
0,7011628
0,7007382
0,6340165
0,6672099
0,7336169
0,7332742
0,6335936
0,6001918
0,4332189
0,3995487
0,3995487
0,3661297
0,332775
0,332775
0,2653834
0,2323128
0,1991203
0,1328042
0,16646
0,1331746
0,09998862
0,06701354
0,06701354
0,06701354
0,06701354
0,06701354
0,06701354
0,06701354
0,0333573
0
0
0
0
0
0
0
0
0
0
0
0
0
0
0
0
0
0
0
0
0
0
0
0
0
0
8,407791E-45
8,407791E-45
8,407791E-45
8,407791E-45
8,407791E-45
8,407791E-45
2,353522E-32
2,353522E-32
2,735475E-32
2,735475E-32
2,735475E-32
2,735475E-32
2,735475E-32
2,735475E-32
2,735475E-32
2,987904E-32
2,987904E-32
2,987904E-32
3,483168E-32
3,483168E-32
3,483168E-32
3,483168E-32
3,483168E-32
1,129639E-32
1,129639E-32
3,515228E-11
3,515228E-11
3,515228E-11
3,515228E-11
3,515228E-11
3,515228E-11
3,515228E-11
3,515228E-11
3,515228E-11
8,649572E-27
8,649572E-27
8,649572E-27
0
0,1663234
0,2332618
0,4336684
0,5003093
0,6004449
0,6678355
0,7340313
0,7006966
0,7667884
0,7333996
0,7332742
0,6999578
0,7001594
0,5668595
0,4669366
0,366539
0,3661943
0,3661943
0,3325731
0,2651813
0,2323128
0,2323128
0,165905
0,1663687
0,1331746
0,1001998
0,1001998
0,06701354
0,06701354
0,06701354
0,06701354
0,06701354
0,06701354
0,03365624
0,03365624
0
0
0
0
0
0
0
0
0
0
0
0
0
0
0
0
0
0
0
0
0
8,407791E-45
8,407791E-45
8,407791E-45
8,407791E-45
8,407791E-45
8,407791E-45
8,407791E-45
2,353522E-32
2,353522E-32
2,735475E-32
2,735475E-32
2,735475E-32
2,735475E-32
2,735475E-32
2,735475E-32
2,735475E-32
2,735475E-32
2,987904E-32
2,987904E-32
2,987904E-32
2,987904E-32
2,987904E-32
3,483168E-32
3,483168E-32
3,483168E-32
3,483168E-32
1,129639E-32
3,515228E-11
3,515228E-11
3,515228E-11
3,515228E-11
3,515228E-11
3,515228E-11
3,515228E-11
3,515228E-11
3,515228E-11
3,515228E-11
3,515228E-11
8,649572E-27
8,649572E-27
8,649572E-27
8,649572E-27
8,649572E-27
0
0,1663234
0,2665842
0,5671454
0,6004621
0,6668895
0,700705
0,7670059
0,7668649
0,7999823
0,766591
0,766468
0,6998295
0,60023
0,4331258
0,3663632
0,3330083
0,2991985
0,2991985
0,266128
0,1990274
0,1658351
0,1665161
0,1001998
0,1001998
0,1001998
0,06701354
0,06701354
0,06701354
0,06701354
0,06701354
0,06701354
0,06701354
0,06701354
0
0
0
0
0
0
0
0
0
0
0
0
0
0
0
0
0
0
0
0
8,407791E-45
8,407791E-45
8,407791E-45
8,407791E-45
8,407791E-45
8,407791E-45
8,407791E-45
8,407791E-45
8,407791E-45
8,407791E-45
2,353522E-32
2,353522E-32
2,735475E-32
2,735475E-32
2,735475E-32
2,735475E-32
2,987904E-32
2,987904E-32
2,987904E-32
2,987904E-32
2,987904E-32
2,987904E-32
3,483168E-32
3,483168E-32
3,483168E-32
3,483168E-32
3,515228E-11
3,515228E-11
3,515228E-11
3,515228E-11
3,515228E-11
3,515228E-11
3,515228E-11
3,515228E-11
3,515228E-11
3,515228E-11
3,515228E-11
3,515228E-11
3,515228E-11
3,515228E-11
3,515228E-11
8,649572E-27
8,649572E-27
8,649572E-27
8,649572E-27
8,649572E-27
0
0,3333869
0,4336423
0,6668895
0,6668895
0,6668895
0,700705
0,8334149
0,8332722
0,8331758
0,7664648
0,7001543
0,4998907
0,4332826
0,3995197
0,332775
0,3332641
0,266128
0,2328425
0,2328425
0,2326836
0,1331746
0,1001998
0,1001998
0,1001998
0,1001998
0,06701354
0,06701354
0,06701354
0,06701354
0,06701354
0,06701354
0
0
0
0
0
0
0
0
0
0
0
0
0
0
0
0
0
0
5,605194E-45
5,605194E-45
5,605194E-45
5,605194E-45
8,407791E-45
8,407791E-45
8,407791E-45
8,407791E-45
8,407791E-45
8,407791E-45
8,407791E-45
2,353522E-32
2,353522E-32
2,353522E-32
2,987904E-32
2,987904E-32
2,987904E-32
2,987904E-32
2,987904E-32
2,987904E-32
2,987904E-32
2,987904E-32
2,987904E-32
2,987904E-32
2,987904E-32
2,987904E-32
3,483168E-32
3,483168E-32
1,129639E-32
1,129639E-32
3,515228E-11
3,515228E-11
3,515228E-11
3,515228E-11
3,515228E-11
3,515228E-11
3,515228E-11
3,515228E-11
3,515228E-11
3,515228E-11
3,515228E-11
0,0335305
0,0673456
0,0673456
0,0673456
0,0335305
8,649572E-27
8,649572E-27
1,401298E-45
1,401298E-45
0
0,4674217
0,5342447
0,6668895
0,6668895
0,7330579
0,7668734
0,8666068
0,8332722
0,8001835
0,6665353
0,6332162
0,4329422
0,3327743
0,3323839
0,265639
0,266128
0,266128
0,2664986
0,2664986
0,1997084
0,1001998
0,1001998
0,1001998
0,1001998
0,1001998
0,06701354
0,06701354
0,06701354
0,06701354
0,0333573
0,0333573
0
0
0
0
0
0
0
0
0
0
0
0
0
0
8,407791E-45
8,407791E-45
8,407791E-45
8,407791E-45
8,407791E-45
8,407791E-45
8,407791E-45
8,407791E-45
8,407791E-45
8,407791E-45
2,735475E-32
2,735475E-32
2,735475E-32
2,735475E-32
2,735475E-32
2,735475E-32
2,735475E-32
2,735475E-32
2,987904E-32
2,987904E-32
2,987904E-32
2,987904E-32
2,987904E-32
2,987904E-32
2,987904E-32
2,987904E-32
2,987904E-32
3,483168E-32
3,483168E-32
3,483168E-32
1,129639E-32
3,515228E-11
0,03335442
0,03335442
0,03335442
0,03335442
0,03335442
0,03335442
0,03335442
0,03335442
0,03335442
0,03335442
0,06668019
0,03332561
0,03332561
0,06685603
0,1669803
0,1669803
0,1669803
0,1331654
8,649572E-27
8,649572E-27
1,401298E-45
1,401298E-45
0
0,4006836
0,4675074
0,7338986
0,7338986
0,7999969
0,7999969
0,8997998
0,866466
0,8001835
0,6999249
0,6334452
0,466815
0,3998063
0,3663098
0,3329849
0,3329849
0,2991698
0,2995403
0,2000311
0,1670562
0,1670562
0,1336369
0,1336369
0,1336369
0,1336369
0,1004509
0,1004509
0,1004509
0,1004509
0,03343717
0,03343717
0,03343717
0,03343717
0,03343717
0,03343717
0,03343717
0,03343717
0,03343717
0,03343717
0,03343717
0,03343717
0,03343717
0,03343717
0,03343717
0,03343717
0,03343717
0,03343717
8,407791E-45
8,407791E-45
8,407791E-45
8,407791E-45
8,407791E-45
8,407791E-45
8,407791E-45
8,407791E-45
2,735475E-32
2,735475E-32
2,735475E-32
2,735475E-32
2,987904E-32
2,987904E-32
2,987904E-32
2,987904E-32
2,987904E-32
2,987904E-32
2,987904E-32
2,987904E-32
3,483168E-32
3,483168E-32
0,03381507
0,03381507
0,03381507
0,03381507
0,03381507
0,03381507
0,06726413
0,06726413
0,1006185
0,1006185
0,1006185
0,1339373
0,1672947
0,1672947
0,2008251
0,2008251
0,2008251
0,2008251
0,2341509
0,2007963
0,1673472
0,1673472
0,2335321
0,3003408
0,3336321
0,3335647
0,1673442
0,1340216
0,1006642
0,1006642
0
0,3672457
0,4340698
0,7999969
0,7999969
0,8331893
0,8331893
0,8997998
0,8997998
0,8997998
0,7995445
0,6995086
0,5334228
0,4669834
0,3663098
0,3663098
0,3003666
0,2000311
0,1670562
0,1670562
0,1670562
0,1670562
0,1336369
0,1336369
0,1004509
0,1004509
0,1004509
0,1004509
0,03343717
0,03343717
0,03343717
0,03343717
0,03343717
0,03343717
0,03343717
0,03343717
0,03343717
0,03343717
0,03343717
0,03343717
0,03343717
0,03343717
0,03343717
0,03343717
0,03343717
0,03343717
0,03343717
0,03343717
0,03343717
0,03343717
0,03343717
0,03343717
0,06672272
0,06672272
0,06672272
0,06672272
0,06672272
0,06672272
0,06672272
0,100045
0,1333995
0,1333995
0,1333995
0,1333995
0,1333995
0,1333995
0,1333995
0,1333995
0,1333995
0,1333995
0,1672145
0,1672145
0,1672145
0,2340032
0,2005661
0,2005661
0,2007294
0,2342602
0,2675511
0,2675511
0,3008769
0,3341955
0,3673899
0,4003799
0,4003799
0,4003799
0,4003799
0,4003799
0,4003799
0,4003799
0,3669313
0,3669313
0,4004903
0,4672989
0,4669197
0,43353
0,3671357
0,3337041
0,3001454
0,3001454
0,03332231
0,3998407
0,4664912
0,7665751
0,7665751
0,8331893
0,8331893
0,8997998
0,8997998
0,8997998
0,833052
0,833052
0,7003565
0,6333491
0,666683
0,6332941
0,5007036
0,4007735
0,4007735
0,3671785
0,2341969
0,2341969
0,200382
0,200382
0,1671959
0,1671959
0,1335394
0,1335394
0,1001821
0,06676293
0,06676293
0,06676293
0,06676293
0,06676293
0,06676293
0,06676293
0,06676293
0,03343717
0,03343717
0,03343717
0,03343717
0,03343717
0,03343717
0,06677075
0,06677075
0,06677075
0,06677075
0,1005861
0,1005861
0,1005861
0,1005861
0,1005861
0,1672257
0,1672257
0,1672257
0,1672257
0,2002667
0,2002667
0,2337157
0,3004693
0,3336283
0,3336283
0,3670479
0,3670479
0,3670479
0,3670479
0,3670479
0,3670479
0,3670479
0,3670479
0,4666826
0,4666826
0,4666826
0,5336349
0,5001965
0,5001965
0,4998874
0,5334165
0,53355
0,53355
0,53355
0,53355
0,5667434
0,6001323
0,6336927
0,6336927
0,6336927
0,6336927
0,6336927
0,6336927
0,6336927
0,6336927
0,6006513
0,6006513
0,5672971
0,533848
0,5002537
0,4669197
0,4669197
0,4669197
0,0667536
0,3659133
0,4658859
0,7325179
0,7325179
0,7993749
0,8331893
0,8997998
0,8997998
0,9331578
0,8664089
0,8664089
0,8673416
0,7671424
0,6334905
0,5669073
0,5006317
0,4674729
0,4674729
0,4338779
0,3006378
0,3006378
0,3006378
0,3006378
0,2669819
0,2669819
0,2669819
0,2669819
0,2669819
0,2335626
0,2335626
0,2335626
0,2335626
0,2003765
0,2003765
0,2003765
0,2003765
0,1003747
0,1336603
0,1336603
0,1336603
0,1336603
0,1336603
0,1669939
0,1669939
0,1669939
0,2003163
0,2003163
0,2003163
0,2003163
0,2003163
0,2003163
0,2336705
0,2336705
0,2669871
0,2669871
0,3000281
0,3333465
0,3667957
0,4002267
0,4333864
0,4333864
0,5001616
0,5336931
0,5337654
0,5670551
0,5670551
0,5670551
0,5670551
0,6004453
0,6667613
0,6667613
0,6667613
0,7003562
0,7003562
0,7003562
0,7333319
0,7333319
0,7001708
0,7001708
0,7001708
0,7001708
0,7001708
0,7001708
0,7337317
0,7337317
0,7004156
0,7664062
0,7664062
0,7995901
0,7995901
0,7995901
0,7665509
0,7665509
0,7331966
0,6997473
0,5668772
0,533543
0,5001863
0,5001863
0,0667536
0,2655864
0,2989031
0,6322667
0,6989236
0,765954
0,7997705
0,8664747
0,8664747
0,8997998
0,8997998
0,8997998
0,9671311
0,9339375
0,9004067
0,8670178
0,8670178
0,8670178
0,8337322
0,8001715
0,7331662
0,7331662
0,7331662
0,7331662
0,6995083
0,6995083
0,6995083
0,6661538
0,6661538
0,6661538
0,6661538
0,6661538
0,6991168
0,6659289
0,6659289
0,6659289
0,6659289
0,6326104
0,666042
0,666042
0,666042
0,666042
0,666042
0,6993964
0,7329551
0,7329551
0,7329551
0,766149
0,766149
0,766149
0,766149
0,766149
0,766149
0,766149
0,766149
0,766149
0,766149
0,7994676
0,7994676
0,7994676
0,7994676
0,7994676
0,7994676
0,8329983
0,8329983
0,8329983
0,8329983
0,8329983
0,8329983
0,8663874
0,8663874
0,8663874
0,8663874
0,8663874
0,8663874
0,8663874
0,8663874
0,8663874
0,8663874
0,8663874
0,8663874
0,8663874
0,8663874
0,8663874
0,8663874
0,8663874
0,8663874
0,8328822
0,8328822
0,8660684
0,8660684
0,8660684
0,8660684
0,8660684
0,8327129
0,8327129
0,7329981
0,7329981
0,7329981
0,7329981
0,1000873
0,1651991
0,2654541
0,4652281
0,5318843
0,6319913
0,6655681
0,699163
0,699163
0,7991287
0,8325661
0,866381
0,9999999
0,9999999
0,9999999
0,9999999
0,9999999
0,9999999
0,9999999
0,9999999
0,9999999
0,9999999
0,9999999
0,9999999
0,9999998
0,9999998
0,9663455
0,9663455
0,9663455
0,9663455
0,9663455
0,9663455
0,9663455
0,9663455
0,9663455
0,9663455
0,9663455
0,9663455
0,9663455
0,9663455
0,9663455
0,9663455
0,9663455
0,9663455
0,9663455
0,9663455
0,9663455
0,9663455
0,9663455
0,9663455
0,9663455
0,9663455
0,9663455
0,9999998
0,9999998
0,9999998
0,9999998
0,9999998
0,9999998
0,9999998
0,9999998
0,9999998
0,9999998
0,9999998
0,9999998
0,9999998
0,9999998
0,9999998
0,9999998
0,9999998
0,9999998
0,9999998
0,9999998
0,9999998
0,9999998
0,9999999
0,9999999
0,9999992
0,9999992
0,9999992
0,9999992
0,9999992
0,9999992
0,9666451
0,9666451
0,9666451
0,9666451
0,9666451
0,9666451
0,9666451
0,9666451
0,9666451
0,9334537
0,9334537
0,9001346
0,8665584
0,7331593
0,6321808
0,6321808
0,6321808
0,1000873
0,1324182
0,1324182
0,2651588
0,3320976
0,4987856
0,5654415
0,6655856
0,699163
0,7324469
0,7658848
0,8330263
0,9001027
0,9001027
0,9666411
0,9666411
0,9999999
0,9999999
0,9999999
0,9999999
0,9999999
0,9999999
0,9999999
0,9999999
0,9999999
0,9999999
0,9999999
0,9999999
1
1
1
1
1
1
1
1
1
1
1
1
1
1
0,9999999
0,9999999
0,9999999
0,9999999
0,9999999
0,9999999
0,9999999
0,9999999
0,9999999
0,9999999
0,9999999
0,9999999
0,9999999
0,9999999
0,9999999
0,9999999
0,9999999
0,9999999
0,9999999
0,9999999
0,9999999
0,9999999
0,9999999
0,9666451
0,9666451
0,9666451
0,9666451
0,9666451
0,9666451
0,9666451
0,9666451
0,9666451
0,9666451
0,9666451
0,9666451
0,9332134
0,9332134
0,9332134
0,9332134
0,9332134
0,9332134
0,9332134
0,9332134
0,8998957
0,8998957
0,8665389
0,8665389
0,8330076
0,8330076
0,8330076
0,7664908
0,7664908
0,7664908
0,7331002
0,666916
0,6331002
0,5662494
0,5329276
0,100497
0,06590935
0,09922592
0,1987347
0,2656733
0,4656267
0,4989495
0,532509
0,5660856
0,6655214
0,6655214
0,6655214
0,7324469
0,7324469
0,8664604
0,8997858
0,9331426
0,9331426
0,9331426
0,9665621
0,9665621
0,9665621
0,9665621
0,9665621
0,9665621
0,9665621
0,9665621
0,9665621
0,9665621
0,9665621
0,9665621
0,9665621
0,9665621
0,9665621
0,9665621
0,9665621
0,9665621
0,9665621
0,9665621
0,9665621
0,9665621
0,9665621
0,9665621
0,9665621
0,9665621
0,9665621
0,9999999
0,9999999
0,9999999
0,9999999
0,9999999
0,9999999
0,9999999
0,9999999
0,9999999
0,9999999
0,9667144
0,9667144
0,9667144
0,9667144
0,9667144
0,9667144
0,9667144
0,9667144
0,9667144
0,9333599
0,9333599
0,9333599
0,9333599
0,9333599
0,9333599
0,9333599
0,8995451
0,8995451
0,9328317
0,9328317
0,9328317
0,8994002
0,8994002
0,8994002
0,8994002
0,8994002
0,8659484
0,8659484
0,7994301
0,7661113
0,7661113
0,7332132
0,7332132
0,6996821
0,6996821
0,6996821
0,6996821
0,6996821
0,6996821
0,6662926
0,6662926
0,6662926
0,499856
0,4665332
0,100497
0,06590935
0,09922592
0,09922592
0,09922592
0,1988441
0,2322752
0,2990971
0,3990005
0,4982727
0,4982727
0,531851
0,6655705
0,6991305
0,7329435
0,7662708
0,7999274
0,8331116
0,8997858
0,9332052
0,9332052
0,9332052
0,9332052
0,9665621
0,9665621
0,9665621
0,9665621
0,9665621
0,9665621
0,9665621
0,9665621
0,9665621
0,9665621
0,9665621
0,9665621
0,9665621
0,9665621
0,9665621
0,9665621
0,9665621
0,9665621
0,9665621
0,9665621
0,9332763
0,9332763
0,9332763
0,9667144
0,9667144
0,9667144
0,9667144
0,9667144
0,9667144
0,9667144
0,9667144
0,9667144
0,9667144
0,9333599
0,9333599
0,9333599
0,9333599
0,9333599
0,9333599
0,9333599
0,8666061
0,8666061
0,8666061
0,8666061
0,8666061
0,8334118
0,8334118
0,8334118
0,8334118
0,7995967
0,7995967
0,7662799
0,7662799
0,7662799
0,7662799
0,73292
0,6993913
0,6993913
0,6993913
0,6659413
0,632651
0,5993233
0,5993233
0,565765
0,5662234
0,5328354
0,5328354
0,5328354
0,4999653
0,4999653
0,4999653
0,4999653
0,4999653
0,4999653
0,4999653
0,4003787
0,4003787
0,100497
0
3,515228E-11
0,06590935
0,09922592
0,09922592
0,09922592
0,09922592
0,09922592
0,1324199
0,1993397
0,2657794
0,3323928
0,3323928
0,3323928
0,3323928
0,4329293
0,533223
0,632964
0,632964
0,6667792
0,6667792
0,6667792
0,6667792
0,6667792
0,7001341
0,7001341
0,7001341
0,7001341
0,7335531
0,7335531
0,7667395
0,7999322
0,7999322
0,7666466
0,8332906
0,8332906
0,8337784
0,8337784
0,8337784
0,800347
0,800347
0,800347
0,800347
0,800347
0,800347
0,800347
0,7336596
0,7001004
0,7001004
0,6667778
0,633584
0,633584
0,5997691
0,5997691
0,5997691
0,5997691
0,5997691
0,5664523
0,5664523
0,5334117
0,5000933
0,5332147
0,4997662
0,4332502
0,4332502
0,4332502
0,3998305
0,3663006
0,3330088
0,3330088
0,3330088
0,3330088
0,2996201
0,2667409
0,2667409
0,2667409
0,2667409
0,2663051
0,2663051
0,2663051
0,2333302
0,2333302
0,2333302
0,2666469
0,3001543
0,3001543
0,3001543
0,3001543
0,3331941
0,3331941
0,3000726
0,3000726
0,2668858
0,2668858
0,2668858
0,2668858
0,2668858
0,2336936
0,2336936
0,06716345
0
3,515228E-11
0,06590935
0,09922592
0,09922592
0,09922592
0,09922592
0,09922592
0,1324199
0,1993397
0,2657794
0,3323928
0,3323928
0,3323928
0,3323928
0,3992731
0,4995681
0,5993076
0,5993076
0,6331227
0,6331227
0,6331227
0,6331227
0,6667792
0,7001341
0,7001341
0,7001341
0,7001341
0,7335531
0,7335531
0,7667395
0,7999322
0,7999322
0,7666466
0,8332906
0,8332906
0,8337784
0,8337784
0,8337784
0,800347
0,800347
0,800347
0,800347
0,800347
0,800347
0,800347
0,7336596
0,7001004
0,7001004
0,6667778
0,633584
0,633584
0,5997691
0,5997691
0,5997691
0,5997691
0,5661125
0,5327956
0,5327956
0,4997558
0,466437
0,4995595
0,4661107
0,399594
0,399594
0,399594
0,3661743
0,3326437
0,2993529
0,2993529
0,2993529
0,2993529
0,2659635
0,2330845
0,2330845
0,2330845
0,2330845
0,2326492
0,2326492
0,2326492
0,199674
0,199674
0,199674
0,2329904
0,2664977
0,2664977
0,2664977
0,2664977
0,2995388
0,2995388
0,2664164
0,2664164
0,2332297
0,2332297
0,2332297
0,2332297
0,2332297
0,2000374
0,2000374
0,03350715
2
