0
0
0
0
0
0
0
0
0
0
0
0
0
0
0
0
0
0
0
0
0
0
0
0
0
0
0
1,863727E-43
1,863727E-43
1,863727E-43
1,863727E-43
1,863727E-43
1,863727E-43
1,863727E-43
1,863727E-43
1,863727E-43
1,863727E-43
0,03310962
0,06672249
0,06672249
0,1002788
0,1334769
0,1334769
0,2004361
0,2675553
0,2675553
0,2675553
0,2675553
0,3677849
0,4011831
0,50157
0,50157
0,5345955
0,5675856
0,5675856
0,5675856
0,6002385
0,6340068
0,6339352
0,7667015
0,7667608
0,7666216
0,83369
0,8002426
0,8002426
0,8001779
0,766772
0,6333407
0,5666491
0,5331751
0,432873
0,3333697
0,2661417
0,1334347
0,1334347
0,06695669
0,06695669
0,03360235
0,03360235
1,401298E-45
1,401298E-45
1,401298E-45
1,401298E-45
1,401298E-45
1,401298E-45
1,401298E-45
1,401298E-45
0
0
0
0
0
0
0
0
0
0
0
0
0
0
0
0
0
0
0
0
0
0
0
0
0
0
0
0
0
0
0
0
1,863727E-43
1,863727E-43
1,863727E-43
1,863727E-43
1,863727E-43
1,863727E-43
1,863727E-43
1,863727E-43
1,863727E-43
1,863727E-43
1,863727E-43
1,863727E-43
1,863727E-43
1,568053E-42
6,323496E-27
0,06672249
0,1334769
0,1334769
0,1670726
0,2009962
0,2343595
0,3014786
0,3014786
0,3678493
0,401301
0,5344052
0,5678035
0,6007949
0,634086
0,634086
0,634086
0,7003037
0,7329566
0,7329566
0,8995467
0,9666139
0,9666139
0,9666139
0,9999999
0,9999999
0,9999999
0,9999999
0,9999999
0,9999999
0,9999999
0,9999999
0,9999999
0,9668909
0,9338991
0,9338991
0,9004474
0,8670863
0,8336368
0,8006122
0,7338178
0,6671283
0,6001931
0,6001931
0,4999461
0,4335186
0,2996168
0,2002643
0,09996844
0,03360235
0,03360235
0,03360235
1,401298E-45
1,401298E-45
1,401298E-45
1,401298E-45
1,401298E-45
1,401298E-45
1,401298E-45
0
0
0
0
0
0
0
0
0
0
0
0
0
0
0
0
0
0
0
0
0
0
1,863727E-43
1,863727E-43
1,863727E-43
1,863727E-43
1,863727E-43
1,863727E-43
1,863727E-43
1,863727E-43
1,863727E-43
1,863727E-43
1,863727E-43
1,863727E-43
1,863727E-43
1,863727E-43
6,323496E-27
6,323496E-27
0,06672249
0,09992049
0,133844
0,2009962
0,2009962
0,2677053
0,2677053
0,3013772
0,3348245
0,367816
0,5014111
0,5014111
0,6002601
0,6669505
0,6669505
0,6995999
0,7329566
0,8000956
0,8997422
0,8997422
0,9331293
0,9331293
0,9665946
1
1
1
0,9999999
0,9999999
0,9999999
0,9999999
0,9999999
0,9999999
0,9999999
0,9999999
0,9999999
0,9999999
0,9999999
0,9999999
0,9999999
0,9999999
0,9999999
0,9999999
0,9335248
0,9004151
0,8340607
0,8340607
0,8340607
0,8006122
0,7673192
0,6002479
0,5667882
0,5004637
0,400113
0,3332211
0,2336922
0,09996844
0,06681122
0,03360235
0,03360235
1,401298E-45
1,401298E-45
1,401298E-45
0
0
0
0
0
0
0
0
0
0
0
0
0
0
0
0
0
0
0
0
0
0
1,863727E-43
1,863727E-43
1,863727E-43
1,863727E-43
1,863727E-43
1,863727E-43
1,863727E-43
1,863727E-43
1,863727E-43
1,863727E-43
1,863727E-43
1,863727E-43
1,863727E-43
0,03319803
0,09992049
0,1673999
0,1673999
0,2343419
0,2343419
0,3013772
0,3342397
0,3342397
0,3676911
0,4007163
0,4671242
0,5001155
0,6002601
0,6329108
0,6995867
0,7998136
0,7998136
0,7998136
0,7998136
0,8334167
0,8997422
0,8997422
0,9331293
0,9665345
1
1
1
1
0,9999999
0,9999999
0,9999999
0,9999999
0,9999999
0,9999999
0,9999999
0,9999999
0,9999999
0,9999999
0,9999999
0,9999999
0,9999999
0,9999999
0,9999999
0,9999999
0,9999999
0,9999999
0,9670079
0,9670079
0,9335585
0,8339747
0,800683
0,7004465
0,6669874
0,6669874
0,6335208
0,5667275
0,5006693
0,3669042
0,2668639
0,2003004
0,1007714
0,03355622
1,401298E-45
1,401298E-45
1,401298E-45
1,401298E-45
1,401298E-45
0
0
0
0
0
0
0
0
0
0
0
0
0
0
0
0
0
1,863727E-43
1,863727E-43
1,863727E-43
1,863727E-43
1,863727E-43
1,863727E-43
1,863727E-43
1,863727E-43
1,863727E-43
1,863727E-43
1,863727E-43
1,863727E-43
6,323496E-27
0,03319803
0,1001566
0,1676361
0,200746
0,2343419
0,2343419
0,2680138
0,3014655
0,3348283
0,467155
0,467155
0,467155
0,467155
0,6002601
0,6336567
0,6000445
0,665988
0,7326634
0,7998036
0,7994065
0,7326112
0,7991844
0,8326505
0,832366
0,832366
0,832366
0,7984411
0,7984411
0,7650974
0,731644
0,731644
0,731644
0,731644
0,731644
0,731644
0,731644
0,731644
0,731644
0,7650974
0,7650974
0,8655021
0,8655021
0,8655021
0,8655021
0,8994269
0,9330978
0,9664453
0,9999999
0,9999999
0,9999999
0,9999999
0,9999999
0,9668909
0,9004474
0,8340607
0,8340607
0,7337379
0,7004465
0,7004465
0,600869
0,5005364
0,4341711
0,3337592
0,267576
0,2336524
0,2004834
0,06715863
0,06715863
0,03355622
1,401298E-45
1,401298E-45
1,401298E-45
0
0
0
0
0
0
0
0
0
0
0
0
1,863727E-43
1,863727E-43
1,863727E-43
1,863727E-43
1,863727E-43
1,863727E-43
1,863727E-43
1,863727E-43
1,863727E-43
1,863727E-43
6,323496E-27
6,323496E-27
6,323496E-27
6,323496E-27
0,03319803
0,03319803
0,03319803
0,1332661
0,2343419
0,2672043
0,2672043
0,3336473
0,4006829
0,467155
0,467155
0,5340902
0,5340902
0,6002601
0,6995999
0,7662764
0,8002177
0,766606
0,7330692
0,7662269
0,7662269
0,766075
0,766178
0,7995649
0,7661126
0,6989931
0,6989931
0,6989931
0,6321102
0,6321102
0,565303
0,5319081
0,4984305
0,5317946
0,4987687
0,5318795
0,5653389
0,5326856
0,5327792
0,466082
0,3664718
0,3663394
0,3334629
0,3665583
0,4000186
0,4997948
0,5998372
0,6335069
0,83301
0,8665668
0,8997225
0,8997225
0,9663997
0,9663997
0,9663997
0,9663997
0,9999998
0,9999998
0,9004474
0,8674223
0,8006609
0,8006609
0,7337379
0,6669815
0,5667567
0,5006452
0,366201
0,3003782
0,1668569
0,1003675
0,06715863
0,03360235
2,51465E-27
2,51465E-27
2,51465E-27
2,51465E-27
0
0
0
0
0
0
0
0
1,863727E-43
1,863727E-43
1,863727E-43
1,863727E-43
1,863727E-43
1,863727E-43
1,863727E-43
1,863727E-43
1,863727E-43
1,863727E-43
6,323496E-27
6,323496E-27
6,323496E-27
6,323496E-27
6,323496E-27
6,323496E-27
0,03319803
0,1332661
0,2336485
0,2672043
0,3001964
0,3001964
0,367231
0,4341303
0,4341303
0,5340902
0,6006964
0,7329833
0,7662764
0,7662764
0,7667112
0,7327118
0,7326702
0,7326702
0,665383
0,665383
0,6988494
0,6985209
0,6985209
0,6651747
0,6317241
0,4986198
0,4652219
0,4652219
0,3989384
0,3989384
0,3660752
0,3334236
0,300069
0,300069
0,1670284
0,06679077
0,06679077
0,06679077
0,03340535
4,203895E-45
2,242078E-44
0,06601629
0,06601629
0,1325314
0,1659826
0,1993456
0,2327932
0,2327932
0,2659915
0,3326811
0,3996167
0,3996167
0,499658
0,5662907
0,7669079
0,83309
0,9331887
0,9663997
0,9329474
0,8999214
0,9335248
0,9004151
0,8340248
0,8340248
0,7005408
0,7005408
0,6001239
0,4676449
0,3008129
0,2343932
0,1668569
0,1003675
0,03355622
2,51465E-27
2,51465E-27
2,51465E-27
0
0
0
0
0
0
0
0
1,863727E-43
1,863727E-43
1,863727E-43
1,863727E-43
1,863727E-43
1,863727E-43
1,863727E-43
1,863727E-43
6,323496E-27
6,323496E-27
6,323496E-27
6,323496E-27
6,323496E-27
6,323496E-27
0,03319803
0,1332661
0,1997252
0,2672043
0,3001964
0,3338678
0,367231
0,400679
0,467155
0,5674098
0,6340162
0,7329833
0,7662764
0,6995532
0,6663433
0,6655899
0,6655899
0,6655899
0,6320384
0,5983657
0,6318318
0,6317891
0,598339
0,4657259
0,4657259
0,4327655
0,3330508
0,3330508
0,3003988
0,2670446
0,2001858
0,1665836
0,1334145
0,1334145
0,1334145
0,09994814
0,03338538
0,03338538
0,03338538
0,03338538
4,203895E-45
4,203895E-45
4,203895E-45
1,863727E-43
2,425049E-37
2,425049E-37
2,425049E-37
2,425049E-37
0,03302493
0,06647623
0,1325772
0,1325772
0,1325772
0,1993383
0,266261
0,2995536
0,3661568
0,433083
0,5994857
0,6324475
0,7333213
0,8660186
0,8996314
0,8666089
0,8335321
0,8004239
0,8340248
0,8340248
0,7339884
0,6674536
0,4670466
0,4014338
0,3345505
0,2341658
0,1339386
0,06715863
0,03355622
2,51465E-27
0
0
0
0
0
1,863727E-43
1,863727E-43
1,863727E-43
1,863727E-43
1,863727E-43
1,863727E-43
1,863727E-43
1,863727E-43
1,863727E-43
1,863727E-43
1,863727E-43
6,323496E-27
6,323496E-27
6,323496E-27
6,323496E-27
0,0665438
0,1332661
0,166129
0,2000524
0,2336485
0,3342397
0,367231
0,367231
0,4337072
0,5674098
0,6006197
0,6995867
0,7666162
0,6659694
0,6322374
0,6322374
0,6322439
0,5993795
0,5655029
0,5320547
0,5654608
0,431866
0,4653319
0,4327315
0,3994391
0,3664481
0,3337965
0,2671217
0,2001858
0,2001858
0,2001858
0,1670165
0,1670165
0,1334145
0,06685151
0,06685151
0,0334662
4,203895E-45
4,203895E-45
4,203895E-45
4,203895E-45
4,203895E-45
4,203895E-45
4,203895E-45
4,203895E-45
1,863727E-43
1,863727E-43
1,863727E-43
1,863727E-43
2,425049E-37
2,425049E-37
2,425049E-37
0,03299135
0,09946761
0,09946761
0,1328656
0,1659752
0,1659752
0,1993383
0,2328046
0,3663307
0,3996231
0,5336313
0,6004369
0,6666248
0,7995298
0,7999241
0,8332432
0,8335787
0,8340248
0,8008269
0,7342928
0,5337955
0,5337955
0,4001631
0,3345505
0,3009376
0,2004016
0,06701602
0,03355622
0,03355622
0
0
1,863727E-43
1,863727E-43
1,863727E-43
1,863727E-43
1,863727E-43
1,863727E-43
1,863727E-43
1,863727E-43
1,863727E-43
1,863727E-43
1,863727E-43
6,323496E-27
6,323496E-27
6,323496E-27
6,323496E-27
0,0665438
0,09965348
0,1325163
0,2000524
0,2336485
0,3342397
0,367231
0,4002556
0,4337072
0,4670277
0,5004253
0,699775
0,7333249
0,6666024
0,6326713
0,5998074
0,5993795
0,5993795
0,5655029
0,5320514
0,5654573
0,5320094
0,4994593
0,3997406
0,3670886
0,300414
0,2001858
0,2001858
0,2001858
0,2001858
0,1665836
0,1334261
0,1334261
0,100257
0,06685151
0,03338538
1,401298E-45
1,401298E-45
1,401298E-45
4,203895E-45
4,203895E-45
4,203895E-45
4,203895E-45
4,203895E-45
4,203895E-45
4,203895E-45
4,203895E-45
1,863727E-43
1,863727E-43
1,863727E-43
1,863727E-43
1,863727E-43
1,863727E-43
1,863727E-43
6,323496E-27
6,323496E-27
6,323496E-27
0,06601629
0,06601629
0,09946761
0,1328656
0,1328656
0,2328979
0,2996559
0,399814
0,4332737
0,5336859
0,6660498
0,6993589
0,6993589
0,7667567
0,8010095
0,8010095
0,7343332
0,600746
0,600746
0,5337955
0,5008357
0,3669749
0,3010306
0,1342599
0,03355622
0,03355622
0
0
1,863727E-43
1,863727E-43
1,863727E-43
1,863727E-43
1,863727E-43
1,863727E-43
1,863727E-43
1,863727E-43
1,863727E-43
6,323496E-27
6,323496E-27
6,323496E-27
6,323496E-27
0,0665438
0,0665438
0,09940657
0,166129
0,166129
0,2999635
0,3335598
0,367231
0,4006829
0,4671056
0,5004253
0,6337687
0,6673169
0,6003935
0,6000716
0,6000716
0,5657085
0,5322567
0,5320514
0,4990609
0,4990609
0,4990796
0,5324845
0,4326541
0,3996292
0,3664205
0,2335403
0,2001858
0,1665836
0,1665836
0,1665836
0,100257
0,100257
0,100257
0,06679077
0,03340535
1,401298E-45
1,401298E-45
0
0
0
0
0
0
0
0
0
4,203895E-45
4,203895E-45
1,863727E-43
1,863727E-43
1,863727E-43
1,863727E-43
1,863727E-43
1,863727E-43
1,863727E-43
6,323496E-27
6,323496E-27
6,323496E-27
0,03302493
0,03302493
0,06601629
0,06601629
0,06601629
0,06601629
0,09946761
0,1992505
0,2327171
0,4001499
0,4995006
0,5995933
0,6993589
0,733155
0,7664758
0,8340006
0,7673364
0,7006745
0,6676667
0,5337955
0,5337955
0,4334733
0,3345692
0,2012473
0,1340034
0,06701602
0
0
1,863727E-43
1,863727E-43
1,863727E-43
1,863727E-43
1,863727E-43
1,863727E-43
1,863727E-43
1,863727E-43
1,863727E-43
6,323496E-27
6,323496E-27
6,323496E-27
6,323496E-27
0,0665438
0,0665438
0,09940657
0,166129
0,2336485
0,367231
0,4006829
0,4340807
0,4340807
0,5666812
0,6999711
0,6999789
0,6996568
0,6000716
0,5657085
0,5657085
0,598866
0,5324249
0,4990609
0,4990796
0,5324845
0,432589
0,2999764
0,2334781
0,2001858
0,2001858
0,1665836
0,1665836
0,1334145
0,100257
0,100257
0,100257
0,06679077
0,03338538
0,03338538
1,401298E-45
1,401298E-45
1,401298E-45
0
0
0
0
0
0
0
0
0
0
0
1,863727E-43
1,863727E-43
1,863727E-43
1,863727E-43
1,863727E-43
1,863727E-43
1,863727E-43
6,323496E-27
6,323496E-27
6,323496E-27
5,15043E-26
5,15043E-26
5,15043E-26
0,03302493
0,06601629
0,06601629
0,06601629
0,1325772
0,1660434
0,3328825
0,3328825
0,4335353
0,4995332
0,5998542
0,7328324
0,7666167
0,7664059
0,7336648
0,7011218
0,6343182
0,6008673
0,4334733
0,4334733
0,3667663
0,2345413
0,1009393
1,401298E-45
1,401298E-45
1,863727E-43
1,863727E-43
1,863727E-43
1,863727E-43
1,863727E-43
1,863727E-43
6,323496E-27
6,323496E-27
6,323496E-27
6,323496E-27
6,323496E-27
0,0665438
0,0665438
0,09940657
0,1330195
0,2336485
0,3342397
0,3342397
0,4006829
0,4006829
0,5666812
0,6002631
0,6002722
0,6999789
0,633562
0,5993795
0,5993795
0,5657085
0,5322567
0,5320514
0,5325266
0,5659323
0,3992036
0,3665523
0,300414
0,1665836
0,1665836
0,1665836
0,1665836
0,1334145
0,1334145
0,1334145
0,100257
0,06679077
0,03338538
0,03338538
0
0
0
0
0
0
0
0
0
0
0
0
0
0
0
0
1,863727E-43
1,863727E-43
1,863727E-43
1,863727E-43
1,863727E-43
1,863727E-43
1,863727E-43
6,323496E-27
5,15043E-26
5,15043E-26
5,15043E-26
5,15043E-26
5,15043E-26
0,03302493
0,06601629
0,06601629
0,06601629
0,06601629
0,09948251
0,1657903
0,1657903
0,3331147
0,3664606
0,53353
0,6658389
0,666022
0,6993446
0,7002043
0,7006745
0,6338711
0,6343182
0,5002881
0,4668369
0,3667663
0,2671938
0,1335913
1,401298E-45
1,401298E-45
1,863727E-43
1,863727E-43
1,863727E-43
1,863727E-43
1,863727E-43
1,863727E-43
6,323496E-27
6,323496E-27
6,323496E-27
6,323496E-27
6,323496E-27
0,09940657
0,09940657
0,1664396
0,2000524
0,2336485
0,367231
0,367231
0,5336559
0,6004359
0,6668156
0,7333249
0,7004704
0,666978
0,666532
0,5993795
0,6325387
0,5320514
0,4990609
0,4990609
0,3988234
0,3990205
0,267028
0,1664906
0,1998758
0,1665836
0,1334145
0,100257
0,100257
0,100257
0,100257
0,100257
0,06685151
0,03338538
0
0
0
0
0
0
0
0
0
0
0
0
0
0
0
0
0
0
1,863727E-43
1,863727E-43
1,863727E-43
1,863727E-43
6,323496E-27
6,323496E-27
6,323496E-27
6,323496E-27
5,15043E-26
5,15043E-26
5,15043E-26
5,15043E-26
5,15043E-26
0,03302493
0,03302493
0,03302493
0,03302493
0,06601629
0,09948251
0,1326807
0,1657903
0,2325921
0,2659378
0,4666061
0,4995659
0,5000796
0,5993422
0,6662822
0,6662822
0,6334032
0,7004184
0,6004698
0,5339092
0,4668369
0,4005838
0,1669118
1,863727E-43
1,863727E-43
1,863727E-43
1,863727E-43
1,863727E-43
1,863727E-43
1,863727E-43
1,863727E-43
6,323496E-27
6,323496E-27
6,323496E-27
0,06606079
0,06606079
0,09940657
0,09940657
0,2000357
0,3006833
0,3006833
0,4675279
0,5673333
0,6668156
0,6671545
0,6671545
0,7004625
0,7007774
0,6665502
0,666095
0,5320514
0,5320514
0,5320514
0,399647
0,3662488
0,233434
0,2000925
0,2334781
0,1998758
0,1667064
0,1334145
0,1334145
0,100257
0,100257
0,100257
0,100257
0,06679077
0
0
0
0
0
0
0
0
0
0
0
0
0
0
0
0
0
0
0
0
1,863727E-43
1,863727E-43
1,863727E-43
1,863727E-43
6,323496E-27
6,323496E-27
6,323496E-27
6,323496E-27
5,15043E-26
5,15043E-26
5,15043E-26
5,15043E-26
5,15043E-26
5,15043E-26
5,15043E-26
0,03302493
0,03302493
0,03302493
0,06649122
0,1326807
0,1326807
0,1994824
0,2659378
0,3997917
0,3997917
0,4671194
0,5666918
0,63363
0,6662822
0,6331446
0,6331446
0,5334538
0,4668926
0,3998204
0,3665281
0,1328562
1,863727E-43
1,863727E-43
1,863727E-43
1,863727E-43
1,863727E-43
1,863727E-43
1,863727E-43
1,863727E-43
6,323496E-27
6,323496E-27
6,323496E-27
0,09940657
0,09940657
0,1325163
0,166129
0,2336485
0,4340807
0,4340807
0,5001804
0,6003255
0,6671545
0,6672509
0,6344004
0,7008998
0,666532
0,6329367
0,598866
0,4990609
0,4665538
0,4331562
0,266459
0,2663263
0,2333015
0,1664906
0,1998758
0,1665836
0,1334145
0,100257
0,100257
0,100257
0,100257
0,06679077
0,03338538
0,03338538
0
0
0
0
0
0
0
0
0
0
0
0
0
0
0
0
0
0
0
0
1,863727E-43
1,863727E-43
1,863727E-43
1,863727E-43
6,323496E-27
6,323496E-27
6,323496E-27
6,323496E-27
5,15043E-26
5,15043E-26
5,15043E-26
5,15043E-26
5,15043E-26
5,15043E-26
5,15043E-26
0,03302493
0,03302493
0,03302493
0,06649122
0,09968922
0,09968922
0,1994824
0,2328281
0,299473
0,3325822
0,3666045
0,4328577
0,4998858
0,5658579
0,5663343
0,5663343
0,499633
0,4330721
0,3666053
0,3666053
0,1661481
1,863727E-43
1,863727E-43
1,863727E-43
1,863727E-43
1,863727E-43
1,863727E-43
1,863727E-43
1,863727E-43
6,323496E-27
0,03286271
0,03286271
0,09940657
0,09940657
0,1664396
0,3004851
0,3340817
0,4340807
0,567424
0,6669982
0,6338983
0,700856
0,8005256
0,7001452
0,6665502
0,5659022
0,5659174
0,5321973
0,4658085
0,3661789
0,2996166
0,2333015
0,2000925
0,2334781
0,1334145
0,1334145
0,1334145
0,1334145
0,100257
0,100257
0,03338538
0,03338538
0,03338538
0,03338538
0,03338538
0
0
0
0
0
0
0
0
0
0
0
0
0
0
0
0
0
0
1,863727E-43
1,863727E-43
1,863727E-43
1,863727E-43
1,863727E-43
1,863727E-43
6,323496E-27
6,323496E-27
5,15043E-26
5,15043E-26
5,15043E-26
5,15043E-26
5,15043E-26
5,15043E-26
5,15043E-26
4,518075E-26
4,518075E-26
0,03302493
0,03302493
0,03302493
0,06649122
0,09968922
0,09968922
0,1994824
0,2328281
0,2328281
0,2328281
0,2332788
0,3660922
0,4667163
0,5326887
0,499241
0,5331634
0,4664642
0,3999034
0,3334363
0,3001163
0,1328279
1,863727E-43
1,863727E-43
1,863727E-43
1,863727E-43
1,863727E-43
1,863727E-43
1,863727E-43
1,863727E-43
6,323496E-27
0,06606079
0,06606079
0,09940657
0,1330195
0,2336485
0,3340817
0,3676193
0,534542
0,6999592
0,7669158
0,7008017
0,7008017
0,7671785
0,666532
0,6664028
0,5989695
0,5655179
0,4660438
0,3661169
0,2663263
0,2333015
0,2666869
0,1665836
0,1665836
0,1334145
0,1334145
0,100257
0,06679077
0,06679077
0,06679077
0,03338538
0,03338538
0,03338538
0
0
0
0
0
0
0
0
0
0
0
0
0
0
0
0
0
0
0
0
1,863727E-43
1,863727E-43
1,863727E-43
1,863727E-43
6,323496E-27
6,323496E-27
6,323496E-27
6,323496E-27
5,15043E-26
5,15043E-26
5,15043E-26
5,15043E-26
5,15043E-26
5,15043E-26
5,15043E-26
4,518075E-26
4,518075E-26
0,03302493
0,03302493
0,03302493
0,06649122
0,06649122
0,06649122
0,13293
0,1662755
0,1996299
0,1996299
0,2000806
0,2666416
0,3335198
0,399801
0,3997588
0,432411
0,3657107
0,2991497
0,2326829
0,1664023
0,032652
1,401298E-45
1,401298E-45
1,863727E-43
1,863727E-43
1,863727E-43
1,863727E-43
1,863727E-43
1,863727E-43
0,03334572
0,09940657
0,09940657
0,1325163
0,2334503
0,3337097
0,434
0,5669692
0,6339742
0,66676
0,7337172
0,7671785
0,7001452
0,7001452
0,6660178
0,6324372
0,5321195
0,3988107
0,2996804
0,2996804
0,2663263
0,1331984
0,1665836
0,1334145
0,1334145
0,100257
0,100257
0,100257
0,06679077
0,06679077
0,06679077
0,03338538
0
0
0
0
0
0
0
0
0
0
0
0
0
0
0
0
0
0
0
0
0
0
1,863727E-43
1,863727E-43
1,863727E-43
1,863727E-43
6,323496E-27
6,323496E-27
6,323496E-27
6,323496E-27
5,15043E-26
5,15043E-26
5,15043E-26
5,15043E-26
5,15043E-26
5,15043E-26
5,15043E-26
4,518075E-26
4,518075E-26
4,518075E-26
4,518075E-26
2,75614E-37
0,0334662
0,0334662
0,0334662
0,0334662
0,0668119
0,0668119
0,09980341
0,09980341
0,09980341
0,1665613
0,1665613
0,1999667
0,1999667
0,1666211
0,1666211
0,1001541
0,1001541
0
1,401298E-45
4,203895E-45
1,863727E-43
1,863727E-43
1,863727E-43
1,863727E-43
1,863727E-43
0,06606079
0,09940657
0,09940657
0,1664172
0,2331989
0,3339606
0,4340858
0,534542
0,6669351
0,7002876
0,7005454
0,7341473
0,7671785
0,666532
0,6664028
0,5991286
0,5321379
0,4324124
0,2996804
0,2663263
0,2000093
0,2000093
0,1331984
0,1665836
0,1334145
0,1334145
0,100257
0,06679077
0,06679077
0,06679077
0,03338538
0,03338538
0,03338538
0
0
0
0
0
0
0
0
0
0
0
0
0
0
0
0
0
0
0
0
0
0
1,863727E-43
1,863727E-43
1,863727E-43
1,863727E-43
6,323496E-27
6,323496E-27
5,15043E-26
5,15043E-26
5,15043E-26
5,15043E-26
5,15043E-26
5,15043E-26
5,15043E-26
5,15043E-26
5,15043E-26
4,518075E-26
4,518075E-26
3,310898E-38
3,310898E-38
2,756207E-37
0,0334662
0,0334662
0,0334662
0,0334662
0,0668119
0,0668119
0,0668119
0,0668119
0,09980341
0,09972244
0,09972244
0,1330856
0,1330856
0,09974011
0,09974011
0,06674857
0,06674857
0
1,401298E-45
4,203895E-45
1,863727E-43
1,863727E-43
1,863727E-43
1,863727E-43
0,03334572
0,09940657
0,09940657
0,09940657
0,2003406
0,3007185
0,4010086
0,5669692
0,6669982
0,6999592
0,8000839
0,7339699
0,7008605
0,7333038
0,6326221
0,59904
0,5330244
0,3997149
0,3326406
0,2996804
0,2663263
0,1664069
0,1997926
0,1334145
0,1334145
0,100257
0,06679077
0,06679077
0,06679077
0,03338538
0,03338538
0,03338538
0
0
0
0
0
0
0
0
0
0
0
0
0
0
0
0
0
0
0
0
0
1,863727E-43
1,863727E-43
1,863727E-43
1,863727E-43
1,863727E-43
6,323496E-27
6,323496E-27
6,323496E-27
6,323496E-27
5,15043E-26
5,15043E-26
5,15043E-26
5,15043E-26
5,15043E-26
5,15043E-26
5,15043E-26
4,518075E-26
4,518075E-26
4,518075E-26
4,518075E-26
3,310898E-38
3,310898E-38
2,756207E-37
2,756207E-37
2,756207E-37
0,0334662
0,0334662
0,0668119
0,0668119
0,0668119
0,0668119
0,0668119
0,0667311
0,0667311
0,03338538
0,03338538
0,03338538
0,03338538
0,03338538
0,03338538
0
1,401298E-45
4,203895E-45
1,863727E-43
1,863727E-43
1,863727E-43
0,06606079
0,09940657
0,09940657
0,1328045
0,165914
0,2334503
0,3007185
0,4010086
0,5669692
0,7005997
0,7007929
0,8005256
0,733256
0,6667478
0,7333724
0,6327242
0,5656763
0,532955
0,3996452
0,2992868
0,2663263
0,2663263
0,1331984
0,1665836
0,1334145
0,09994814
0,06679077
0,06679077
0,03338538
0,03338538
0,03338538
0,03338538
0,03338538
0
0
0
0
0
0
0
0
0
0
0
0
0
0
0
0
0
0
0
0
0
1,863727E-43
1,863727E-43
1,863727E-43
1,863727E-43
1,863727E-43
6,323496E-27
6,323496E-27
6,323496E-27
6,323496E-27
5,15043E-26
5,15043E-26
5,15043E-26
5,15043E-26
5,15043E-26
5,15043E-26
5,15043E-26
4,518075E-26
4,518075E-26
3,039416E-42
3,310898E-38
3,310898E-38
3,310898E-38
2,756207E-37
2,756207E-37
2,756171E-37
2,756184E-37
2,756184E-37
0,03334572
0,03334572
0,03334572
0,03334572
0,03334572
0,03334572
0,03334572
0,03338538
0,03338538
0,03338538
0,03338538
0,03338538
0,03338538
0
1,401298E-45
4,203895E-45
4,203895E-45
4,203895E-45
1,863727E-43
0,06606079
0,09940657
0,09940657
0,1667279
0,2335092
0,3340487
0,401183
0,4679939
0,6666701
0,766853
0,6674475
0,7671785
0,7664131
0,6326221
0,6660867
0,5657965
0,465342
0,3990924
0,2996804
0,2327239
0,1994319
0,2328173
0,1665836
0,1665836
0,1334145
0,09994814
0,06679077
0,06679077
0,03338538
0,03338538
0,03338538
0
0
0
0
0
0
0
0
0
0
0
0
0
0
0
0
0
0
0
0
0
0
0
1,863727E-43
1,863727E-43
1,863727E-43
6,323496E-27
6,323496E-27
6,323496E-27
6,323496E-27
5,15043E-26
5,15043E-26
5,15043E-26
5,15043E-26
5,15043E-26
5,15043E-26
5,15043E-26
4,518075E-26
4,518075E-26
4,518075E-26
4,518075E-26
3,310898E-38
2,75614E-37
2,75614E-37
2,75614E-37
2,756207E-37
2,756207E-37
2,756171E-37
2,756184E-37
2,756184E-37
2,756184E-37
2,51465E-27
2,51465E-27
2,51465E-27
2,51465E-27
2,51465E-27
2,51465E-27
2,51465E-27
2,51465E-27
2,51465E-27
2,51465E-27
2,51465E-27
2,51465E-27
0
1,401298E-45
4,203895E-45
4,203895E-45
4,203895E-45
1,863727E-43
0,06606079
0,09940657
0,09940657
0,2003406
0,2671222
0,3674127
0,5669692
0,6670441
0,667235
0,7673151
0,7339699
0,7671785
0,7333038
0,6326221
0,6324915
0,4995488
0,3992314
0,3320302
0,2327862
0,1664069
0,1331984
0,1334145
0,1334145
0,100257
0,100257
0,06679077
0,06679077
0,06679077
0,03338538
0,03338538
0,03338538
0
0
0
0
0
0
0
0
0
0
0
0
0
0
0
0
0
0
0
0
0
0
0
6,323496E-27
6,323496E-27
6,323496E-27
6,323496E-27
6,323496E-27
6,323496E-27
6,323496E-27
5,15043E-26
5,15043E-26
5,15043E-26
5,15043E-26
5,15043E-26
5,15043E-26
5,15043E-26
4,518075E-26
4,518075E-26
4,518075E-26
4,518075E-26
3,310898E-38
2,75614E-37
2,756207E-37
2,756207E-37
2,756207E-37
2,756216E-37
2,756184E-37
2,756184E-37
2,756184E-37
2,756184E-37
2,51465E-27
2,51465E-27
2,51465E-27
2,51465E-27
2,51465E-27
2,51465E-27
2,51465E-27
2,51465E-27
2,51465E-27
2,51465E-27
2,51465E-27
2,51465E-27
4,203895E-45
1,401298E-45
4,203895E-45
4,203895E-45
0,03319803
0,0665438
0,09940657
0,1328045
0,1328045
0,2338163
0,4002392
0,4670498
0,6666701
0,7332984
0,7007929
0,8005256
0,8003362
0,7332666
0,6996989
0,5991597
0,5320258
0,4325633
0,2995306
0,2657774
0,2327862
0,1664069
0,1331984
0,100257
0,100257
0,06679077
0,06679077
0,06679077
0,03338538
0,03338538
0,03338538
0,03338538
0,03338538
0
0
0
0
0
0
0
0
0
0
0
0
0
0
0
0
0
0
0
0
0
1,863727E-43
1,863727E-43
6,323496E-27
6,323496E-27
6,323496E-27
6,323496E-27
6,323496E-27
6,323496E-27
6,323496E-27
5,15043E-26
5,15043E-26
5,15043E-26
5,15043E-26
5,15043E-26
5,15043E-26
5,15043E-26
4,518075E-26
3,039416E-42
2,425077E-37
2,75614E-37
2,75614E-37
2,75614E-37
2,756207E-37
2,756207E-37
2,756207E-37
2,756216E-37
2,756184E-37
2,756184E-37
2,42513E-37
2,42513E-37
2,51465E-27
2,51465E-27
2,51465E-27
2,51465E-27
2,51465E-27
2,51465E-27
2,51465E-27
2,51465E-27
2,51465E-27
2,51465E-27
2,51465E-27
2,51465E-27
4,203895E-45
4,203895E-45
4,203895E-45
4,203895E-45
0,06606079
0,09940657
0,09940657
0,1328045
0,1664764
0,267488
0,4672946
0,5341066
0,6666701
0,766651
0,7341473
0,8005256
0,7998802
0,6991974
0,6325502
0,5329708
0,4993198
0,3995175
0,2999446
0,1994319
0,1994319
0,1666233
0,1334145
0,100257
0,100257
0,06679077
0,06679077
0,06679077
0,03338538
0,03338538
0,03338538
2,425049E-37
2,425049E-37
0
0
0
0
0
0
0
0
0
0
0
0
0
0
0
0
0
0
0
0
0
1,863727E-43
1,863727E-43
6,323496E-27
6,323496E-27
6,323496E-27
6,323496E-27
6,323496E-27
5,15043E-26
5,15043E-26
5,15043E-26
5,15043E-26
5,15043E-26
5,15043E-26
5,15043E-26
4,518075E-26
4,518075E-26
4,518075E-26
3,310898E-38
2,75614E-37
2,756207E-37
2,756207E-37
2,756207E-37
2,756216E-37
2,756216E-37
2,756216E-37
2,756216E-37
2,756184E-37
2,756184E-37
2,42513E-37
2,42513E-37
2,51465E-27
2,51465E-27
2,51465E-27
2,51465E-27
2,51465E-27
2,51465E-27
2,51465E-27
2,51465E-27
2,51465E-27
2,51465E-27
2,662467E-44
4,203895E-45
4,203895E-45
4,203895E-45
4,203895E-45
4,203895E-45
0,06606079
0,09940657
0,09940657
0,1664172
0,3333116
0,400235
0,533703
0,6006683
0,7334407
0,7998205
0,7339699
0,7337817
0,7664817
0,6657447
0,53285
0,4325633
0,3662281
0,2660785
0,2327862
0,1664069
0,1664069
0,1666233
0,09994814
0,06679077
0,06679077
0,06679077
0,06679077
0,06679077
0,03338538
0,03338538
0,03338538
2,425049E-37
2,425049E-37
0
0
0
0
0
0
0
0
0
0
0
0
0
0
0
0
0
0
1,863727E-43
1,863727E-43
1,863727E-43
6,323496E-27
6,323496E-27
6,323496E-27
6,323496E-27
6,323496E-27
5,15043E-26
5,15043E-26
5,15043E-26
5,15043E-26
5,15043E-26
5,15043E-26
4,518075E-26
4,518075E-26
4,518075E-26
4,518075E-26
3,039416E-42
3,310898E-38
3,310898E-38
2,75614E-37
2,756207E-37
2,756207E-37
2,756207E-37
2,756216E-37
2,756216E-37
2,756184E-37
2,756184E-37
2,756184E-37
2,756184E-37
2,42513E-37
2,42513E-37
2,51465E-27
2,51465E-27
2,51465E-27
2,51465E-27
2,51465E-27
2,51465E-27
2,51465E-27
2,51465E-27
2,51465E-27
2,51465E-27
2,662467E-44
4,203895E-45
4,203895E-45
4,203895E-45
4,203895E-45
4,203895E-45
0,06606079
0,09940657
0,09940657
0,1998927
0,4002392
0,4336864
0,6000467
0,6670138
0,7339612
0,8007809
0,7666698
0,7328104
0,7328104
0,6322693
0,4993743
0,4325633
0,3329358
0,1994319
0,1994319
0,1664069
0,09973192
0,06679077
0,06679077
0,06679077
0,06679077
0,06679077
0,06679077
0,06679077
0,03338538
0,03338538
0,03338538
2,425049E-37
2,425049E-37
2,425049E-37
2,425049E-37
2,425049E-37
0
0
0
0
0
0
0
0
0
0
0
0
0
0
0
1,863727E-43
6,323496E-27
6,323496E-27
6,323496E-27
6,323496E-27
6,323496E-27
6,323496E-27
6,323496E-27
5,15043E-26
5,15043E-26
5,15043E-26
5,15043E-26
5,15043E-26
5,15043E-26
4,518075E-26
4,518075E-26
4,518075E-26
4,518075E-26
3,039416E-42
3,310898E-38
3,311534E-38
2,756207E-37
2,756207E-37
2,756216E-37
2,756216E-37
2,756216E-37
2,756216E-37
2,756184E-37
2,756184E-37
2,756184E-37
2,756184E-37
2,42513E-37
7,579623E-42
2,51465E-27
2,51465E-27
2,51465E-27
2,51465E-27
2,51465E-27
2,51465E-27
2,51465E-27
2,51465E-27
2,51465E-27
2,51465E-27
2,662467E-44
4,203895E-45
4,203895E-45
4,203895E-45
0,03286271
0,03286271
0,06606079
0,1328045
0,1993798
0,2664681
0,4002392
0,4670498
0,6996942
0,766651
0,7673151
0,8007809
0,7666698
0,6991974
0,633435
0,5665095
0,4663591
0,3659464
0,2993336
0,1994319
0,1994319
0,1997926
0,1331173
0,06679077
0,06679077
0,06679077
0,06679077
0,03338538
0,03338538
0,03338538
0,03338538
2,425062E-37
2,425062E-37
2,425049E-37
2,425049E-37
2,425049E-37
2,425049E-37
2,425049E-37
2,425049E-37
2,425049E-37
0
0
0
0
0
0
0
0
0
0
0
0
0
1,863727E-43
6,323496E-27
6,323496E-27
6,323496E-27
6,323496E-27
6,323496E-27
6,323496E-27
6,323496E-27
5,15043E-26
5,15043E-26
5,15043E-26
5,15043E-26
4,518075E-26
4,518075E-26
4,518075E-26
4,518075E-26
4,518075E-26
4,518075E-26
3,310898E-38
2,75614E-37
2,756216E-37
2,756216E-37
2,756216E-37
2,756216E-37
2,756216E-37
2,756216E-37
2,756216E-37
2,756184E-37
2,756184E-37
2,42513E-37
2,51465E-27
2,51465E-27
2,51465E-27
2,51465E-27
2,51465E-27
2,51465E-27
2,51465E-27
2,51465E-27
2,51465E-27
2,51465E-27
2,51465E-27
2,51465E-27
2,51465E-27
2,662467E-44
4,203895E-45
4,203895E-45
4,203895E-45
0,06606079
0,06606079
0,06606079
0,1664172
0,3002025
0,333678
0,5002553
0,5670655
0,6996942
0,766651
0,8004735
0,86715
0,7998802
0,6657223
0,5664217
0,4995224
0,3995917
0,2990698
0,2657774
0,1994319
0,1662629
0,1334659
0,06679077
0,06679077
0,06679077
0,06679077
0,06679077
0,03338538
0,03338538
0,03338538
0,03338538
2,42509E-37
2,42509E-37
2,425062E-37
2,425062E-37
2,425062E-37
2,425049E-37
2,425049E-37
2,425049E-37
2,425049E-37
0
0
0
0
0
0
0
0
0
0
0
1,863727E-43
1,863727E-43
1,863727E-43
6,323496E-27
6,323496E-27
6,323496E-27
6,323496E-27
6,323496E-27
5,15043E-26
5,15043E-26
5,15043E-26
5,15043E-26
5,15043E-26
5,15043E-26
4,518075E-26
4,518075E-26
4,518075E-26
4,518075E-26
3,039416E-42
3,311534E-38
3,311534E-38
2,756207E-37
2,756216E-37
2,756216E-37
2,756216E-37
2,756216E-37
2,756216E-37
2,756216E-37
2,756216E-37
2,756184E-37
2,756184E-37
2,42513E-37
2,51465E-27
2,51465E-27
2,51465E-27
2,51465E-27
2,51465E-27
2,51465E-27
2,51465E-27
2,51465E-27
2,51465E-27
2,51465E-27
2,51465E-27
2,51465E-27
2,51465E-27
2,662467E-44
4,203895E-45
4,203895E-45
4,203895E-45
0,06606079
0,06606079
0,06606079
0,1998927
0,3667876
0,400235
0,6003158
0,6672789
0,7336028
0,8004248
0,8339397
0,7998279
0,7664817
0,6322693
0,5329708
0,4661594
0,3329358
0,2327862
0,1997613
0,1997926
0,09994814
0,06679077
0,06679077
0,06679077
0,06679077
0,06679077
0,06679077
0,03338538
0,03338538
2,756152E-37
2,756152E-37
2,756152E-37
2,42509E-37
2,42509E-37
2,42509E-37
2,42509E-37
2,425049E-37
2,425049E-37
2,425049E-37
2,425049E-37
2,802597E-45
2,802597E-45
0
0
0
0
0
0
1,863727E-43
1,863727E-43
1,863727E-43
1,863727E-43
6,323496E-27
6,323496E-27
6,323496E-27
6,323496E-27
6,323496E-27
6,323496E-27
6,323496E-27
5,15043E-26
5,15043E-26
5,15043E-26
5,15043E-26
4,518075E-26
4,518075E-26
4,518075E-26
4,518075E-26
4,518075E-26
4,518075E-26
3,310898E-38
3,311534E-38
3,311534E-38
2,756207E-37
2,756216E-37
2,756216E-37
2,756216E-37
2,756216E-37
2,756184E-37
2,756184E-37
2,42513E-37
2,42513E-37
2,42513E-37
2,42513E-37
2,51465E-27
2,51465E-27
2,51465E-27
2,51465E-27
2,51465E-27
2,51465E-27
2,51465E-27
2,51465E-27
2,51465E-27
2,51465E-27
2,662467E-44
2,662467E-44
2,662467E-44
2,662467E-44
2,662467E-44
2,662467E-44
4,203895E-45
0,06606079
0,09940657
0,09940657
0,1998927
0,4002392
0,4336864
0,6003158
0,6672789
0,7004061
0,7672246
0,8339397
0,7998279
0,6666187
0,5326317
0,4329124
0,3995489
0,3329358
0,1994319
0,1664069
0,1997926
0,09994814
0,06679077
0,06679077
0,06679077
0,06679077
0,03338538
0,03338538
0,03338538
0,03338538
4,518075E-26
2,756152E-37
2,756152E-37
2,756152E-37
2,756152E-37
2,42509E-37
2,42509E-37
2,425062E-37
2,425062E-37
2,425062E-37
2,425062E-37
2,425062E-37
2,425049E-37
2,425049E-37
2,425049E-37
2,425049E-37
2,425049E-37
2,802597E-45
0
1,863727E-43
1,863727E-43
6,323496E-27
6,323496E-27
6,323496E-27
6,323496E-27
6,323496E-27
6,323496E-27
6,323496E-27
5,15043E-26
5,15043E-26
5,15043E-26
5,15043E-26
5,15043E-26
5,15043E-26
4,518075E-26
4,518075E-26
4,518075E-26
4,518075E-26
3,311534E-38
3,311534E-38
2,756207E-37
2,756207E-37
2,756216E-37
2,756216E-37
2,756216E-37
2,756216E-37
2,756216E-37
2,756216E-37
2,756184E-37
2,756184E-37
2,42513E-37
2,42513E-37
2,42513E-37
7,579623E-42
2,51465E-27
2,51465E-27
2,51465E-27
2,51465E-27
2,51465E-27
2,51465E-27
2,51465E-27
2,51465E-27
2,51465E-27
2,51465E-27
2,662467E-44
2,662467E-44
2,662467E-44
2,662467E-44
2,662467E-44
2,662467E-44
4,203895E-45
0,06606079
0,1328045
0,1654565
0,2659919
0,4336864
0,4672887
0,6339177
0,7672579
0,8003832
0,8003832
0,8339397
0,7662148
0,6330068
0,5326317
0,4329124
0,3659464
0,2993336
0,1994319
0,06661416
0,09999961
0,06679077
0,06679077
0,06679077
0,06679077
0,06679077
0,03338538
0,03338538
0,03338538
0,03338538
4,518075E-26
4,518075E-26
4,518075E-26
2,756152E-37
2,756152E-37
2,756152E-37
2,756152E-37
2,756152E-37
2,756152E-37
2,756126E-37
2,425062E-37
2,425062E-37
2,425062E-37
2,425062E-37
2,425049E-37
2,425049E-37
2,425049E-37
2,425049E-37
2,425049E-37
1,863727E-43
1,863727E-43
6,323496E-27
6,323496E-27
6,323496E-27
6,323496E-27
6,323496E-27
5,15043E-26
5,15043E-26
5,15043E-26
5,15043E-26
5,15043E-26
5,15043E-26
4,518075E-26
4,518075E-26
4,518075E-26
4,518075E-26
4,518075E-26
4,518075E-26
2,756207E-37
2,756216E-37
2,756216E-37
2,756216E-37
2,756216E-37
2,756216E-37
2,756216E-37
2,756216E-37
2,756216E-37
2,756216E-37
2,42513E-37
2,42513E-37
2,42513E-37
1,523211E-42
2,51465E-27
2,51465E-27
2,51465E-27
2,51465E-27
2,51465E-27
2,51465E-27
2,51465E-27
2,51465E-27
2,51465E-27
2,51465E-27
2,51465E-27
2,51465E-27
2,662467E-44
2,662467E-44
2,662467E-44
2,662467E-44
2,662467E-44
2,662467E-44
4,203895E-45
0,06606079
0,1664172
0,3002025
0,3671253
0,5002437
0,533846
0,6669434
0,8002828
0,8339397
0,86715
0,86715
0,6992869
0,5329708
0,4995224
0,3662999
0,2993336
0,2993336
0,2328173
0,09999961
0,09999961
0,06679077
0,06679077
0,06679077
0,06679077
0,06679077
0,03338538
0,03338538
5,40189E-26
5,40189E-26
5,40189E-26
4,76954E-26
4,518075E-26
3,311049E-38
3,311042E-38
3,311042E-38
2,756152E-37
2,756152E-37
2,756152E-37
2,756152E-37
2,42509E-37
2,425062E-37
2,425062E-37
2,425062E-37
2,425062E-37
2,425062E-37
2,425062E-37
2,425049E-37
6,323496E-27
6,323496E-27
6,323496E-27
6,323496E-27
6,323496E-27
6,323496E-27
6,323496E-27
6,323496E-27
5,15043E-26
5,15043E-26
5,15043E-26
4,518075E-26
4,518075E-26
4,518075E-26
4,518075E-26
4,518075E-26
4,518075E-26
4,518075E-26
4,518075E-26
4,518075E-26
2,756216E-37
2,756216E-37
2,756216E-37
2,756216E-37
2,756216E-37
2,756216E-37
2,756216E-37
2,756216E-37
2,756184E-37
2,756184E-37
2,42513E-37
2,425062E-37
2,425062E-37
1,523211E-42
2,51465E-27
2,51465E-27
2,51465E-27
2,51465E-27
2,51465E-27
2,51465E-27
2,51465E-27
2,51465E-27
2,51465E-27
2,51465E-27
2,51465E-27
2,51465E-27
2,662467E-44
2,662467E-44
2,662467E-44
2,662467E-44
2,662467E-44
2,662467E-44
4,203895E-45
0,06606079
0,1664172
0,333654
0,400577
0,5669948
0,6335876
0,7331025
0,8664433
0,8339397
0,8337499
0,7677527
0,6332901
0,5329708
0,4659203
0,3326975
0,2659794
0,2328222
0,1996599
0,09999961
0,09999961
0,06679077
0,06679077
0,06679077
0,03338538
0,03338538
0,03338538
0,03338538
5,40189E-26
5,40189E-26
5,40189E-26
5,40189E-26
5,40189E-26
2,51465E-27
2,51465E-27
2,51465E-27
2,51465E-27
3,311042E-38
3,311042E-38
2,756152E-37
2,756152E-37
2,756152E-37
2,756152E-37
2,756152E-37
2,756126E-37
2,425062E-37
6,323496E-27
6,323496E-27
6,323496E-27
6,323496E-27
6,323496E-27
6,323496E-27
6,323496E-27
6,323496E-27
5,15043E-26
5,15043E-26
5,15043E-26
5,15043E-26
5,15043E-26
4,518075E-26
4,518075E-26
4,518075E-26
4,518075E-26
4,518075E-26
4,518075E-26
4,518075E-26
2,756216E-37
2,756216E-37
2,756216E-37
2,756216E-37
2,756216E-37
2,756216E-37
2,756216E-37
2,756216E-37
2,756184E-37
2,756184E-37
2,42513E-37
2,42513E-37
7,579623E-42
2,51465E-27
2,51465E-27
2,51465E-27
2,51465E-27
2,51465E-27
2,51465E-27
2,51465E-27
2,51465E-27
2,51465E-27
2,51465E-27
2,51465E-27
2,51465E-27
2,51465E-27
2,662467E-44
2,662467E-44
2,662467E-44
2,662467E-44
2,662467E-44
2,662467E-44
2,662467E-44
2,662467E-44
4,203895E-45
0,06606079
0,1998927
0,3671295
0,400577
0,5669948
0,6335876
0,7331025
0,8664433
0,8339397
0,7662148
0,6665447
0,5661712
0,4993325
0,4657298
0,3326975
0,2324233
0,1327748
0,1331687
0,06679077
0,06679077
0,06679077
0,06679077
0,06679077
0,03338538
0,03338538
0,03338538
0,03338538
5,40189E-26
5,40189E-26
5,40189E-26
5,40189E-26
5,40189E-26
4,76954E-26
4,76954E-26
2,51465E-27
2,51465E-27
3,311042E-38
3,311042E-38
2,756152E-37
2,756152E-37
2,756152E-37
2,756152E-37
2,756152E-37
2,756126E-37
2,756126E-37
6,323496E-27
6,323496E-27
6,323496E-27
6,323496E-27
6,323496E-27
6,323496E-27
5,15043E-26
5,15043E-26
5,15043E-26
5,15043E-26
5,15043E-26
5,15043E-26
5,15043E-26
4,518075E-26
4,518075E-26
4,518075E-26
4,518075E-26
4,518075E-26
3,311673E-38
2,756216E-37
2,756216E-37
2,756216E-37
2,756216E-37
2,756216E-37
2,756216E-37
2,756216E-37
2,756216E-37
2,756216E-37
2,756184E-37
2,756184E-37
2,42513E-37
2,42513E-37
7,579623E-42
2,51465E-27
2,51465E-27
2,51465E-27
2,51465E-27
2,51465E-27
2,51465E-27
2,51465E-27
2,51465E-27
2,51465E-27
2,51465E-27
2,51465E-27
2,51465E-27
2,51465E-27
2,662467E-44
2,662467E-44
2,662467E-44
2,662467E-44
2,662467E-44
2,662467E-44
2,662467E-44
2,662467E-44
4,203895E-45
0,06606079
0,1998927
0,4002392
0,4336864
0,6003158
0,7668877
0,8666363
0,9000016
0,8339397
0,7327632
0,5995567
0,5326317
0,3996195
0,366018
0,3326975
0,2326395
0,1329909
0,09999961
0,06679077
0,06679077
0,06679077
0,06679077
0,06679077
0,03338538
0,03338538
5,40189E-26
5,40189E-26
5,40189E-26
5,40189E-26
5,40189E-26
5,40189E-26
5,40189E-26
5,40189E-26
5,40189E-26
4,76954E-26
4,76954E-26
2,51465E-27
2,51465E-27
3,311049E-38
3,311049E-38
2,756152E-37
2,756152E-37
2,756152E-37
6,323496E-27
6,323496E-27
6,323496E-27
6,323496E-27
6,323496E-27
6,323496E-27
6,323496E-27
6,323496E-27
5,15043E-26
5,15043E-26
5,15043E-26
5,15043E-26
5,15043E-26
4,518075E-26
4,518075E-26
4,518075E-26
4,518075E-26
4,518075E-26
3,311534E-38
3,311534E-38
3,311673E-38
2,756216E-37
2,756216E-37
2,756216E-37
2,756216E-37
2,756216E-37
2,756216E-37
2,756184E-37
2,756184E-37
2,42513E-37
2,42513E-37
2,42513E-37
2,425062E-37
2,51465E-27
2,51465E-27
2,51465E-27
2,51465E-27
2,51465E-27
2,51465E-27
2,51465E-27
2,51465E-27
2,51465E-27
2,51465E-27
2,51465E-27
2,51465E-27
2,51465E-27
2,51465E-27
2,51465E-27
2,662467E-44
2,662467E-44
2,662467E-44
2,662467E-44
2,662467E-44
2,662467E-44
2,662467E-44
2,662467E-44
4,203895E-45
0,09871279
0,2659919
0,4336864
0,4672887
0,6339177
0,7668877
0,8666363
0,9000016
0,8339397
0,7327632
0,5995567
0,5326317
0,3996195
0,366018
0,2995402
0,1664911
0,09999961
0,09999961
0,06679077
0,06679077
0,06679077
0,06679077
0,06679077
0,03338538
0,03338538
8,838153E-27
5,40189E-26
5,40189E-26
5,40189E-26
5,40189E-26
5,40189E-26
5,40189E-26
5,40189E-26
5,40189E-26
5,40189E-26
5,40189E-26
4,76954E-26
4,76954E-26
2,51465E-27
2,51465E-27
2,51465E-27
3,311049E-38
3,311049E-38
6,323496E-27
6,323496E-27
6,323496E-27
6,323496E-27
6,323496E-27
5,15043E-26
5,15043E-26
5,15043E-26
5,15043E-26
5,15043E-26
5,15043E-26
4,518075E-26
4,518075E-26
4,518075E-26
4,518075E-26
4,518075E-26
3,311042E-38
3,311673E-38
2,756216E-37
2,756216E-37
2,756216E-37
2,756216E-37
2,756216E-37
2,756216E-37
2,756216E-37
2,756184E-37
2,756184E-37
2,42513E-37
2,42513E-37
2,42513E-37
2,51465E-27
2,51465E-27
2,51465E-27
2,51465E-27
2,51465E-27
2,51465E-27
2,51465E-27
2,51465E-27
2,51465E-27
2,51465E-27
2,51465E-27
2,51465E-27
2,51465E-27
2,51465E-27
2,51465E-27
4,203895E-45
4,203895E-45
4,203895E-45
2,662467E-44
2,662467E-44
2,662467E-44
2,662467E-44
2,662467E-44
2,662467E-44
2,662467E-44
2,662467E-44
4,203895E-45
0,1996254
0,3669048
0,4999389
0,5998672
0,700245
0,8000572
0,8666363
0,9332092
0,8344949
0,666635
0,5660799
0,4990309
0,366018
0,332663
0,2661851
0,1664911
0,09999961
0,09999961
0,06679077
0,06679077
0,06679077
0,03338538
0,03338538
6,294633E-42
6,294633E-42
6,323496E-27
5,15043E-26
5,15043E-26
5,40189E-26
5,40189E-26
5,40189E-26
5,40189E-26
5,40189E-26
5,40189E-26
5,40189E-26
5,40189E-26
5,40189E-26
5,40189E-26
2,51465E-27
2,51465E-27
2,51465E-27
8,838153E-27
8,838153E-27
6,323496E-27
6,323496E-27
6,323496E-27
6,323496E-27
6,323496E-27
5,15043E-26
5,15043E-26
5,15043E-26
5,15043E-26
4,518075E-26
4,518075E-26
4,518075E-26
4,518075E-26
4,518075E-26
4,518075E-26
4,518075E-26
2,756216E-37
2,756216E-37
2,756216E-37
2,756216E-37
2,756216E-37
2,756216E-37
2,756216E-37
2,756216E-37
2,425159E-37
2,42513E-37
2,42513E-37
2,425062E-37
2,425049E-37
2,425049E-37
2,51465E-27
2,51465E-27
2,51465E-27
2,51465E-27
2,51465E-27
2,51465E-27
2,51465E-27
2,51465E-27
2,51465E-27
2,51465E-27
2,51465E-27
2,51465E-27
2,51465E-27
1,401298E-45
1,401298E-45
4,203895E-45
4,203895E-45
4,203895E-45
2,662467E-44
2,662467E-44
2,662467E-44
2,662467E-44
2,662467E-44
2,662467E-44
2,662467E-44
2,662467E-44
0,1002088
0,266636
0,3669048
0,4999389
0,6333356
0,7337096
0,83342
0,9000016
0,9332092
0,8344949
0,666635
0,5663751
0,4993255
0,3326975
0,2657862
0,199163
0,1330245
0,09999961
0,09999961
0,06679077
0,06679077
0,06679077
0,03338538
0,03338538
6,294633E-42
6,294633E-42
6,294633E-42
6,294633E-42
6,323496E-27
5,40189E-26
5,40189E-26
5,40189E-26
5,40189E-26
5,40189E-26
5,40189E-26
5,40189E-26
5,40189E-26
5,40189E-26
5,40189E-26
5,40189E-26
5,40189E-26
8,838153E-27
8,838153E-27
8,838153E-27
6,323496E-27
6,323496E-27
6,323496E-27
5,15043E-26
5,15043E-26
5,15043E-26
5,15043E-26
5,15043E-26
5,15043E-26
4,518075E-26
4,518075E-26
4,518075E-26
4,518075E-26
4,518075E-26
4,518075E-26
4,518075E-26
2,756216E-37
2,756216E-37
2,756216E-37
2,756216E-37
2,756216E-37
2,756216E-37
2,756216E-37
2,756216E-37
2,425159E-37
2,42513E-37
2,42513E-37
2,425062E-37
2,425049E-37
2,425049E-37
2,51465E-27
2,51465E-27
2,51465E-27
2,51465E-27
2,51465E-27
2,51465E-27
2,51465E-27
2,51465E-27
2,51465E-27
2,51465E-27
2,51465E-27
2,51465E-27
2,51465E-27
1,401298E-45
1,401298E-45
4,203895E-45
4,203895E-45
4,203895E-45
2,662467E-44
2,662467E-44
2,662467E-44
2,662467E-44
2,662467E-44
2,662467E-44
2,662467E-44
2,662467E-44
0,1664172
0,333654
0,400577
0,5335353
0,7663
0,8330808
0,8664433
0,9000016
0,8992849
0,7670351
0,5996506
0,4666755
0,4330736
0,3326975
0,2991718
0,2325483
0,09981564
0,06679077
0,06679077
0,06679077
0,06679077
0,06679077
0,03338538
0,03338538
6,294633E-42
6,294633E-42
6,294633E-42
6,294633E-42
6,323496E-27
6,323496E-27
6,323496E-27
5,15043E-26
5,40189E-26
5,40189E-26
5,40189E-26
5,40189E-26
5,40189E-26
5,40189E-26
5,40189E-26
5,40189E-26
5,40189E-26
5,40189E-26
5,40189E-26
8,838153E-27
8,838153E-27
5,40189E-26
5,40189E-26
5,40189E-26
5,40189E-26
5,15043E-26
5,15043E-26
5,15043E-26
5,15043E-26
4,518075E-26
4,518075E-26
4,518075E-26
4,518075E-26
4,518075E-26
2,756216E-37
2,756216E-37
2,756216E-37
2,756216E-37
2,756216E-37
2,756216E-37
2,756216E-37
2,756216E-37
2,425159E-37
2,42513E-37
2,42513E-37
2,42513E-37
2,42513E-37
2,425062E-37
2,51465E-27
2,51465E-27
2,51465E-27
2,51465E-27
2,51465E-27
2,51465E-27
2,51465E-27
2,51465E-27
2,51465E-27
2,51465E-27
2,51465E-27
2,51465E-27
1,401298E-45
1,401298E-45
1,401298E-45
1,401298E-45
1,401298E-45
4,203895E-45
4,203895E-45
4,203895E-45
2,662467E-44
2,662467E-44
2,662467E-44
2,662467E-44
2,662467E-44
2,662467E-44
2,662467E-44
2,662467E-44
0,1664172
0,366946
0,4674712
0,6005973
0,799762
0,8666363
0,9000016
0,8339397
0,7996114
0,6999701
0,5996506
0,4330798
0,3660116
0,2660736
0,1660158
0,1660158
0,09981564
0,06679077
0,06679077
0,06679077
0,06679077
0,06679077
0,03338538
0,03338538
6,294633E-42
6,294633E-42
6,294633E-42
6,294633E-42
6,294633E-42
6,294633E-42
6,294633E-42
6,323496E-27
6,323496E-27
5,15043E-26
5,40189E-26
5,40189E-26
5,40189E-26
5,40189E-26
5,40189E-26
5,40189E-26
5,40189E-26
5,40189E-26
5,40189E-26
5,40189E-26
5,40189E-26
5,40189E-26
5,40189E-26
5,40189E-26
5,40189E-26
5,40189E-26
5,40189E-26
4,76954E-26
4,518075E-26
4,518075E-26
4,518075E-26
4,518075E-26
2,756216E-37
2,756216E-37
2,756216E-37
2,756216E-37
2,756216E-37
2,756216E-37
2,756216E-37
2,756216E-37
2,756216E-37
2,756216E-37
2,425159E-37
2,425159E-37
2,42509E-37
2,51465E-27
2,51465E-27
2,51465E-27
2,51465E-27
2,51465E-27
2,51465E-27
2,51465E-27
2,51465E-27
2,51465E-27
2,51465E-27
2,51465E-27
2,51465E-27
2,51465E-27
1,401298E-45
1,401298E-45
1,401298E-45
1,401298E-45
1,401298E-45
1,401298E-45
1,401298E-45
4,203895E-45
4,203895E-45
4,203895E-45
2,662467E-44
2,662467E-44
2,662467E-44
2,662467E-44
2,662467E-44
2,662467E-44
2,662467E-44
2,662467E-44
0,1990694
0,366946
0,4674712
0,6005973
0,799762
0,8666363
0,9000016
0,8339397
0,7662148
0,632901
0,5659787
0,4330798
0,3660116
0,2660736
0,1329909
0,1329909
0,06679077
0,06679077
0,06679077
0,03338538
0,03338538
0,03338538
6,294633E-42
6,294633E-42
6,294633E-42
6,294633E-42
6,294633E-42
6,294633E-42
6,294633E-42
6,294633E-42
6,294633E-42
6,294633E-42
6,294633E-42
6,323496E-27
6,323496E-27
5,15043E-26
5,15043E-26
5,15043E-26
5,15043E-26
5,40189E-26
5,40189E-26
5,40189E-26
5,40189E-26
5,40189E-26
5,40189E-26
5,40189E-26
5,40189E-26
5,40189E-26
4,76954E-26
4,76954E-26
4,76954E-26
4,76954E-26
4,76954E-26
4,76954E-26
2,75622E-37
2,75622E-37
2,75622E-37
2,75622E-37
2,75622E-37
2,756216E-37
2,756216E-37
2,756216E-37
2,756216E-37
2,756216E-37
2,756216E-37
2,756216E-37
2,756152E-37
2,51465E-27
2,51465E-27
2,51465E-27
2,51465E-27
2,51465E-27
2,51465E-27
2,51465E-27
2,51465E-27
2,51465E-27
2,51465E-27
2,51465E-27
2,51465E-27
2,51465E-27
2,51465E-27
2,51465E-27
1,401298E-45
1,401298E-45
1,401298E-45
1,401298E-45
1,401298E-45
1,401298E-45
1,401298E-45
4,203895E-45
4,203895E-45
4,203895E-45
2,662467E-44
2,662467E-44
2,662467E-44
2,662467E-44
2,662467E-44
2,662467E-44
2,662467E-44
2,662467E-44
0,2659679
0,4335034
0,5337372
0,6670758
0,8664433
0,9000016
0,9332092
0,86715
0,7662735
0,6329606
0,5324355
0,366018
0,2991967
0,1661717
0,09999961
0,09999961
0,06679077
0,06679077
0,06679077
0,03338538
0,03338538
0,03338538
1,401298E-45
1,401298E-45
1,401298E-45
6,294633E-42
6,294633E-42
6,294633E-42
6,294633E-42
6,294633E-42
6,294633E-42
6,294633E-42
6,294633E-42
6,323496E-27
6,323496E-27
5,15043E-26
5,15043E-26
5,15043E-26
5,15043E-26
5,40189E-26
5,40189E-26
5,40189E-26
5,40189E-26
5,40189E-26
5,40189E-26
5,40189E-26
0,03340535
0,03340535
0,03340535
0,06676867
0,06676867
0,06676867
0,06676867
0,06676867
0,06676867
0,06676867
0,06676867
0,06676867
0,03340535
0,03340535
0,03340535
0,03340535
0,03340535
0,03340535
0,03340535
0,03340535
2,756152E-37
2,51465E-27
2,51465E-27
2,51465E-27
2,51465E-27
2,51465E-27
2,51465E-27
2,51465E-27
2,51465E-27
2,51465E-27
2,51465E-27
2,51465E-27
2,51465E-27
2,51465E-27
2,51465E-27
2,51465E-27
1,401298E-45
1,401298E-45
1,401298E-45
1,401298E-45
1,401298E-45
1,401298E-45
1,401298E-45
1,401298E-45
1,401298E-45
4,203895E-45
2,662467E-44
2,662467E-44
2,662467E-44
2,662467E-44
2,662467E-44
2,662467E-44
2,662467E-44
2,662467E-44
0,2994432
0,4999389
0,6333356
0,7337096
0,8664433
0,9000016
0,9332092
0,8344949
0,733622
0,5996701
0,4991434
0,366018
0,3325826
0,1995566
0,09999961
0,09999961
0,06679077
0,06679077
0,06679077
0,03338538
0,03338538
0,03338538
1,401298E-45
1,401298E-45
1,401298E-45
6,294633E-42
6,294633E-42
0,03299135
0,03299135
0,03299135
0,03299135
0,03299135
0,03299135
0,03299135
0,03299135
0,03299135
0,03299135
0,03299135
0,03299135
0,03299135
0,03299135
0,03299135
0,09987228
0,09987228
0,09987228
0,09987228
0,09987228
0,09987228
0,09987228
0,1332355
0,1332355
0,1332355
0,1332355
0,1332355
0,1332355
0,1332355
0,1332355
0,1332355
0,09987228
0,09987228
0,09987228
0,09987228
0,09987228
0,06639671
0,03340535
0,03340535
0,03340535
0,03340535
0,03340535
0,03340535
0,03340535
2,51465E-27
2,51465E-27
2,51465E-27
2,51465E-27
2,51465E-27
2,51465E-27
2,51465E-27
2,51465E-27
1,401298E-45
1,401298E-45
1,401298E-45
1,401298E-45
1,401298E-45
1,401298E-45
1,401298E-45
1,401298E-45
1,401298E-45
1,401298E-45
1,401298E-45
1,401298E-45
4,203895E-45
2,662467E-44
2,662467E-44
2,662467E-44
2,662467E-44
2,662467E-44
2,662467E-44
2,662467E-44
2,662467E-44
0,3333674
0,4999389
0,6333356
0,7672662
0,9000016
0,9000016
0,9332092
0,8010447
0,70017
0,5665585
0,4660338
0,366018
0,3325826
0,1995566
0,06679077
0,06679077
0,06679077
0,06679077
0,06679077
0,03338538
1,401298E-45
1,401298E-45
1,401298E-45
0,03299135
0,03299135
0,03299135
0,03299135
0,03299135
0,06614872
0,1332185
0,1332185
0,1332185
0,1332185
0,1332185
0,1332185
0,1332185
0,1666938
0,1666938
0,1666938
0,1666938
0,2329421
0,2663059
0,2997108
0,2997108
0,2665536
0,2665536
0,2665536
0,2331557
0,2331557
0,2331557
0,2331557
0,2331557
0,2331557
0,1660983
0,1660983
0,1332355
0,1332355
0,1332355
0,1332355
0,1332355
0,1332355
0,1332355
0,1332355
0,1332355
0,1332355
0,1332355
0,09987228
0,06639671
0,06639671
0,03340535
0,03340535
2,51465E-27
2,51465E-27
2,51465E-27
2,51465E-27
2,51465E-27
2,51465E-27
2,42509E-37
4,373453E-42
3,039416E-42
3,039416E-42
1,401298E-45
1,401298E-45
1,401298E-45
1,401298E-45
1,401298E-45
1,401298E-45
1,401298E-45
1,401298E-45
1,401298E-45
1,401298E-45
4,203895E-45
2,662467E-44
2,662467E-44
2,662467E-44
2,662467E-44
2,662467E-44
2,662467E-44
2,662467E-44
2,662467E-44
0,3333674
0,5335353
0,6669306
0,7672662
0,9000016
0,9000016
0,9332092
0,8010447
0,6332482
0,4666755
0,4329922
0,2994587
0,2327411
0,1661936
0,06679077
0,06679077
0,06679077
0,03338538
0,03338538
0,03338538
1,401298E-45
1,401298E-45
1,401298E-45
0,03299135
0,06614872
0,06614872
0,06614872
0,06614872
0,09953416
0,1666038
0,1666038
0,1666038
0,2329421
0,2663059
0,2663059
0,2663059
0,2663059
0,2997108
0,2997108
0,2997108
0,2997108
0,2997108
0,2997108
0,2997108
0,2997108
0,2997108
0,2997108
0,266313
0,266313
0,266313
0,266313
0,266313
0,266313
0,2326412
0,2326412
0,2326412
0,2326412
0,1994837
0,2325934
0,2325934
0,2325934
0,2325934
0,2325934
0,2325934
0,1994837
0,1660983
0,1660983
0,1332355
0,1332355
0,1002442
0,1002442
0,06676867
0,03340535
0,03340535
0,03340535
2,756152E-37
2,756152E-37
2,756152E-37
2,756152E-37
2,756152E-37
2,42509E-37
4,373453E-42
4,373453E-42
1,523211E-42
1,401298E-45
1,401298E-45
1,401298E-45
1,401298E-45
1,401298E-45
1,401298E-45
4,203895E-45
4,203895E-45
2,662467E-44
2,662467E-44
2,662467E-44
2,662467E-44
2,662467E-44
2,662467E-44
2,662467E-44
2,662467E-44
0,3669692
0,5671364
0,6669306
0,7672662
0,9332092
0,9332092
0,9666139
0,8005285
0,6332482
0,4666755
0,4329922
0,2662895
0,1995722
0,1330245
0,06679077
0,06679077
0,06679077
0,03338538
0,06637667
0,09953416
0,06614872
0,06614872
0,06614872
0,06614872
0,09954655
0,09954655
0,1660815
0,1994445
0,2663059
0,2663059
0,2663059
0,2998434
0,2998434
0,3332484
0,3332484
0,3332484
0,3332484
0,3332484
0,3332484
0,3332484
0,3332484
0,3332484
0,3332484
0,3332484
0,3332484
0,3332484
0,3332484
0,3332484
0,3332484
0,3332484
0,3332484
0,2997108
0,3328202
0,3328202
0,3328202
0,3662799
0,3662799
0,3662799
0,3662799
0,3662799
0,3662799
0,3662799
0,2997246
0,2660528
0,2660528
0,2326677
0,2326677
0,2326677
0,2326677
0,199558
0,199558
0,199558
0,199558
0,1660824
0,1330911
0,1002283
0,06676867
0,03340535
0,03340535
2,756152E-37
2,756152E-37
2,756152E-37
2,756152E-37
1,523211E-42
1,523211E-42
1,523211E-42
1,523211E-42
1,401298E-45
1,401298E-45
1,401298E-45
4,203895E-45
4,203895E-45
2,662467E-44
2,662467E-44
2,662467E-44
2,662467E-44
2,662467E-44
2,662467E-44
2,662467E-44
2,662467E-44
0,400507
0,6005973
0,7667341
0,8336123
0,9332092
0,9332092
0,9666139
0,8005285
0,6332482
0,4330798
0,399396
0,2327335
0,1660158
0,1660158
0,0997821
0,0997821
0,0997821
0,06637667
0,06637667
0,09953416
0,1329321
0,1329321
0,1999672
0,1999672
0,1999672
0,2663678
0,2663678
0,2663678
0,3332484
0,3332484
0,3332484
0,3332484
0,3332484
0,3332484
0,3332484
0,3665946
0,3665946
0,3996192
0,3996192
0,4332155
0,4332155
0,4664135
0,4664135
0,5000153
0,5000153
0,5000153
0,5670884
0,6001982
0,6001982
0,5666025
0,5666025
0,5331976
0,5331976
0,5331976
0,4998331
0,4998331
0,4995934
0,4665697
0,4665697
0,4330317
0,4330317
0,4330317
0,3998735
0,3666761
0,4000815
0,3664687
0,3331226
0,3331226
0,3331226
0,2997375
0,2326677
0,2326677
0,2326677
0,1991918
0,1991918
0,1660824
0,1660824
0,1660824
0,1002283
0,1002283
0,1002283
0,06686518
2,756152E-37
3,311042E-38
3,311042E-38
1,523211E-42
1,523211E-42
1,401298E-45
1,401298E-45
1,401298E-45
4,203895E-45
4,203895E-45
2,662467E-44
2,662467E-44
2,662467E-44
2,662467E-44
2,662467E-44
2,662467E-44
2,662467E-44
2,662467E-44
0,4337991
0,6005973
0,7667341
0,8336123
0,9332092
0,9332092
0,9666139
0,8005285
0,5996463
0,3994775
0,399396
0,2327335
0,1660158
0,1991733
0,1329394
0,1329394
0,1329394
0,09953416
0,1329321
0,1329321
0,1999672
0,2663678
0,2663678
0,2663678
0,2998434
0,2998434
0,2998434
0,2998434
0,3667153
0,4333362
0,4333362
0,4998808
0,4998489
0,4998489
0,4998489
0,5661041
0,599718
0,599718
0,599718
0,599718
0,6331756
0,6662855
0,6996401
0,6996401
0,6667764
0,6334139
0,6333854
0,6007349
0,6007349
0,6007349
0,6007349
0,5673289
0,5338622
0,5337642
0,5337642
0,5337642
0,5337642
0,5003158
0,5003158
0,4667207
0,4667207
0,5001974
0,5331879
0,4996499
0,5328161
0,5328161
0,5328161
0,466437
0,4332795
0,4332795
0,4332795
0,3999334
0,3999334
0,3333502
0,3333502
0,3333502
0,2996783
0,23259
0,23259
0,1660824
0,1660824
0,1660824
0,09981437
0,03345969
0,03345969
0,03345969
3,311042E-38
3,039416E-42
1,401298E-45
1,401298E-45
4,203895E-45
4,203895E-45
2,662467E-44
2,662467E-44
2,662467E-44
2,662467E-44
2,662467E-44
2,662467E-44
2,662467E-44
2,662467E-44
0,5672653
0,7003899
0,799762
0,8666363
0,9332092
0,9332092
0,9666139
0,7669894
0,5994934
0,3994027
0,3325826
0,2325364
0,1659644
0,1659644
0,1329394
0,09953416
0,1999672
0,1999672
0,1999672
0,2663678
0,2998434
0,2998434
0,2998434
0,3998658
0,4662968
0,4994945
0,4994945
0,466503
0,5325019
0,599554
0,6331668
0,5997711
0,6665843
0,633311
0,6664217
0,6664217
0,6335571
0,6001957
0,6668506
0,6668506
0,6333746
0,6333746
0,6331469
0,6331469
0,6331469
0,6665446
0,6331385
0,6331385
0,6331385
0,6331385
0,6665239
0,6665239
0,6665239
0,7001966
0,7001966
0,7001966
0,7001966
0,7001966
0,7001966
0,7001966
0,6340778
0,6340778
0,6340778
0,6004825
0,6004825
0,6005105
0,6005105
0,6328261
0,5990737
0,5990737
0,5657754
0,5328161
0,4997915
0,4332795
0,4332795
0,4332795
0,4332795
0,3665483
0,3665483
0,2662027
0,2662027
0,2662027
0,2662027
0,1660824
0,1660824
0,09972776
0,03345969
0,03345969
0,03345969
0,03345969
4,203895E-45
4,203895E-45
2,662467E-44
2,662467E-44
2,662467E-44
2,662467E-44
2,662467E-44
2,662467E-44
2,662467E-44
2,662467E-44
0,5672653
0,7339461
0,8333157
0,8666363
0,9666139
0,9666139
0,9666139
0,700025
0,5325286
0,3994027
0,3325826
0,2325364
0,1659644
0,1659644
0,2000871
0,1666816
0,2334426
0,2334426
0,2334426
0,3333091
0,3659615
0,4324517
0,4658573
0,5324143
0,5654388
0,5654388
0,6659614
0,6329707
0,6331589
0,6665402
0,6665402
0,6663537
0,6998119
0,6998119
0,7329204
0,7329204
0,6665814
0,6332195
0,6666666
0,6666666
0,6666666
0,6666666
0,5998761
0,5998761
0,5998761
0,6332749
0,6332749
0,6332749
0,6332749
0,5999808
0,6333677
0,6333677
0,6333677
0,6333677
0,6333677
0,6665239
0,6665239
0,6665239
0,6665239
0,6665239
0,6665239
0,7001966
0,7001966
0,6666006
0,6666006
0,6331528
0,6331528
0,6654783
0,6318752
0,5992241
0,5991367
0,5661748
0,5331513
0,5665564
0,5330002
0,5330002
0,4997915
0,3665483
0,3665483
0,3665483
0,3665483
0,299401
0,299401
0,1996954
0,1996954
0,1333405
0,1004779
0,06686518
0,03345969
0,03345969
4,203895E-45
4,203895E-45
2,662467E-44
2,662467E-44
2,662467E-44
2,662467E-44
2,662467E-44
2,662467E-44
2,662467E-44
2,662467E-44
0,5672653
0,7672662
0,8666363
0,8666363
0,9666139
0,9666139
0,9666139
0,700025
0,4990629
0,3659371
0,366058
0,2660124
0,2328032
0,266475
0,2668481
0,2334426
0,2334426
0,4654122
0,4654122
0,5320324
0,5989436
0,5989436
0,6659614
0,6664222
0,7002114
0,7334207
0,7332096
0,7332096
0,7663195
0,7660897
0,699751
0,6663883
0,6997722
0,6997722
0,6997722
0,6662328
0,7001574
0,7001574
0,7001574
0,7001574
0,7001574
0,7001574
0,6667516
0,6335533
0,6335533
0,6335533
0,6335533
0,6335533
0,6335533
0,6670901
0,6334785
0,6334785
0,6334785
0,6334785
0,6334785
0,6001584
0,5670475
0,5670475
0,5337569
0,5334531
0,5668513
0,6000495
0,6000495
0,6338792
0,6338792
0,5999544
0,5999544
0,5999544
0,6336267
0,5996948
0,5996948
0,632623
0,5990203
0,6652873
0,6986508
0,6330317
0,6330317
0,6000068
0,5665564
0,499843
0,4666343
0,3998938
0,3665483
0,3330731
0,3330731
0,2662027
0,233093
0,166332
0,09993533
0,09993533
0,06707264
0,03345969
2,662467E-44
2,662467E-44
2,662467E-44
2,662467E-44
2,662467E-44
2,662467E-44
2,662467E-44
2,662467E-44
0,5672653
0,7672662
0,8666363
0,8666363
0,9666139
0,9666139
0,9666139
0,700025
0,4990629
0,2992111
0,2993324
0,2996838
0,2668481
0,3330377
0,3330377
0,4322497
0,4658062
0,565589
0,5995656
0,6329707
0,6329707
0,7330505
0,7994371
0,7994371
0,6994958
0,7327052
0,7331628
0,7337216
0,7671691
0,733632
0,7001574
0,7001574
0,7001574
0,7001574
0,7001574
0,6669589
0,6669589
0,6335533
0,6335533
0,5675545
0,5339428
0,5003453
0,4673221
0,4673221
0,4673221
0,4999743
0,4666197
0,466613
0,466613
0,466613
0,4331532
0,4000435
0,4000435
0,4000435
0,4666711
0,4666711
0,4666711
0,5002082
0,4669166
0,500074
0,500074
0,500074
0,500074
0,500074
0,5334194
0,5334531
0,5334531
0,5668381
0,6002379
0,6002379
0,5670673
0,6337414
0,6337414
0,5998063
0,5995569
0,59957
0,6654245
0,6651855
0,6651855
0,5993764
0,5666671
0,5332162
0,5001904
0,3997733
0,3997733
0,3664185
0,3330731
0,2660375
0,2660375
0,1994417
0,1333405
0,09993533
0,03361287
3,310606E-38
3,310606E-38
2,662467E-44
2,662467E-44
2,662467E-44
2,662467E-44
2,662467E-44
0,5672653
0,7672662
0,9000016
0,9000016
0,9666139
0,9666139
0,9999998
0,7334098
0,5325388
0,3330379
0,3330825
0,3995801
0,3333463
0,4325505
0,4997201
0,5665928
0,5997607
0,5996283
0,6660924
0,7328966
0,7668049
0,8333338
0,7665852
0,7665852
0,8000337
0,733632
0,733632
0,733632
0,7001574
0,6669589
0,6669589
0,6669589
0,633492
0,5664907
0,5328776
0,4995317
0,4665717
0,4330158
0,4330158
0,3667613
0,3667613
0,3667613
0,333737
0,3006268
0,2671675
0,2998196
0,2664651
0,2664651
0,2664651
0,2999301
0,2664835
0,2994443
0,2994443
0,2994443
0,3324684
0,3659163
0,3659163
0,3995125
0,3995125
0,3995125
0,3995125
0,4330503
0,4330503
0,4330503
0,43336
0,4667148
0,4998721
0,4998721
0,5667744
0,5667744
0,5667744
0,6001605
0,6001605
0,6003154
0,6003154
0,5001018
0,5337734
0,5668325
0,5998239
0,6331264
0,6659889
0,6659999
0,5662999
0,5329137
0,5002567
0,3999747
0,3999747
0,3664185
0,299401
0,2660375
0,2660375
0,1994344
0,133333
0,06632243
3,310606E-38
2,662467E-44
2,662467E-44
2,662467E-44
2,662467E-44
2,662467E-44
0,5672653
0,7672662
0,9666139
0,9666139
0,9666139
0,9666139
0,9999998
0,7334098
0,5325388
0,3995369
0,3995801
0,5651807
0,5324143
0,4994218
0,6661384
0,7334757
0,7666827
0,8333501
0,9338506
0,9338506
0,8334193
0,7998804
0,7664943
0,733632
0,7001574
0,6669589
0,6339982
0,6004022
0,5335308
0,5335308
0,5335308
0,5335308
0,467427
0,400479
0,3338414
0,3338414
0,2670271
0,2003614
0,2003614
0,2003614
0,2003614
0,2003614
0,1337051
0,1337051
0,1337051
0,1337051
0,1337051
0,1337051
0,1337051
0,1337051
0,1337051
0,1337051
0,1337051
0,1337051
0,1337051
0,1337051
0,1337051
0,1337051
0,1998231
0,1998231
0,1998231
0,2334195
0,2334195
0,2668672
0,2668672
0,3004051
0,334007
0,3670321
0,4005041
0,4669166
0,4669166
0,5668141
0,5668141
0,5668141
0,5668141
0,6336353
0,6673068
0,6672575
0,6669289
0,6663563
0,6331872
0,6999093
0,6993921
0,5997521
0,6330485
0,5663643
0,4667805
0,3998696
0,3661979
0,2993829
0,2993829
0,2660375
0,233046
0,09943204
3,310606E-38
3,310606E-38
3,310606E-38
2,662467E-44
2,662467E-44
2,662467E-44
0,6002573
0,800257
0,9666139
0,9666139
0,9666139
0,9666139
0,9999998
0,7670825
0,5664508
0,5321804
0,5324377
0,5987449
0,6662821
0,6668469
0,7666745
0,8668
0,8334383
0,8334383
0,7999561
0,7999561
0,766557
0,6671959
0,6671959
0,6001343
0,5674816
0,5009913
0,5009913
0,4675404
0,4007895
0,3342083
0,2672406
0,2672406
0,2341311
0,2005291
0,2005291
0,2005291
0,1005399
0,1005399
0,1005399
0,06661662
0,06661662
0,06661662
0,03316915
0,03316915
0,03316915
0,03316915
0,03316915
0,06646123
0,06646123
0,06646123
0,06646123
0,06646123
0,06646123
0,09978166
0,09978166
0,09978166
0,09978166
0,09978166
0,09978166
0,09978166
0,09978166
0,09978166
0,09978166
0,1671525
0,1671525
0,2006186
0,2342211
0,3004693
0,3004693
0,3670321
0,3670321
0,3670321
0,3337399
0,3337399
0,4005041
0,5000079
0,5334601
0,5668419
0,5668419
0,667057
0,6338884
0,6335152
0,633601
0,6329882
0,6995587
0,6997868
0,6660736
0,5995741
0,5328598
0,4662968
0,3662132
0,2993829
0,2993829
0,1994344
0,1659743
0,06597236
3,310606E-38
2,662467E-44
2,662467E-44
2,662467E-44
0,6002573
0,800257
0,9666139
0,9666139
0,9666139
0,9666139
0,9999998
0,8665655
0,7669255
0,6663707
0,6663809
0,7332245
0,7666745
0,8334809
0,8334532
0,8667727
0,8333409
0,7998027
0,7330177
0,666463
0,6338115
0,5009913
0,5009913
0,5009913
0,4010561
0,3676049
0,2672406
0,2672406
0,2672406
0,1665061
0,1330464
0,1330464
0,09993692
0,06676792
0,06676792
0,06676792
2,425077E-37
2,51465E-27
2,51465E-27
2,51465E-27
2,51465E-27
2,51465E-27
2,51465E-27
2,51465E-27
2,51465E-27
2,51465E-27
2,51465E-27
2,51465E-27
2,51465E-27
2,51465E-27
2,51465E-27
2,51465E-27
1,401298E-45
0,03332042
0,03332042
0,03332042
0,0666125
0,0666125
0,0666125
0,0666125
0,09978166
0,09978166
0,09978166
0,09978166
0,09978166
0,09978166
0,09978166
0,1332292
0,1332292
0,1668252
0,2004277
0,2339654
0,2678884
0,334007
0,3670321
0,4335748
0,4334914
0,5005239
0,5334849
0,5668374
0,6002905
0,60034
0,6005993
0,6665931
0,6997024
0,666099
0,7324205
0,7326501
0,6994916
0,5325056
0,4662968
0,4329332
0,3328502
0,265978
0,265978
0,1328298
0,03339782
2,662467E-44
2,662467E-44
2,662467E-44
0,5333815
0,7333839
0,9666139
0,9666139
0,9999998
0,9999998
0,9999998
0,9665481
0,8665977
0,8332699
0,7661911
0,8333262
0,8667727
0,8667727
0,8333409
0,8333409
0,7999561
0,6668773
0,6334779
0,5344586
0,4675473
0,4340811
0,3671227
0,3336711
0,2333177
0,1666489
0,1003702
0,06676792
0,06676792
0,06676792
0,03344741
0,03344741
2,756207E-37
2,425077E-37
2,51465E-27
2,51465E-27
2,51465E-27
2,51465E-27
2,51465E-27
2,51465E-27
2,51465E-27
2,51465E-27
2,51465E-27
2,51465E-27
2,51465E-27
2,51465E-27
2,51465E-27
2,51465E-27
2,51465E-27
1,401298E-45
1,401298E-45
1,401298E-45
1,401298E-45
1,401298E-45
1,401298E-45
1,401298E-45
1,401298E-45
1,401298E-45
6,294633E-42
6,294633E-42
6,294633E-42
6,294633E-42
0,03329213
0,0666125
0,0666125
0,0666125
0,0666125
0,0666125
0,09978166
0,1332292
0,1332292
0,166767
0,166767
0,2338294
0,3004568
0,3004568
0,3004568
0,4335748
0,4332432
0,4667187
0,4999279
0,5332993
0,5332993
0,60034
0,6670892
0,6665153
0,7326265
0,7326501
0,7326501
0,6996228
0,6996228
0,4991419
0,3665211
0,333055
0,2993829
0,1994344
0,1000022
2,662467E-44
2,662467E-44
2,662467E-44
0,5667958
0,6997824
0,9666139
0,9666139
0,9999998
0,9999998
0,9999998
0,9663289
0,8663772
0,90005
0,8664191
0,8667727
0,9003761
0,9003761
0,8333409
0,7005941
0,6338115
0,5344586
0,4339342
0,3331395
0,3000301
0,2334092
0,1670387
0,1335791
0,09997655
0,03344741
0,03344741
0,03344741
4,518075E-26
2,756207E-37
2,425077E-37
2,425077E-37
2,425077E-37
2,425077E-37
2,51465E-27
2,51465E-27
2,51465E-27
2,51465E-27
2,51465E-27
2,51465E-27
2,51465E-27
2,51465E-27
2,51465E-27
2,51465E-27
2,51465E-27
2,51465E-27
2,51465E-27
2,51465E-27
2,51465E-27
1,401298E-45
1,401298E-45
1,401298E-45
1,401298E-45
1,401298E-45
1,401298E-45
1,401298E-45
1,401298E-45
1,401298E-45
1,401298E-45
1,401298E-45
1,401298E-45
6,294633E-42
0,03329213
0,03329213
0,03329213
0,03329213
0,03329213
0,03329213
0,03329213
0,03329213
0,03329213
0,1000599
0,1332292
0,166767
0,166767
0,2003631
0,2003631
0,3003759
0,2670841
0,3337168
0,4003915
0,5003206
0,5332813
0,5666643
0,6000684
0,63314
0,6664866
0,6667417
0,7328533
0,7326501
0,7326501
0,5986879
0,5000497
0,4335292
0,3328502
0,265978
0,265978
0,09943204
2,662467E-44
2,662467E-44
0,6337124
0,6997824
0,9666139
0,9666139
0,9999998
0,9999998
0,9999998
0,9663289
0,8998245
0,8998245
0,8663487
0,8667043
0,8333409
0,7667835
0,7333986
0,5678567
0,4672889
0,4007126
0,3339073
0,1669248
0,1669248
0,1003955
4,518075E-26
4,518075E-26
4,518075E-26
4,518075E-26
4,518075E-26
2,75614E-37
2,425077E-37
2,51465E-27
2,51465E-27
2,51465E-27
2,51465E-27
2,51465E-27
2,51465E-27
2,51465E-27
2,51465E-27
2,51465E-27
2,51465E-27
2,51465E-27
2,51465E-27
2,51465E-27
2,51465E-27
2,51465E-27
2,51465E-27
2,51465E-27
2,51465E-27
1,401298E-45
1,401298E-45
1,401298E-45
1,401298E-45
1,401298E-45
1,401298E-45
1,401298E-45
1,401298E-45
1,401298E-45
1,401298E-45
1,401298E-45
1,401298E-45
1,401298E-45
1,401298E-45
1,401298E-45
1,401298E-45
6,294633E-42
6,294633E-42
6,294633E-42
0,03329213
0,03329213
0,03329213
0,03329213
0,03329213
0,03329213
0,03329213
0,06682997
0,06682997
0,1334465
0,166767
0,2003631
0,2003631
0,3003759
0,3002921
0,4336979
0,4668545
0,5002177
0,60005
0,6665112
0,6998574
0,6996841
0,7991162
0,8327401
0,7662528
0,6318952
0,5662198
0,4996467
0,4331303
0,3665673
0,2994443
0,09943204
3,310606E-38
2,662467E-44
0,700781
0,7665415
0,9666139
0,9666139
0,9999998
0,9999998
0,9999998
0,9663289
0,9331704
0,8675273
0,7672905
0,7343311
0,7009444
0,6005189
0,4999956
0,3669015
0,3002804
0,1336043
0,1001569
0,03360235
0,03360235
0,03360235
4,518075E-26
4,518075E-26
2,75622E-37
2,756152E-37
2,42509E-37
2,51465E-27
2,51465E-27
2,51465E-27
2,51465E-27
2,51465E-27
2,51465E-27
2,51465E-27
2,51465E-27
2,51465E-27
2,51465E-27
2,51465E-27
2,51465E-27
2,51465E-27
2,51465E-27
2,51465E-27
2,51465E-27
2,51465E-27
1,401298E-45
1,401298E-45
1,401298E-45
1,401298E-45
1,401298E-45
1,401298E-45
1,401298E-45
1,401298E-45
1,401298E-45
1,401298E-45
1,401298E-45
1,401298E-45
1,401298E-45
1,401298E-45
1,401298E-45
1,401298E-45
1,401298E-45
1,401298E-45
1,401298E-45
1,401298E-45
0
0
6,323496E-27
6,323496E-27
6,323496E-27
6,323496E-27
0,03329213
0,03329213
0,03329213
0,03329213
0,03329213
0,06682997
0,06682997
0,1334465
0,1334465
0,2340302
0,2673509
0,2673509
0,3002921
0,3671222
0,4998158
0,4996413
0,599858
0,700538
0,7335278
0,7333099
0,7995731
0,7659689
0,7326501
0,5986879
0,5000497
0,4001233
0,2994443
0,1994944
0,1000622
4,203895E-45
0,700781
0,7665415
0,9666139
0,9666139
0,9999998
0,9999998
0,9999998
0,9663289
0,9331704
0,8345658
0,767727
0,667303
0,4996283
0,3669015
0,3336927
0,2669671
0,2003464
0,1003955
0,06694804
0,03360235
4,518075E-26
4,518075E-26
2,51465E-27
2,51465E-27
2,51465E-27
2,51465E-27
2,51465E-27
2,51465E-27
2,51465E-27
2,51465E-27
2,51465E-27
2,51465E-27
2,51465E-27
2,51465E-27
2,51465E-27
2,51465E-27
2,51465E-27
2,51465E-27
2,51465E-27
2,51465E-27
2,51465E-27
2,51465E-27
1,401298E-45
1,401298E-45
1,401298E-45
1,401298E-45
1,401298E-45
1,401298E-45
1,401298E-45
1,401298E-45
1,401298E-45
1,401298E-45
1,401298E-45
1,401298E-45
1,401298E-45
1,401298E-45
1,401298E-45
1,401298E-45
1,401298E-45
0
0
0
0
0
0
0
6,294633E-42
6,294633E-42
6,323496E-27
6,323496E-27
6,323496E-27
6,323496E-27
0,03329213
0,03329213
0,03329213
0,03329213
0,03329213
0,1334465
0,1334465
0,1670424
0,1670424
0,2340302
0,3003759
0,3337306
0,4001706
0,5002177
0,5665845
0,6000538
0,7000619
0,7666946
0,8329585
0,7995731
0,7662528
0,6321633
0,5664856
0,4330844
0,3331164
0,2995036
0,1995088
0,03310962
0,7008553
0,8327762
0,9666139
0,9666139
0,9999998
0,9999998
0,9999998
0,9327317
0,8662213
0,7343246
0,6674857
0,5347775
0,367006
0,266724
0,1673215
0,1338616
0,1004144
0,03360235
0,03360235
0,03360235
4,518075E-26
4,518075E-26
2,51465E-27
2,51465E-27
2,51465E-27
2,51465E-27
2,51465E-27
2,51465E-27
2,51465E-27
2,51465E-27
2,51465E-27
2,51465E-27
2,51465E-27
2,51465E-27
2,51465E-27
2,51465E-27
2,51465E-27
2,51465E-27
2,51465E-27
2,51465E-27
2,51465E-27
2,51465E-27
1,401298E-45
1,401298E-45
1,401298E-45
1,401298E-45
1,401298E-45
1,401298E-45
1,401298E-45
1,401298E-45
1,401298E-45
1,401298E-45
1,401298E-45
1,401298E-45
1,401298E-45
1,401298E-45
1,401298E-45
1,401298E-45
1,401298E-45
0
0
0
0
0
0
0
0
0
6,294633E-42
6,294633E-42
6,294633E-42
6,323496E-27
6,323496E-27
6,323496E-27
0,03329213
0,03329213
0,03329213
0,06682997
0,06682997
0,1002774
0,1334465
0,2004283
0,233453
0,2670557
0,2670841
0,3671222
0,5332196
0,5666029
0,6666124
0,7671417
0,8665742
0,8327401
0,7995731
0,7322938
0,6659477
0,4988939
0,3997246
0,3329541
0,1995088
0,03310962
0,7008553
0,8327762
0,9666008
0,9666008
0,9999998
0,9999998
0,9999998
0,8656387
0,7656791
0,5674163
0,4666533
0,4006803
0,2668337
0,166648
0,1004144
0,06694804
0,03334572
4,518075E-26
4,518075E-26
4,76954E-26
2,51465E-27
2,51465E-27
2,51465E-27
2,51465E-27
2,51465E-27
2,51465E-27
2,51465E-27
2,51465E-27
2,51465E-27
2,51465E-27
2,51465E-27
2,51465E-27
2,51465E-27
2,51465E-27
2,51465E-27
2,51465E-27
2,51465E-27
2,51465E-27
2,51465E-27
1,401298E-45
1,401298E-45
1,401298E-45
1,401298E-45
1,401298E-45
1,401298E-45
1,401298E-45
1,401298E-45
1,401298E-45
1,401298E-45
1,401298E-45
1,401298E-45
1,401298E-45
1,401298E-45
1,401298E-45
1,401298E-45
1,401298E-45
1,401298E-45
0
0
0
0
0
0
0
0
0
0
0
0
0
0
6,294633E-42
6,294633E-42
6,323496E-27
0,03329213
0,03329213
0,03329213
0,03329213
0,03329213
0,06682997
0,09999914
0,2004283
0,2004283
0,2004283
0,2334814
0,3671222
0,5002608
0,5336244
0,6338115
0,6673379
0,7997611
0,8327401
0,7995731
0,7995731
0,7323281
0,5655208
0,4663517
0,3665673
0,2331219
0,03310962
0,7339655
0,8327762
0,9666008
0,9666008
0,9999998
0,9999998
0,9999998
0,7327036
0,5656648
0,367584
0,1999852
0,1999852
0,1333784
0,09997299
0,03334572
4,518075E-26
4,518075E-26
4,76954E-26
2,51465E-27
2,51465E-27
2,51465E-27
2,51465E-27
2,51465E-27
2,51465E-27
2,51465E-27
2,51465E-27
2,51465E-27
2,51465E-27
2,51465E-27
2,51465E-27
2,51465E-27
2,51465E-27
2,51465E-27
2,51465E-27
1,401298E-45
1,401298E-45
1,401298E-45
1,401298E-45
1,401298E-45
1,401298E-45
1,401298E-45
1,401298E-45
1,401298E-45
1,401298E-45
1,401298E-45
1,401298E-45
1,401298E-45
1,401298E-45
1,401298E-45
1,401298E-45
1,401298E-45
1,401298E-45
1,401298E-45
1,401298E-45
1,401298E-45
0
0
0
0
0
0
0
0
0
0
0
0
0
0
0
0
0
0
0
6,294633E-42
6,323496E-27
0,03329213
0,03329213
0,03329213
0,06682997
0,06682997
0,100426
0,1335952
0,2004283
0,233453
0,300016
0,3673733
0,4678147
0,6001403
0,6002159
0,7666527
0,8330779
0,8661889
0,8327401
0,7656489
0,665679
0,566748
0,4001233
0,2659846
0,06597236
0,7005124
0,8327762
0,9666008
0,9666008
0,9999998
0,9999998
0,9999998
0,7655665
0,4979899
0,2340215
0,1003459
0,1003459
0,06694804
0,06694804
0,03334572
4,76954E-26
2,51465E-27
2,51465E-27
2,51465E-27
2,51465E-27
2,51465E-27
2,51465E-27
2,51465E-27
2,51465E-27
2,51465E-27
2,51465E-27
2,51465E-27
2,51465E-27
2,51465E-27
2,51465E-27
2,51465E-27
2,51465E-27
1,401298E-45
1,401298E-45
1,401298E-45
1,401298E-45
1,401298E-45
1,401298E-45
1,401298E-45
1,401298E-45
1,401298E-45
1,401298E-45
1,401298E-45
1,401298E-45
1,401298E-45
1,401298E-45
1,401298E-45
1,401298E-45
1,401298E-45
1,401298E-45
1,401298E-45
1,401298E-45
1,401298E-45
0
0
0
0
0
0
0
0
0
0
0
0
0
0
0
0
0
0
0
0
0
6,294633E-42
6,323496E-27
0,03329213
0,03329213
0,03329213
0,06682997
0,06682997
0,06682997
0,09999914
0,2004283
0,233453
0,2668073
0,3002407
0,4338914
0,6001403
0,5666029
0,7330393
0,8666763
0,8997841
0,8661889
0,7990957
0,665679
0,566748
0,4001233
0,3331078
0,1330955
0,6674041
0,8327762
0,9330001
0,9330001
0,9999998
0,9999998
0,9999998
0,7655665
0,5314366
0,2340174
0,1003459
0,1003459
0,03334572
0,03334572
0,03334572
2,51465E-27
2,51465E-27
2,51465E-27
2,51465E-27
2,51465E-27
2,51465E-27
2,51465E-27
2,51465E-27
2,51465E-27
2,51465E-27
2,51465E-27
2,51465E-27
2,51465E-27
2,51465E-27
2,51465E-27
2,51465E-27
2,51465E-27
1,401298E-45
1,401298E-45
1,401298E-45
1,401298E-45
1,401298E-45
1,401298E-45
1,401298E-45
1,401298E-45
1,401298E-45
1,401298E-45
1,401298E-45
1,401298E-45
1,401298E-45
1,401298E-45
1,401298E-45
1,401298E-45
1,401298E-45
1,401298E-45
1,401298E-45
1,401298E-45
1,401298E-45
0
0
0
0
0
0
0
0
0
0
0
0
0
0
0
0
0
0
0
0
0
0
0
6,294633E-42
6,323496E-27
0,03329213
0,03329213
0,03329213
0,06682997
0,06682997
0,1338114
0,1338114
0,2004283
0,2338334
0,3334217
0,4661432
0,5665845
0,7337152
0,8338125
0,8997841
0,8661889
0,7990957
0,665679
0,6327203
0,5992441
0,4662553
0,1330955
0,6339825
0,8661394
0,9330001
0,9330001
0,9999998
0,9999998
0,9999998
0,7655665
0,5317056
0,2673939
0,1001098
0,06700018
5,40189E-26
4,76954E-26
2,51465E-27
2,51465E-27
2,51465E-27
2,51465E-27
2,51465E-27
2,51465E-27
2,51465E-27
2,51465E-27
2,51465E-27
2,51465E-27
2,51465E-27
2,51465E-27
2,51465E-27
1,401298E-45
1,401298E-45
1,401298E-45
1,401298E-45
1,401298E-45
1,401298E-45
1,401298E-45
1,401298E-45
1,401298E-45
1,401298E-45
1,401298E-45
1,401298E-45
1,401298E-45
1,401298E-45
1,401298E-45
1,401298E-45
1,401298E-45
1,401298E-45
1,401298E-45
1,401298E-45
1,401298E-45
1,401298E-45
1,401298E-45
1,401298E-45
0
0
0
0
0
0
0
0
0
0
0
0
0
0
0
0
0
0
0
0
0
0
0
0
0
0
0
0,03329213
0,03329213
0,03329213
0,06682997
0,06682997
0,1002155
0,1002155
0,2004283
0,2338334
0,3334217
0,4661432
0,5665845
0,6665919
0,7666889
0,8997841
0,8661889
0,7990957
0,6990339
0,6660743
0,5992441
0,499812
0,1666517
0,6673681
0,8995249
0,9330001
0,9330001
0,9999998
0,9999998
0,9999998
0,8994115
0,6655502
0,2673939
0,1001098
0,06700018
0,06700018
0,06700018
2,51465E-27
2,51465E-27
2,51465E-27
2,51465E-27
2,51465E-27
2,51465E-27
2,51465E-27
2,51465E-27
2,51465E-27
2,51465E-27
1,401298E-45
0
1,401298E-45
1,401298E-45
1,401298E-45
1,401298E-45
1,401298E-45
1,401298E-45
1,401298E-45
1,401298E-45
1,401298E-45
1,401298E-45
1,401298E-45
1,401298E-45
1,401298E-45
1,401298E-45
1,401298E-45
1,401298E-45
1,401298E-45
1,401298E-45
1,401298E-45
1,401298E-45
1,401298E-45
1,401298E-45
0
0
0
0
0
0
0
0
0
0
0
0
0
0
0
0
0
0
0
0
0
0
0
0
0
0
0
0
0
0
0
0
0,03329213
0,03329213
0,03329213
0,1002155
0,1002155
0,1669806
0,2333466
0,366382
0,4003056
0,433781
0,5664692
0,7666889
0,8997841
0,8661889
0,7990957
0,7324809
0,6995218
0,5992441
0,499812
0,1666517
0,6003069
0,7993556
0,8998914
0,9330001
0,9999998
0,9999998
0,9999998
0,9330066
0,6991368
0,3005835
0,1333078
0,1001098
0,1001098
0,06700018
2,51465E-27
2,51465E-27
2,51465E-27
2,51465E-27
2,51465E-27
2,51465E-27
2,51465E-27
2,51465E-27
1,401298E-45
1,401298E-45
1,401298E-45
1,401298E-45
1,401298E-45
1,401298E-45
1,401298E-45
1,401298E-45
1,401298E-45
1,401298E-45
1,401298E-45
1,401298E-45
1,401298E-45
1,401298E-45
1,401298E-45
1,401298E-45
1,401298E-45
1,401298E-45
1,401298E-45
1,401298E-45
1,401298E-45
1,401298E-45
1,401298E-45
1,401298E-45
1,401298E-45
1,401298E-45
0
0
0
0
0
0
0
0
0
0
0
0
0
0
0
0
0
0
0
0
0
0
0
0
0
0
0
0
0
0
0
0
0,03329213
0,03329213
0,03329213
0,1002155
0,1002155
0,1669806
0,2333466
0,3000027
0,3339262
0,433781
0,5329126
0,7331328
0,8997841
0,8997841
0,8326913
0,7324809
0,6995218
0,5992441
0,499812
0,1666517
0,5333079
0,7993556
0,8998914
0,9330001
0,9330001
0,9330001
0,9999998
0,9330066
0,6991368
0,3666866
0,1659599
0,1001098
0,1001098
0,06700018
2,51465E-27
2,51465E-27
2,51465E-27
2,51465E-27
2,51465E-27
2,51465E-27
2,51465E-27
2,51465E-27
1,401298E-45
1,401298E-45
1,401298E-45
1,401298E-45
1,401298E-45
1,401298E-45
1,401298E-45
1,401298E-45
1,401298E-45
1,401298E-45
1,401298E-45
1,401298E-45
1,401298E-45
1,401298E-45
1,401298E-45
1,401298E-45
1,401298E-45
1,401298E-45
1,401298E-45
1,401298E-45
1,401298E-45
1,401298E-45
1,401298E-45
1,401298E-45
0
0
0
0
0
0
0
0
0
0
0
0
0
0
0
0
0
0
0
0
0
0
0
0
0
0
0
0
0
0
0
0
0
0
0,03329213
0,03329213
0,03329213
0,1002155
0,1002155
0,1333844
0,1997504
0,2665555
0,3339384
0,4672406
0,5329126
0,7666702
0,9333214
0,8997841
0,799731
0,6995218
0,6995218
0,632692
0,5332589
0,1666517
0,4328646
0,7327066
0,8332406
0,9330001
0,9330001
0,9330001
0,9999999
0,9330066
0,6657518
0,3662616
0,2323958
0,1335851
0,1001098
0,06700018
2,51465E-27
2,51465E-27
2,51465E-27
2,51465E-27
2,51465E-27
1,401298E-45
1,401298E-45
1,401298E-45
1,401298E-45
1,401298E-45
1,401298E-45
1,401298E-45
1,401298E-45
1,401298E-45
1,401298E-45
1,401298E-45
1,401298E-45
1,401298E-45
1,401298E-45
1,401298E-45
1,401298E-45
1,401298E-45
1,401298E-45
1,401298E-45
1,401298E-45
1,401298E-45
1,401298E-45
1,401298E-45
1,401298E-45
1,401298E-45
0
0
0
0
0
0
0
0
0
0
0
0
0
0
0
0
0
0
0
0
0
0
0
0
0
0
0
0
0
0
0
0
0
0
0
0
1,401298E-45
1,401298E-45
0,03329213
0,1002155
0,1002155
0,1665937
0,2329594
0,2995798
0,3999549
0,5002324
0,5329126
0,7666702
0,9333214
0,8997841
0,799731
0,6995218
0,6995218
0,6661685
0,5667351
0,1666517
0,3995101
0,6993495
0,8332406
0,8998914
0,8998914
0,9330001
0,9999999
0,9330066
0,6996753
0,4001853
0,2658433
0,1670326
0,1001098
0,06700018
0,06700018
0,06700018
2,51465E-27
4,203895E-45
1,401298E-45
1,401298E-45
1,401298E-45
1,401298E-45
1,401298E-45
1,401298E-45
1,401298E-45
1,401298E-45
1,401298E-45
1,401298E-45
1,401298E-45
1,401298E-45
1,401298E-45
1,401298E-45
1,401298E-45
1,401298E-45
1,401298E-45
1,401298E-45
1,401298E-45
1,401298E-45
1,401298E-45
1,401298E-45
1,401298E-45
1,401298E-45
1,401298E-45
1,401298E-45
0
0
0
0
0
0
0
0
0
0
0
0
0
0
0
0
0
0
0
0
0
0
0
0
0
0
0
0
0
0
0
0
0
0
0
0
1,401298E-45
1,401298E-45
0,03329213
0,0666775
0,0666775
0,1665937
0,2329594
0,2995798
0,4326062
0,4994364
0,4994643
0,7666702
0,9333214
0,8997841
0,799731
0,6995218
0,6660617
0,6327082
0,5667351
0,1666517
0,3995101
0,6666979
0,7671125
0,8664146
0,8998914
0,9330001
0,9999999
0,9330066
0,7331427
0,4336516
0,2658433
0,1670326
0,1001098
0,1001098
0,1001098
0,06700018
1,863727E-43
4,203895E-45
1,401298E-45
1,401298E-45
1,401298E-45
1,401298E-45
1,401298E-45
1,401298E-45
1,401298E-45
1,401298E-45
1,401298E-45
1,401298E-45
1,401298E-45
1,401298E-45
1,401298E-45
1,401298E-45
1,401298E-45
1,401298E-45
1,401298E-45
1,401298E-45
1,401298E-45
1,401298E-45
1,401298E-45
1,401298E-45
1,401298E-45
0
0
0
0
0
0
0
0
0
0
0
0
0
0
0
0
0
0
0
0
0
0
0
0
0
0
0
0
0
0
0
0
0
0
0
0
0
0
0
1,401298E-45
1,401298E-45
0,03329213
0,0666775
0,0666775
0,1665937
0,2329594
0,2995798
0,4326062
0,4659609
0,4659893
0,7666702
0,9333214
0,8665755
0,7665231
0,6995218
0,6660617
0,6330364
0,5670644
0,1666517
0,3995101
0,5998152
0,7002302
0,8664146
0,8998914
0,8998914
0,9332873
0,8994051
0,7665047
0,5005522
0,4002724
0,2679233
0,1001098
0,1001098
0,1001098
0,1001098
0,03310962
4,203895E-45
4,203895E-45
4,203895E-45
1,401298E-45
1,401298E-45
1,401298E-45
1,401298E-45
1,401298E-45
1,401298E-45
1,401298E-45
1,401298E-45
1,401298E-45
1,401298E-45
1,401298E-45
1,401298E-45
1,401298E-45
1,401298E-45
1,401298E-45
1,401298E-45
1,401298E-45
1,401298E-45
1,401298E-45
0
0
0
0
0
0
0
0
0
0
0
0
0
0
0
0
0
0
0
0
0
0
0
0
0
0
0
0
0
0
0
0
0
0
0
0
0
0
0
1,401298E-45
1,401298E-45
1,401298E-45
1,401298E-45
0,03329213
0,0666775
0,09963793
0,1995537
0,2664183
0,3330394
0,4657642
0,5657825
0,5658115
0,7666702
0,9333214
0,8665755
0,7665231
0,6995218
0,6334099
0,567393
0,5340731
0,1666517
0,3660438
0,5663484
0,666781
0,8329672
0,8998914
0,8998914
0,8998914
0,8993272
0,8665565
0,6678967
0,5676808
0,334027
0,1327619
0,1001098
0,1001098
0,1001098
0,03310962
4,203895E-45
4,203895E-45
4,203895E-45
1,401298E-45
1,401298E-45
1,401298E-45
1,401298E-45
1,401298E-45
1,401298E-45
1,401298E-45
1,401298E-45
1,401298E-45
1,401298E-45
1,401298E-45
1,401298E-45
1,401298E-45
1,401298E-45
1,401298E-45
1,401298E-45
1,401298E-45
1,401298E-45
1,401298E-45
0
0
0
0
0
0
0
0
0
0
0
0
0
0
0
0
0
0
0
0
0
0
0
0
0
0
0
0
0
0
0
0
0
0
0
0
0
0
0
1,401298E-45
1,401298E-45
1,401298E-45
1,401298E-45
0,03329213
0,0666775
0,09963793
0,1995537
0,2664183
0,3330394
0,4657642
0,5658264
0,5658547
0,7666702
0,9333214
0,8665755
0,7665231
0,6995218
0,6334099
0,567393
0,5340731
0,1666517
0,3660438
0,53281
0,5662767
0,732078
0,8659672
0,8998914
0,8998914
0,8993272
0,8999615
0,7345932
0,6678444
0,4006908
0,1998832
0,1001098
0,1001098
0,1001098
0,03310962
4,203895E-45
4,203895E-45
4,203895E-45
1,401298E-45
1,401298E-45
1,401298E-45
1,401298E-45
1,401298E-45
1,401298E-45
1,401298E-45
1,401298E-45
1,401298E-45
1,401298E-45
1,401298E-45
1,401298E-45
1,401298E-45
1,401298E-45
1,401298E-45
1,401298E-45
1,401298E-45
0
0
0
0
0
0
0
0
0
0
0
0
0
0
0
0
0
0
0
0
0
0
0
0
0
0
0
0
0
0
0
0
0
0
0
0
0
0
0
0
0
1,401298E-45
1,401298E-45
1,401298E-45
1,401298E-45
0,06625239
0,09963793
0,09963793
0,2325452
0,2994107
0,3660309
0,4657642
0,5658264
0,5658547
0,7666702
0,9003617
0,8336146
0,7330614
0,6660617
0,6334099
0,5339276
0,5006073
0,1666517
0,2658898
0,3320451
0,4656648
0,6659734
0,7998644
0,8998914
0,8998914
0,8998914
0,9336813
0,8339105
0,7671627
0,4677852
0,367392
0,2005246
0,1001098
0,1001098
0,1001098
0,1001098
4,203895E-45
4,203895E-45
4,203895E-45
4,203895E-45
1,401298E-45
1,401298E-45
1,401298E-45
1,401298E-45
1,401298E-45
1,401298E-45
1,401298E-45
1,401298E-45
1,401298E-45
1,401298E-45
1,401298E-45
1,401298E-45
0
0
0
0
0
0
0
0
0
0
0
0
0
0
0
0
0
0
0
0
0
0
0
0
0
0
0
0
0
0
0
0
0
0
0
0
0
0
0
0
0
0
1,401298E-45
1,401298E-45
1,401298E-45
1,523211E-42
1,523211E-42
0,03338538
0,1328467
0,1328467
0,1658716
0,2655704
0,3324356
0,3660309
0,4657642
0,5991801
0,5992094
0,7666702
0,9003617
0,8336146
0,7330614
0,6660617
0,6334099
0,4341737
0,4008535
0,1666517
0,1992237
0,2654063
0,4323727
0,6327752
0,7332186
0,8664428
0,8998914
0,8998914
0,9000796
0,8331712
0,8000253
0,5342056
0,4338119
0,2005246
0,1001098
0,1001098
0,1001098
0,1001098
4,203895E-45
4,203895E-45
4,203895E-45
4,203895E-45
1,401298E-45
1,401298E-45
1,401298E-45
1,401298E-45
1,401298E-45
1,401298E-45
1,401298E-45
1,401298E-45
1,401298E-45
1,401298E-45
1,401298E-45
1,401298E-45
0
0
0
0
0
0
0
0
0
0
0
0
0
0
0
0
0
0
0
0
0
0
0
0
0
0
0
0
0
0
0
0
0
0
0
0
0
0
0
0
0
0
1,401298E-45
1,401298E-45
1,401298E-45
1,523211E-42
0,03296036
0,0663458
0,1660159
0,1995537
0,2660385
0,2990295
0,3655926
0,3991887
0,4990842
0,6659762
0,6333959
0,7673817
0,9003617
0,8336146
0,7330614
0,6660617
0,6334099
0,4341737
0,4008535
0,1666517
0,1992237
0,2654063
0,3989064
0,5657703
0,6996789
0,8325187
0,8659672
0,8998914
0,9332873
0,8665928
0,8335998
0,6009746
0,5006685
0,3014375
0,167571
0,1001098
0,1001098
0,1001098
0,06671189
0,06671189
4,203895E-45
4,203895E-45
4,203895E-45
1,401298E-45
1,401298E-45
1,401298E-45
1,401298E-45
1,401298E-45
1,401298E-45
1,401298E-45
1,401298E-45
1,401298E-45
0
0
0
0
0
0
0
0
0
0
0
0
0
0
0
0
0
0
0
0
0
0
0
0
0
0
0
0
0
0
0
0
0
0
0
0
0
0
0
0
0
0
0
0
1,401298E-45
1,401298E-45
1,401298E-45
1,523211E-42
0,06616922
0,09955465
0,1660159
0,1995537
0,2660385
0,2990295
0,3990586
0,4992511
0,6324922
0,699322
0,666742
0,7341723
0,8671545
0,8336146
0,7330614
0,6330693
0,6004192
0,4341737
0,4008535
0,1666517
0,0662337
0,1332262
0,3660438
0,5322143
0,5991576
0,7655516
0,8659672
0,8998914
0,8998914
0,8331923
0,8669847
0,6677042
0,5674801
0,4011118
0,3004911
0,1669118
0,1001098
0,1001098
0,06671189
0,06671189
4,203895E-45
4,203895E-45
4,203895E-45
1,401298E-45
1,401298E-45
1,401298E-45
1,401298E-45
1,401298E-45
1,401298E-45
1,401298E-45
0
0
0
0
0
0
0
0
0
0
0
0
0
0
0
0
0
0
0
0
0
0
0
0
0
0
0
0
0
0
0
0
0
0
0
0
0
0
0
0
0
0
0
0
0
1,401298E-45
1,401298E-45
1,401298E-45
1,401298E-45
1,523211E-42
0,06616922
0,09955465
0,1660159
0,2325452
0,3324356
0,3658332
0,465777
0,5325708
0,6324922
0,7329018
0,7338786
0,767729
0,8671545
0,8336146
0,7000377
0,6000447
0,5340731
0,3674989
0,3674989
0,1666517
0,0662337
0,09990565
0,2325694
0,3656404
0,5327359
0,7321019
0,8325148
0,8659672
0,8998914
0,8331923
0,8669847
0,7344751
0,6342494
0,4677152
0,4007074
0,2344476
0,134033
0,1001098
0,1001098
0,1001098
0,03310962
0,03310962
4,203895E-45
1,401298E-45
1,401298E-45
1,401298E-45
1,401298E-45
1,401298E-45
1,401298E-45
1,401298E-45
0
0
0
0
0
0
0
0
0
0
0
0
0
0
0
0
0
0
0
0
0
0
0
0
0
0
0
0
0
0
0
0
0
0
0
0
0
0
0
0
1,401298E-45
1,401298E-45
1,401298E-45
1,401298E-45
1,401298E-45
1,401298E-45
1,401298E-45
1,523211E-42
0,03296036
0,0663458
0,09955465
0,09955465
0,2325005
0,2990295
0,3990586
0,4324568
0,4984295
0,5652235
0,6332037
0,8006742
0,8672522
0,8005074
0,7669874
0,7669874
0,7000377
0,4668262
0,4008535
0,3006778
0,2334496
0,09942373
0,03302493
0,06669682
0,1992237
0,3322944
0,5327359
0,6323546
0,6659676
0,7991653
0,8998914
0,8668638
0,8670563
0,8002121
0,800431
0,6009746
0,4671275
0,2679851
0,2343731
0,2008349
0,134033
0,1001098
0,06671189
0,06671189
0,03310962
0,03310962
4,203895E-45
1,401298E-45
1,401298E-45
1,401298E-45
1,401298E-45
1,401298E-45
0
0
0
0
0
0
0
0
0
0
0
0
0
0
0
0
0
0
0
0
0
0
0
0
0
0
0
0
0
0
0
0
0
0
0
0
0
0
0
0
1,401298E-45
1,401298E-45
1,401298E-45
1,401298E-45
1,401298E-45
1,401298E-45
0,03296036
0,03296036
0,06616922
0,1325794
0,2325005
0,2654918
0,2654918
0,3324279
0,4324568
0,4656544
0,5316273
0,598587
0,6665681
0,7674651
0,8671545
0,8336146
0,7009704
0,6675738
0,6003293
0,4335056
0,4008535
0,233867
0,166639
0,09942373
0,03302493
0,06669682
0,1992237
0,2654063
0,4323822
0,5656893
0,5991576
0,7655516
0,8659672
0,8329428
0,900263
0,8665928
0,8333833
0,7008144
0,5675718
0,4340261
0,4004697
0,2344476
0,134033
0,134033
0,06671189
0,06671189
0,06671189
0,06671189
4,203895E-45
4,203895E-45
1,401298E-45
0
0
0
0
0
0
0
0
0
0
0
0
0
0
0
0
0
0
0
0
0
0
0
0
0
0
0
0
0
0
0
0
0
0
0
0
0
0
0
0
0
1,401298E-45
1,401298E-45
1,401298E-45
1,401298E-45
1,401298E-45
1,401298E-45
1,523211E-42
1,523211E-42
0,03296036
0,03296036
0,06616922
0,1325794
0,2325005
0,2990295
0,332187
0,365585
0,4651086
0,4983068
0,5320115
0,6992485
0,800401
0,8010224
0,833693
0,8001557
0,7009704
0,5678111
0,4679156
0,4008535
0,3671815
0,1329799
0,09942373
0,09942373
0,03302493
0,03302493
0,09935144
0,1992065
0,3655008
0,4323899
0,5327359
0,6984578
0,7654244
0,8325187
0,8659672
0,8659672
0,900263
0,800572
0,7009559
0,6005104
0,5006841
0,3679077
0,2673842
0,1674808
0,134033
0,134033
0,06671189
0,06671189
4,203895E-45
4,203895E-45
1,401298E-45
0
0
0
0
0
0
0
0
0
0
0
0
0
0
0
0
0
0
0
0
0
0
0
0
0
0
0
0
0
0
0
0
0
0
0
0
1,401298E-45
1,401298E-45
1,401298E-45
1,401298E-45
1,401298E-45
1,401298E-45
1,401298E-45
1,401298E-45
1,401298E-45
1,401298E-45
1,401298E-45
1,523211E-42
0,03296036
0,06616922
0,1657489
0,2654918
0,2654918
0,2654918
0,3324279
0,3990514
0,4322495
0,498667
0,5654771
0,6327465
0,8010224
0,7671325
0,8005849
0,8005262
0,7669874
0,7009704
0,5343447
0,4344492
0,3674901
0,3002619
0,09942373
5,40189E-26
0
0,03302493
0,03302493
0,06619411
0,09986597
0,1992237
0,2654063
0,3989766
0,5325226
0,5993934
0,7655516
0,8659672
0,8659672
0,8663382
0,8665928
0,7999484
0,7005794
0,6011682
0,4674118
0,3678176
0,3343514
0,2339367
0,1674386
0,06671189
0,06671189
0,06671189
0,06671189
0,03360235
4,203895E-45
0
0
0
0
0
0
0
0
0
0
0
0
0
0
0
0
0
0
0
0
0
0
0
0
0
0
0
0
0
0
0
0
0
0
0
1,401298E-45
1,401298E-45
1,401298E-45
1,401298E-45
1,401298E-45
1,401298E-45
1,401298E-45
1,401298E-45
1,401298E-45
1,401298E-45
0,03296036
0,03296036
0,0663458
0,1325458
0,1987401
0,2654918
0,365585
0,365585
0,365585
0,465777
0,5316273
0,5320115
0,6325152
0,6993008
0,8338839
0,8002416
0,7671298
0,7009704
0,6675738
0,6675738
0,5343447
0,4344492
0,300669
0,2334408
0,09942373
4,76954E-26
0
7,579623E-42
7,579623E-42
0,03302493
0,03302493
0,1325605
0,1990948
0,3656557
0,5325226
0,5659283
0,6320325
0,7325568
0,8326109
0,8329428
0,8668638
0,7999484
0,7666002
0,7001804
0,6007796
0,5344028
0,4340261
0,3342053
0,3007386
0,1332103
0,06671189
0,06671189
0,06671189
0,06671189
0,03310962
0
0
0
0
0
0
0
0
0
0
0
0
0
0
0
0
0
0
0
0
0
0
0
0
0
0
0
0
0
0
0
0
1,401298E-45
1,401298E-45
1,401298E-45
1,401298E-45
1,401298E-45
1,401298E-45
1,401298E-45
1,401298E-45
1,401298E-45
1,401298E-45
1,401298E-45
0,03296036
0,03296036
0,03296036
0,1323747
0,1657596
0,2324284
0,3322929
0,365585
0,365585
0,4323717
0,4655696
0,4660147
0,5990912
0,6652988
0,8331685
0,8670937
0,8008581
0,7342252
0,7007414
0,6675738
0,6009489
0,5349756
0,4350099
0,3338576
0,1330259
0,06671189
0,03310962
4,76954E-26
0
7,579623E-42
7,579623E-42
0,03302493
0,03302493
0,06619411
0,09986597
0,266045
0,3321994
0,3989486
0,5659753
0,633053
0,7326679
0,7664436
0,8329428
0,8326672
0,8665928
0,8335497
0,7337543
0,7000489
0,5673202
0,4337735
0,3333904
0,3007386
0,2672011
0,09967221
0,06671189
0,06671189
0,06671189
0,06671189
0,03310962
0
0
0
0
0
0
0
0
0
0
0
0
0
0
0
0
0
0
0
0
0
0
0
0
0
1,401298E-45
1,401298E-45
1,401298E-45
1,401298E-45
1,401298E-45
1,401298E-45
1,401298E-45
1,401298E-45
1,401298E-45
1,401298E-45
1,401298E-45
1,401298E-45
1,401298E-45
1,401298E-45
0,03299135
0,03299135
0,06595191
0,09934963
0,1658923
0,2321263
0,3322929
0,365585
0,365585
0,3989054
0,3989054
0,4322743
0,5649626
0,5983686
0,6987817
0,7321296
0,7669717
0,734142
0,6344638
0,6344144
0,6344144
0,5684426
0,5017771
0,5017771
0,3676386
0,2675479
0,06656091
5,40189E-26
4,518075E-26
4,518075E-26
0
7,579623E-42
7,579623E-42
0,03302493
0,03302493
0,03302493
0,06669682
0,1663209
0,1994904
0,266045
0,398849
0,499064
0,6329961
0,6666099
0,7991653
0,8326672
0,8665928
0,8665928
0,833435
0,8001082
0,667104
0,6338602
0,5008613
0,4003068
0,299853
0,2003553
0,1334718
0,06671189
0,06671189
0,06671189
0,06671189
0,06671189
0,03310962
4,203895E-45
0
0
0
0
0
0
0
0
0
0
0
0
0
0
0
0
0
0
0
0
0
0
1,401298E-45
1,401298E-45
1,401298E-45
1,401298E-45
1,401298E-45
1,401298E-45
1,401298E-45
1,401298E-45
1,401298E-45
1,401298E-45
1,401298E-45
1,401298E-45
1,401298E-45
4,203895E-45
0,03299135
0,0661606
0,1325064
0,198929
0,2655463
0,3320472
0,365585
0,431768
0,4652435
0,4987097
0,6313292
0,5983686
0,6654285
0,698774
0,8331685
0,8336335
0,7342638
0,734081
0,6675738
0,5684426
0,5017771
0,5017771
0,4015617
0,3686995
0,1674018
0,1001738
0,06656091
5,40189E-26
6,294633E-42
6,294633E-42
0
6,294633E-42
6,294633E-42
0,03302493
0,03302493
0,03302493
0,03302493
0,03302493
0,09986597
0,1998449
0,2661279
0,3661518
0,4656725
0,5661368
0,6666099
0,7000063
0,8325629
0,8656926
0,8665928
0,8665928
0,8665928
0,8002757
0,7338141
0,6668088
0,5006126
0,4336926
0,3665586
0,233445
0,2000471
0,1340406
0,1001172
0,1001172
0,06671189
0,06671189
0,03310962
4,203895E-45
4,203895E-45
0
0
0
0
0
0
0
0
0
0
0
0
1,401298E-45
1,401298E-45
1,401298E-45
1,401298E-45
1,401298E-45
1,401298E-45
1,401298E-45
1,401298E-45
1,401298E-45
1,401298E-45
1,401298E-45
1,401298E-45
1,401298E-45
1,401298E-45
1,401298E-45
1,401298E-45
0,06601629
0,06601629
0,06601629
0,0994017
0,1657282
0,2321484
0,2655463
0,2990841
0,365585
0,3984478
0,3984478
0,4987097
0,4987097
0,6321235
0,5991642
0,6654285
0,6654285
0,7662283
0,766829
0,7674339
0,7342252
0,6675738
0,6010942
0,6010942
0,5684426
0,4683308
0,4354682
0,3018696
0,2346413
0,06656091
5,40189E-26
4,76954E-26
4,76954E-26
1,401298E-45
1,401298E-45
0
1,401298E-45
1,401298E-45
0,03302493
0,03302493
0,03302493
0,03302493
0,03302493
0,03302493
0,06618234
0,1330233
0,2333136
0,365806
0,4658659
0,5658438
0,633013
0,7662041
0,866402
0,8663382
0,8326672
0,8665928
0,8331394
0,8331394
0,8663756
0,7672296
0,6005816
0,5007096
0,3669867
0,2999929
0,2339863
0,2004483
0,1340406
0,1006353
0,06671189
0,06671189
0,03360235
0,03360235
0,03360235
2,662467E-44
2,662467E-44
1,401298E-45
1,401298E-45
1,401298E-45
1,401298E-45
1,401298E-45
1,401298E-45
1,401298E-45
1,401298E-45
1,401298E-45
1,401298E-45
1,401298E-45
1,401298E-45
1,401298E-45
1,401298E-45
1,401298E-45
1,401298E-45
1,401298E-45
1,401298E-45
1,401298E-45
1,401298E-45
1,401298E-45
0,03299135
0,03299135
0,03299135
0,0661606
0,1323427
0,1658026
0,1658026
0,2321484
0,298838
0,3323761
0,365585
0,4325272
0,4325272
0,5320346
0,5320346
0,5653562
0,5323956
0,700005
0,700005
0,7996044
0,7661452
0,8006429
0,7009724
0,6674888
0,6344144
0,6344144
0,567628
0,5344302
0,5017771
0,4348554
0,3347651
0,06656091
0,06656091
0,06656091
4,76954E-26
4,76954E-26
4,76954E-26
1,401298E-45
1,401298E-45
0
1,401298E-45
1,401298E-45
7,579623E-42
7,579623E-42
0,03302493
0,03302493
0,03302493
0,03302493
0,03302493
0,09986597
0,1333415
0,2327822
0,3328055
0,4324738
0,4658592
0,5658438
0,6664609
0,7996526
0,866402
0,8663382
0,8326672
0,7992176
0,7996644
0,7663732
0,7999157
0,7008525
0,6006216
0,5672593
0,533913
0,4001645
0,2665119
0,2665119
0,167579
0,1340406
0,1340406
0,1009311
0,1009311
0,06752568
0,06752568
2,662467E-44
2,662467E-44
2,662467E-44
2,662467E-44
2,662467E-44
2,662467E-44
2,662467E-44
2,662467E-44
2,662467E-44
2,662467E-44
2,662467E-44
2,662467E-44
0,03299135
0,03299135
0,03299135
0,03299135
0,06614872
0,06614872
0,09917359
0,09917359
0,09917359
0,1326398
0,1326398
0,1326398
0,1991943
0,2325922
0,3325498
0,3325498
0,3654129
0,3987051
0,3987051
0,4319145
0,5989262
0,5989262
0,6323736
0,6993386
0,731992
0,7662596
0,7996044
0,7666129
0,7667804
0,7667728
0,7671573
0,6013058
0,6344144
0,6009489
0,5677503
0,5017771
0,4681651
0,3013234
0,1335115
0,1335115
0,06656091
0,03310962
0,03310962
4,518075E-26
1,401298E-45
1,401298E-45
1,401298E-45
1,401298E-45
0
1,401298E-45
1,401298E-45
1,523211E-42
1,523211E-42
7,579623E-42
7,579623E-42
6,323496E-27
0,03302493
0,03302493
0,03302493
0,03302493
0,1328572
0,1997842
0,2330761
0,2996486
0,4659406
0,532938
0,5997337
0,7327867
0,7995104
0,8328674
0,8993641
0,8993641
0,8659131
0,9004151
0,8674223
0,8002139
0,7669249
0,7009035
0,6007007
0,5336221
0,4667027
0,3998883
0,3666903
0,3332427
0,299897
0,2335508
0,2000134
0,2000134
0,1006491
0,0673288
0,0673288
0,0673288
0,0673288
0,03392337
0,03392337
2,51465E-27
2,425062E-37
0,03315738
0,06618234
0,06618234
0,09917359
0,09917359
0,09917359
0,09917359
0,1323427
0,1323427
0,1323427
0,1323427
0,1657282
0,1991943
0,2990545
0,2990545
0,3320154
0,4321102
0,4991987
0,5325622
0,6325282
0,6657365
0,6657365
0,6994088
0,6994088
0,7329637
0,7656184
0,7992199
0,7996044
0,7996044
0,766802
0,7338012
0,7009747
0,6013058
0,6344144
0,6010942
0,5678971
0,5015684
0,401116
0,3350585
0,2343829
0,1671136
0,1001571
0,06670572
0,03310962
4,518075E-26
4,518075E-26
4,518075E-26
1,401298E-45
1,401298E-45
1,401298E-45
1,401298E-45
0
1,401298E-45
1,401298E-45
1,523211E-42
1,523211E-42
7,579623E-42
7,579623E-42
7,579623E-42
7,579623E-42
6,323496E-27
0,03302493
0,03302493
0,03302493
0,03302493
0,09968815
0,1997842
0,2662337
0,2994425
0,4325771
0,532952
0,5997462
0,7001339
0,7334536
0,7994596
0,8329996
0,866402
0,8993641
0,8993641
0,9332873
0,9332399
0,966843
0,9333906
0,8997183
0,8331145
0,7995188
0,7331815
0,6664903
0,600113
0,5665563
0,5665563
0,5665563
0,4996488
0,3995504
0,3665898
0,3331228
0,2994152
0,2994152
0,2994152
0,2994152
0,3657414
0,3665556
0,3332353
0,3332353
0,3332353
0,3668477
0,3668477
0,3997108
0,3997108
0,5001557
0,4998457
0,5662801
0,5991192
0,6659892
0,6659892
0,7660744
0,7660744
0,7660744
0,7660744
0,7999995
0,8333433
0,8328869
0,899941
0,899941
0,899941
0,9003344
0,8673421
0,7672496
0,7337914
0,7009147
0,6344144
0,6344144
0,5682313
0,5015587
0,4680922
0,401116
0,3350585
0,2343829
0,2010371
0,1340805
0,1001571
0,03310962
4,518075E-26
4,518075E-26
4,518075E-26
6,294633E-42
1,401298E-45
1,401298E-45
1,401298E-45
1,401298E-45
1,401298E-45
0
1,401298E-45
1,401298E-45
1,401298E-45
1,401298E-45
1,523211E-42
1,523211E-42
1,523211E-42
7,579623E-42
7,579623E-42
0,03302493
0,03302493
0,03302493
0,03302493
0,03302493
0,1001481
0,1001481
0,1997842
0,2329416
0,2329416
0,3325625
0,4663223
0,5997854
0,6331308
0,6331308
0,766894
0,8002132
0,8658273
0,8993641
0,8993641
0,8993641
0,8990229
0,9665481
0,9665481
0,9665481
0,9665481
0,9329525
0,9329525
0,9329525
0,9329525
0,9329525
0,9329525
0,9329525
0,9329525
0,9329525
0,9329525
0,9329525
0,9329525
0,9329525
0,9329525
0,9329525
0,9329525
0,9329525
0,9329525
0,9329525
0,9329525
0,9329525
0,9329525
0,9329525
0,9329525
0,9329525
0,9329525
0,9329525
0,9329525
0,9329525
0,9329525
0,9329525
0,9329525
0,9329525
0,9329525
0,8999607
0,9002439
0,8672836
0,8672836
0,8007227
0,7673261
0,7339401
0,6012562
0,5015587
0,5015587
0,4679452
0,4344787
0,3004405
0,3004405
0,2677881
0,2010371
0,1340805
0,1001571
0,06656091
0,03345136
4,518075E-26
4,518075E-26
1,401298E-45
1,401298E-45
1,401298E-45
1,401298E-45
1,401298E-45
1,401298E-45
1,401298E-45
1,401298E-45
0
1,401298E-45
1,401298E-45
1,401298E-45
1,401298E-45
1,523211E-42
1,523211E-42
1,523211E-42
1,523211E-42
1,523211E-42
7,579623E-42
7,579623E-42
1,067509E-41
0,03302493
0,03302493
0,06669682
0,06669682
0,1001481
0,1001481
0,1331394
0,1994661
0,2665545
0,3330444
0,3997879
0,4993254
0,599631
0,6666859
0,7334893
0,7334893
0,766894
0,766894
0,8658273
0,9332873
0,9663997
0,9999999
0,9999999
0,9999999
0,9999999
1
1
1
1
1
1
1
1
1
1
1
1
1
1
1
1
1
1
1
1
1
1
1
1
1
1
1
0,9670079
0,9338387
0,9338387
0,9338387
0,9006824
0,7676992
0,7676992
0,7014501
0,6347607
0,6012857
0,568077
0,5012886
0,5012886
0,4346447
0,4346447
0,301611
0,301611
0,2343829
0,2343829
0,1674262
0,1340805
0,06703294
4,76954E-26
4,518075E-26
4,518075E-26
1,401298E-45
1,401298E-45
1,401298E-45
1,401298E-45
1,401298E-45
1,401298E-45
1,401298E-45
1,401298E-45
1,401298E-45
1,401298E-45
0
0
0
1,401298E-45
1,401298E-45
1,401298E-45
1,401298E-45
1,401298E-45
1,523211E-42
1,523211E-42
1,523211E-42
1,523211E-42
1,523211E-42
1,523211E-42
4,373453E-42
4,373453E-42
1,067509E-41
1,067509E-41
0,03302493
0,1001481
0,1001481
0,1001481
0,1001481
0,1333053
0,1991597
0,2661356
0,2994278
0,4663291
0,5997306
0,666581
0,666581
0,7989734
0,8325122
0,8990695
0,8990695
0,8990695
0,9324746
0,9324746
0,9660774
0,9999999
0,9999999
0,9999999
0,9999999
0,9999999
0,9999999
0,9999999
0,9999999
0,9999999
0,9999999
0,9999999
0,9999999
0,9999999
0,9999999
0,9999999
0,9999999
0,9999999
0,9670079
0,9670079
0,9670079
0,9670079
0,9338506
0,9006824
0,9006824
0,8676577
0,8676577
0,8676577
0,8007298
0,8007298
0,7673458
0,700656
0,6006806
0,6006806
0,5343718
0,5011626
0,5011626
0,5011626
0,3676265
0,3676265
0,3676265
0,3676265
0,2007807
0,2007807
0,2007807
0,1674349
0,06703294
0,03310962
0,03310962
1,401298E-45
1,401298E-45
1,401298E-45
1,401298E-45
1,401298E-45
1,401298E-45
1,401298E-45
1,401298E-45
1,401298E-45
1,401298E-45
1,401298E-45
1,401298E-45
1,401298E-45
0
0
0
1,401298E-45
1,401298E-45
1,401298E-45
1,401298E-45
1,401298E-45
1,523211E-42
1,523211E-42
1,523211E-42
1,523211E-42
1,523211E-42
1,523211E-42
1,523211E-42
1,523211E-42
7,579623E-42
7,579623E-42
7,579623E-42
1,067509E-41
1,067509E-41
0,03345136
0,03345136
0,09963367
0,132625
0,1662969
0,199589
0,3327096
0,3993159
0,4327822
0,5332974
0,6001128
0,6333109
0,6667574
0,7001023
0,7664489
0,799987
0,799987
0,8993505
0,9326713
0,9326713
0,9326713
0,9326713
0,9660774
0,9660774
0,9999999
0,9999999
0,9999999
0,9999999
0,9999999
0,9999999
0,9999999
0,9999999
0,9999999
0,9999999
0,9669735
0,9339837
0,9339837
0,9339837
0,9339837
0,900827
0,8676577
0,8676577
0,8676577
0,8342729
0,8342729
0,7009442
0,7009442
0,6679858
0,5678893
0,5008017
0,4674386
0,3674715
0,3005911
0,3005911
0,3005911
0,3005911
0,2670346
0,2343829
0,2343829
0,1338386
0,1338386
0,03310962
0,03310962
0,03310962
1,401298E-45
1,401298E-45
1,401298E-45
1,401298E-45
1,401298E-45
1,401298E-45
1,401298E-45
1,401298E-45
0
0
0
0
0
0
0
0
0
0
0
0
1,401298E-45
1,401298E-45
1,401298E-45
1,401298E-45
1,401298E-45
1,523211E-42
1,523211E-42
1,523211E-42
1,523211E-42
1,523211E-42
1,523211E-42
1,523211E-42
1,523211E-42
1,523211E-42
4,373453E-42
4,373453E-42
4,373453E-42
4,373453E-42
0,03302493
0,03302493
0,03302493
0,03302493
0,06618234
0,06618234
0,06618234
0,1333053
0,1999098
0,1999098
0,2662479
0,4329121
0,4662974
0,4998545
0,4998545
0,4998545
0,5667604
0,6668599
0,6998215
0,7332875
0,8333924
0,8333924
0,8333924
0,8333924
0,8333924
0,8660441
0,8663722
0,8663722
0,8663722
0,8332149
0,8332149
0,8000478
0,7335561
0,7335561
0,7671592
0,7335457
0,7674676
0,7010679
0,7010679
0,6341607
0,6008697
0,5010476
0,4006144
0,3674166
0,3338596
0,3336495
0,2670346
0,2670346
0,2331115
0,2331115
0,2331115
0,1671136
0,1000601
0,1000601
0,1000601
0,03310962
0,03310962
0,03310962
0,03310962
1,401298E-45
1,401298E-45
1,401298E-45
1,401298E-45
1,401298E-45
1,401298E-45
1,401298E-45
1,401298E-45
1,401298E-45
1,401298E-45
1,401298E-45
0
0
0
0
0
0
0
0
6
