0
0
0
0
0
0
0
0
0
0
0
0
0
0
0
0
0
0
0
0
0
0
0
0
0
0
0
0,03100558
0,09366436
0,1246874
0,1559345
0,1247421
0,09327581
0,09327581
0,1242192
0,1552388
0,1866293
0,2178131
0,2178131
0,2178131
0,2178131
0,2180036
0,2180036
0,2180036
0,2180036
0,2180036
0,2492813
0,2492813
0,2492813
0,2492813
0,2492813
0,2492813
0,2808629
0,2808629
0,2808629
0,2808629
0,2808629
0,2808629
0,2808629
0,2808629
0,3433928
0,3747379
0,4061278
0,4061278
0,4061278
0,4372002
0,4996307
0,4683836
0,4368025
0,4368025
0,4368025
0,5000507
0,5000507
0,4689787
0,4689787
0,4689787
0,4689787
0,4689787
0,4689787
0,4998941
0,4998941
0,5628339
0,5628339
0,5943571
0,5943571
0,6255071
0,6255071
0,6880857
0,6880857
0,7194414
0,750355
0,750355
0,7188324
0,812275
0,6566877
0,1556457
0
0
0
0
0
0
0
0
0
0
0
0
0
0
0
0
0
0
0
0
0
0
0
0
0,03139035
0,03139035
0,06241019
0,06241019
0,06241019
0,188131
0,2503465
0,2503465
0,2815931
0,2815931
0,344017
0,3751897
0,4370099
0,5305229
0,5617045
0,5617045
0,5929821
0,6243559
0,6243559
0,687004
0,687004
0,687004
0,687004
0,687004
0,687004
0,7185841
0,7185841
0,7185841
0,7185841
0,7185841
0,7185841
0,7185841
0,7498185
0,7501586
0,7501586
0,7501586
0,7812288
0,7812288
0,7812288
0,7812288
0,7812288
0,7812288
0,7812288
0,8752912
0,9062045
0,9062045
0,9062045
0,9062045
0,9062045
0,9375582
0,9375582
0,9375582
0,9375582
0,9375582
0,9375582
0,9375582
0,9059763
0,9059763
0,9059763
0,937236
0,937236
0,937236
0,9373479
0,9373479
0,9373479
0,9373479
0,9373479
0,9373479
0,9373479
0,9373479
0,9373479
0,9373479
0,9373479
0,9373479
0,9373479
0,9061547
0,8749703
0,812275
0,812275
0,1556457
0
0
0
0
0
0
0
0
0
0
0
0
0
0
0
0
0
0
0
0
0,03139035
0,03139035
0,06241019
0,1256588
0,1256588
0,188131
0,2503465
0,2503465
0,2815931
0,2815931
0,3748932
0,4373184
0,4994452
0,6244334
0,6244334
0,6556526
0,6869306
0,6869306
0,6869306
0,7495791
0,7495791
0,7495791
0,7495791
0,7495791
0,7495791
0,7811589
0,7811589
0,7811589
0,7811589
0,7811589
0,7811589
0,7811589
0,8123928
0,8439167
0,8748325
0,8748325
0,9059027
0,9059027
0,9059027
0,9059027
0,9059027
0,9059027
0,9059027
0,9687415
0,9687415
0,9687415
0,9687415
0,9687415
0,9687415
0,9687415
0,9687415
0,9687415
0,9687415
0,9687415
0,9687415
0,9687415
0,9371577
0,9371577
0,9371577
0,968418
0,968418
0,968418
0,9373479
0,9373479
0,9373479
0,9373479
0,9373479
0,9373479
0,9373479
0,9373479
0,9373479
0,9373479
0,9373479
0,9373479
0,9373479
0,9061547
0,9061547
0,843459
0,843459
0,1868292
0
0
0
0
0
0
0
0
0
0
0
0
0
0
0
0
0
0
0,03139035
0,03139035
0,06241019
0,09332424
0,1560184
0,2507331
0,3129492
0,3129492
0,3129492
0,3441211
0,4377922
0,469137
0,5000142
0,5312665
0,6246712
0,7186565
0,7501799
0,7813993
0,8440226
0,8756033
0,8756033
0,8756033
0,8756033
0,8756033
0,8756033
0,8756033
0,8756033
0,8756033
0,9067543
0,9690852
0,9690852
0,9690852
0,9690852
0,9690852
0,9690852
0,9690852
0,9999999
0,9999999
0,9999999
0,9999999
1
0,9999999
0,9999999
0,9999999
0,9999999
0,9999999
0,9999999
0,9999999
0,9999999
0,9999999
0,9999999
0,9999999
0,9999999
0,9999999
0,9999999
0,9999999
0,9999999
0,9999999
0,9999999
0,9999999
0,9999999
0,968418
0,968418
0,968418
0,968418
0,968418
0,968418
0,968418
0,9373479
0,9373479
0,9373479
0,9373479
0,9373479
0,9373479
0,9373479
0,9373479
0,9373479
0,9373479
0,9373479
0,9058251
0,9058251
0,1868292
0
0
0
0
0
0
0
0
0
0
0
0
0
0
0
0
0
0,03101982
0,1250128
0,1250128
0,1250128
0,1250128
0,1560184
0,2192672
0,3439132
0,4064435
0,4064435
0,4377893
0,5312734
0,5625241
0,5938032
0,7189384
0,8125879
0,9066233
0,9066233
0,9066233
0,9380134
0,9380134
0,9380134
0,9380134
0,9380134
0,9380134
0,9380134
0,9689273
0,9689273
0,9689273
0,9689273
0,9999999
1
1
1
1
0,968418
0,968418
0,968418
0,968418
0,968418
0,968418
0,968418
0,968418
0,968418
0,968418
0,968418
0,968418
0,968418
0,968418
0,968418
0,968418
0,968418
0,968418
0,968418
0,968418
0,9999999
0,9999999
0,9999999
0,9999999
0,9999999
0,9999999
0,9999999
0,9999999
0,9999999
0,9999999
0,9999999
0,968418
0,968418
0,968418
0,9373479
0,9373479
0,9373479
0,9373479
0,9373479
0,9373479
0,9373479
0,9373479
0,9373479
0,9373479
0,9373479
0,9058251
0,9058251
0,1868292
0
0
0
0
0
0
0
0
0
0
0
0
0
0
7,006492E-45
7,006492E-45
0,03091406
0,06193392
0,1250128
0,1250128
0,1250128
0,1250128
0,1560184
0,2507331
0,4065297
0,437594
0,437594
0,4689393
0,5624233
0,624909
0,7186529
0,843858
0,8750418
0,9066233
0,9066233
0,9375373
0,9376791
0,9376791
0,9376791
0,9376791
0,8753477
0,8753477
0,8753477
0,9064191
0,9064191
0,8750445
0,8750445
0,8750445
0,8750445
0,8750445
0,8750445
0,8750445
0,8434638
0,8434638
0,8434638
0,8434638
0,8434638
0,8434638
0,8434638
0,8434638
0,8434638
0,8434638
0,8434638
0,8434638
0,8434638
0,7495796
0,7495796
0,7808276
0,7808276
0,7808276
0,7495692
0,7495692
0,7811496
0,8122212
0,8122212
0,8122212
0,748973
0,748973
0,748973
0,748973
0,748973
0,7180585
0,7180585
0,686479
0,686479
0,6552256
0,6552256
0,6552256
0,6237041
0,6237041
0,592554
0,4989075
0,4366336
0,4366336
0,4366336
0,4057564
0,4057564
0,3432756
0,3432756
0,06246135
0
0
0
0
0
0
0
0
0
0
0
0
0
0
7,006492E-45
0,03168857
0,06260269
0,06260269
0,09399296
0,09399296
0,1562713
0,1872945
0,2182999
0,3130151
0,4065297
0,437594
0,4688409
0,5001885
0,5624233
0,7190642
0,8128073
0,8444152
0,8123519
0,8127368
0,8436511
0,8436511
0,7815272
0,7502745
0,7502745
0,6877175
0,5943623
0,5627822
0,5627822
0,5938545
0,5938545
0,5938545
0,5938545
0,5938545
0,5938545
0,5938545
0,5625759
0,5937599
0,5937599
0,5937599
0,5937599
0,5937599
0,5937599
0,5937599
0,5937599
0,5937599
0,5937599
0,5937599
0,5937599
0,5937599
0,5937599
0,4374224
0,4374224
0,3752876
0,3441147
0,3441147
0,3128572
0,2815033
0,2815033
0,3125759
0,3125759
0,3125759
0,344157
0,344157
0,344157
0,344157
0,344157
0,344157
0,344157
0,3125759
0,3125759
0,2813924
0,2497036
0,2497036
0,2181813
0,2181813
0,1870312
0,1871312
0,1558772
0,1558772
0,1558772
0,1558772
0,1558772
0,09338454
0,09338454
0
0
0
0
0
0
0
0
0
0
0
7,006492E-45
7,006492E-45
7,006492E-45
8,36282E-30
8,36282E-30
0,03168857
0,03168857
0,03168857
0,1252515
0,1564015
0,1874213
0,2184443
0,2494501
0,3441649
0,4065297
0,437594
0,5317822
0,5629715
0,593848
0,687674
0,7188753
0,7504833
0,7184741
0,6564939
0,6563436
0,6563436
0,562875
0,4065484
0,3754
0,2815838
0,2815838
0,2815838
0,2815838
0,2815838
0,2815838
0,2815838
0,2815838
0,2501943
0,2501943
0,2501943
0,2501943
0,2501943
0,2191222
0,2191222
0,2191222
0,2191222
0,1878878
0,1563652
0,1563652
0,1563652
0,1563652
0,1563652
0,1563652
0,1563652
0,1563652
0,1246767
0,1246767
0,09376235
0,06261231
0,06261231
0,06261231
0,03125867
0,03125867
0,03125867
0,03125867
0,03125867
0,03125867
0,03125867
0,03125867
0,06283969
0,06283969
0,06283969
0,09391212
0,0626535
0,0626535
0,0626535
0,0626535
0,0310726
0,0310726
0,0310726
0,0310726
8,36282E-30
8,36282E-30
8,36282E-30
8,36282E-30
8,36282E-30
3,783506E-44
0
0
0
0
0
0
0
0
0
0
0
7,006492E-45
7,006492E-45
7,006492E-45
7,006492E-45
7,006492E-45
8,36282E-30
8,36282E-30
0,03168857
0,06283852
0,06283852
0,1564015
0,1564015
0,1874213
0,2184443
0,2494501
0,3441649
0,3748417
0,405906
0,5000934
0,531283
0,5312455
0,6563289
0,7190531
0,7194052
0,6558715
0,5938921
0,5937413
0,5937413
0,500273
0,3433372
0,3121882
0,1870195
0,1557855
0,1557855
0,1557855
0,1557855
0,1557855
0,1557855
0,1557855
0,1243956
0,1243956
0,1243956
0,09324557
0,09324557
0,06217301
0,06217301
0,06217301
0,06217301
0,06217301
0,06217301
0,03125867
0,03125867
0,03125867
0,03125867
0,03125867
0,03125867
0,03125867
0,03125867
0,03125867
0,03125867
0,03125867
0,03125867
0,03125867
0,03125867
0,03125867
0,03125867
0,03125867
0,03125867
0,03125867
0,03125867
0,03125867
0,06283969
0,06283969
0,06283969
0,09391212
0,0626535
0,0626535
0,0626535
0,0626535
0,0310726
0,0310726
0,0310726
0,0310726
8,494692E-30
8,494692E-30
8,36282E-30
8,36282E-30
8,36282E-30
3,783506E-44
0
0
0
0
0
0
0
0
0
7,006492E-45
8,36282E-30
8,36282E-30
8,36282E-30
8,36282E-30
8,36282E-30
8,36282E-30
8,36282E-30
8,36282E-30
0,03168857
0,09409716
0,09409716
0,1564015
0,1564015
0,1874213
0,2184443
0,2810311
0,3757459
0,4064225
0,4374865
0,5000934
0,531283
0,5312455
0,6877032
0,7504271
0,7194052
0,6558715
0,5623097
0,5619863
0,5619863
0,4997642
0,3430564
0,2808346
0,1870195
0,1557855
0,1557855
0,1557855
0,1557855
0,1243956
0,1243956
0,1243956
0,06240859
0,06240859
0,06240859
0,03125867
0,03125867
1,318844E-31
3,783506E-44
3,783506E-44
3,783506E-44
3,783506E-44
3,783506E-44
3,783506E-44
3,783506E-44
3,783506E-44
3,783506E-44
3,783506E-44
7,006492E-45
7,006492E-45
7,006492E-45
7,006492E-45
7,006492E-45
7,006492E-45
7,006492E-45
6,673672E-30
6,673672E-30
6,673672E-30
6,673672E-30
6,673672E-30
6,673672E-30
6,673672E-30
6,673672E-30
6,673672E-30
0,031581
0,031581
0,031581
0,031581
0,031581
0,031581
0,031581
0,0626535
0,0310726
0,0310726
0,0310726
0,0310726
0,0310726
0,0310726
0,0310726
0,0310726
8,494692E-30
1,318844E-31
0
0
0
0
0
0
0
0
8,36282E-30
8,36282E-30
8,36282E-30
8,36282E-30
8,36282E-30
8,36282E-30
8,36282E-30
1,503647E-29
1,503647E-29
1,503647E-29
0,03168857
0,09409716
0,09409716
0,1564015
0,1564015
0,1874213
0,2499108
0,3748621
0,4381109
0,4064225
0,4374865
0,5000934
0,5628037
0,5627674
0,6563838
0,7498439
0,718821
0,6241049
0,5621243
0,5307288
0,4993685
0,374762
0,2494134
0,1871921
0,09337686
0,09337686
0,0624624
0,0624624
0,03138988
1,318844E-31
1,318844E-31
1,318844E-31
1,318844E-31
1,318844E-31
1,318844E-31
3,783506E-44
3,783506E-44
3,783506E-44
0
0
0
0
0
0
7,006492E-45
7,006492E-45
7,006492E-45
7,006492E-45
7,006492E-45
7,006492E-45
7,006492E-45
7,006492E-45
7,006492E-45
7,006492E-45
7,006492E-45
6,673672E-30
6,673672E-30
6,673672E-30
6,673672E-30
6,673672E-30
6,673672E-30
6,673672E-30
6,673672E-30
6,673672E-30
0,031581
0,031581
0,031581
0,031581
0,031581
0,031581
0,031581
0,0626535
0,0626535
0,0626535
0,0626535
0,0626535
0,0310726
0,0310726
0,0310726
0,0310726
8,494692E-30
8,494692E-30
8,494692E-30
8,494692E-30
0
0
0
0
0
7,006492E-45
8,36282E-30
8,36282E-30
8,36282E-30
1,503647E-29
1,503647E-29
1,503647E-29
1,503647E-29
1,503647E-29
1,503647E-29
1,503647E-29
0,03168857
0,09409716
0,09409716
0,1564015
0,1564015
0,1874213
0,2499108
0,3748621
0,4381109
0,4689035
0,4999685
0,500178
0,5316544
0,5316168
0,6252353
0,7186947
0,6876703
0,5929552
0,5309736
0,4995781
0,4682186
0,374762
0,1867818
0,1245602
0,09337686
0,09337686
0,0624624
0,0624624
0,03138988
1,318844E-31
1,318844E-31
1,318844E-31
1,318844E-31
1,318844E-31
1,318844E-31
3,783506E-44
3,783506E-44
3,783506E-44
0
0
0
0
0
0
0
0
7,006492E-45
7,006492E-45
7,006492E-45
7,006492E-45
7,006492E-45
7,006492E-45
7,006492E-45
7,006492E-45
7,006492E-45
6,673672E-30
6,673672E-30
6,673672E-30
6,673672E-30
6,673672E-30
6,673672E-30
6,673672E-30
6,673672E-30
6,673672E-30
0,031581
0,031581
0,031581
0,031581
0,031581
0,031581
0,031581
0,0626535
0,0626535
0,0626535
0,0626535
0,0626535
0,0310726
0,0310726
0,0310726
0,0310726
8,494692E-30
8,494692E-30
8,494692E-30
8,494692E-30
0
0
0
8,36282E-30
8,36282E-30
8,36282E-30
8,36282E-30
8,36282E-30
8,36282E-30
1,503647E-29
1,503647E-29
1,503647E-29
1,503647E-29
1,503647E-29
1,503647E-29
1,503647E-29
0,03168857
0,09409716
0,09409716
0,1879826
0,1879826
0,2190024
0,2814924
0,3748621
0,4694709
0,5003498
0,5624856
0,5313364
0,5628226
0,5940632
0,6875854
0,7186947
0,6564778
0,5617628
0,5309736
0,4995781
0,4682186
0,374762
0,155598
0,06230423
0,06230423
0,06230423
0,03138988
0,03138988
0,03138988
1,318844E-31
1,318844E-31
1,318844E-31
1,318844E-31
0
0
0
0
0
0
0
0
0
0
0
0
0
0
0
7,006492E-45
7,006492E-45
7,006492E-45
7,006492E-45
7,006492E-45
7,006492E-45
7,006492E-45
6,673672E-30
6,673672E-30
6,673672E-30
6,673672E-30
6,673672E-30
6,673672E-30
6,673672E-30
6,673672E-30
6,673672E-30
6,673672E-30
6,673672E-30
6,673672E-30
6,673672E-30
0,031581
0,031581
0,031581
0,0626535
0,0626535
0,0626535
0,0626535
0,0626535
0,0310726
0,0310726
0,0310726
0,0310726
0,0310726
0,0310726
0,0310726
0,0310726
0
7,006492E-45
7,006492E-45
8,36282E-30
8,36282E-30
1,503647E-29
1,503647E-29
1,503647E-29
1,503647E-29
1,503647E-29
1,503647E-29
1,503647E-29
1,503647E-29
1,503647E-29
1,503647E-29
1,503647E-29
0,03168857
0,09409716
0,09409716
0,1879826
0,1879826
0,2190024
0,2814924
0,3748621
0,4694709
0,5003498
0,5624856
0,5313364
0,5628226
0,5940632
0,6875854
0,6872265
0,5938395
0,5615054
0,561889
0,4995781
0,4682186
0,374762
0,155598
0,06230423
0,06230423
0,06230423
0,03138988
0,03138988
0,03138988
1,318844E-31
1,318844E-31
0
0
0
0
0
0
0
0
0
0
0
0
0
0
0
0
0
0
0
7,006492E-45
7,006492E-45
7,006492E-45
7,006492E-45
7,006492E-45
6,673672E-30
6,673672E-30
6,673672E-30
6,673672E-30
6,673672E-30
6,673672E-30
6,673672E-30
6,673672E-30
6,673672E-30
6,673672E-30
6,673672E-30
6,673672E-30
6,673672E-30
0,031581
0,031581
0,031581
0,0626535
0,0626535
0,0626535
0,0626535
0,0626535
0,0626535
0,0626535
0,0626535
0,0626535
0,0310726
0,0310726
0,0310726
0,0310726
0
8,36282E-30
1,503647E-29
1,503647E-29
1,503647E-29
1,503647E-29
1,503647E-29
1,503647E-29
1,503647E-29
1,503647E-29
1,503647E-29
1,503647E-29
1,503647E-29
8,36282E-30
8,36282E-30
0,03114999
0,06283852
0,09409716
0,09409716
0,1879826
0,1879826
0,2822513
0,3758135
0,4691834
0,500544
0,5314211
0,5933638
0,5622133
0,5936989
0,6250077
0,7185289
0,6872265
0,5938395
0,5302584
0,4994085
0,4683437
0,4056306
0,3121309
0,1243204
0,06230423
0,06230423
0,06230423
0,03138988
0,03138988
0,03138988
0
0
0
0
0
0
0
0
0
0
0
0
0
0
0
0
0
0
0
0
0
7,006492E-45
7,006492E-45
7,006492E-45
7,006492E-45
7,006492E-45
6,673672E-30
6,673672E-30
6,673672E-30
6,673672E-30
6,673672E-30
6,673672E-30
6,673672E-30
6,673672E-30
6,673672E-30
6,673672E-30
6,673672E-30
6,673672E-30
6,673672E-30
0,031581
0,031581
0,031581
0,0626535
0,0626535
0,0626535
0,0626535
0,0626535
0,0626535
0,0626535
0,0626535
0,0626535
0,0310726
0,0310726
0,0310726
0,0310726
1,401298E-45
8,36282E-30
1,503647E-29
1,503647E-29
1,503647E-29
1,503647E-29
1,503647E-29
1,503647E-29
1,503647E-29
1,503647E-29
1,503647E-29
1,503647E-29
1,503647E-29
8,36282E-30
8,407791E-45
0,06273097
0,09441958
0,1256781
0,1256781
0,1879826
0,219449
0,3137172
0,3758135
0,5004304
0,5317898
0,5314211
0,5933638
0,5306331
0,5933388
0,6246447
0,7185289
0,6872265
0,5938395
0,5302584
0,4367028
0,4056392
0,3742854
0,3121309
0,1243204
0,06230423
0,06230423
0,06230423
0,03138988
0,03138988
0,03138988
0
0
0
0
0
0
0
0
0
0
0
0
0
0
0
0
0
0
0
0
0
0
0
0
7,006492E-45
7,006492E-45
6,673672E-30
6,673672E-30
6,673672E-30
6,673672E-30
6,673672E-30
6,673672E-30
6,673672E-30
6,673672E-30
6,673672E-30
6,673672E-30
6,673672E-30
6,673672E-30
6,673672E-30
0,031581
0,031581
0,031581
0,0626535
0,0626535
0,0626535
0,0626535
0,0626535
0,0626535
0,0626535
0,0626535
0,0626535
0,0310726
0,0310726
0,0310726
0,0310726
1,401298E-45
8,36282E-30
1,503647E-29
1,503647E-29
1,503647E-29
1,503647E-29
1,503647E-29
1,503647E-29
1,503647E-29
8,36282E-30
8,36282E-30
8,36282E-30
8,36282E-30
8,36282E-30
8,407791E-45
0,09398963
0,1256781
0,1256781
0,1256781
0,1879826
0,219449
0,3137172
0,344741
0,4693576
0,5007171
0,4691999
0,5622133
0,5306331
0,6558486
0,6871555
0,7185289
0,6239784
0,5305905
0,5302584
0,4367028
0,3436897
0,3123361
0,2501147
0,06230423
0,06230423
0,03138988
0,03138988
0,03138988
0,03138988
0,03138988
0
0
0
0
0
0
0
0
0
0
0
0
0
0
0
0
0
0
0
0
0
0
0
0
7,006492E-45
7,006492E-45
6,673672E-30
6,673672E-30
6,673672E-30
6,673672E-30
6,673672E-30
6,673672E-30
6,673672E-30
6,673672E-30
6,673672E-30
6,673672E-30
6,673672E-30
6,673672E-30
6,673672E-30
8,407791E-45
8,407791E-45
8,407791E-45
0,0310726
0,0626535
0,0626535
0,0626535
0,0626535
0,0626535
0,0626535
0,0626535
0,0626535
0,0310726
0,0310726
0,0310726
0,0310726
1,401298E-45
0
6,673672E-30
1,503647E-29
1,503647E-29
1,503647E-29
1,503647E-29
1,503647E-29
1,503647E-29
8,36282E-30
8,36282E-30
8,407791E-45
8,407791E-45
8,407791E-45
8,407791E-45
0,09398963
0,1256781
0,1256781
0,1256781
0,1879826
0,219449
0,3137172
0,344741
0,4693576
0,5007171
0,4691999
0,5935665
0,5619857
0,6558486
0,6871555
0,7185289
0,5616584
0,4682712
0,4991855
0,4056305
0,3436897
0,2498585
0,1876364
0,06230423
0,06230423
0,03138988
0,03138988
0,03138988
0,03138988
0,03138988
0
0
0
0
0
0
0
0
0
0
0
0
0
0
0
0
0
0
0
0
0
0
0
0
0
0
6,673672E-30
6,673672E-30
6,673672E-30
6,673672E-30
6,673672E-30
6,673672E-30
6,673672E-30
6,673672E-30
6,673672E-30
6,673672E-30
6,673672E-30
6,673672E-30
6,673672E-30
8,407791E-45
8,407791E-45
8,407791E-45
0,0310726
0,0626535
0,0626535
0,0626535
0,0626535
0,0626535
0,0626535
0,0626535
0,0626535
0,0310726
0,0310726
0,0310726
0,0310726
0
2,802597E-45
6,673672E-30
6,673672E-30
6,673672E-30
6,673672E-30
6,673672E-30
6,673672E-30
6,673672E-30
8,407791E-45
8,407791E-45
0,031581
0,031581
0,031581
0,031581
0,09398963
0,1256781
0,1256781
0,1256781
0,1879826
0,219449
0,3447233
0,4071057
0,4691361
0,4691361
0,4376191
0,5619857
0,5619857
0,6872222
0,6870629
0,6870629
0,5616584
0,4682712
0,4991855
0,4056305
0,3436897
0,2186056
0,1563845
0,06230423
0,06230423
0,03138988
0,03138988
0,03138988
0,03138988
0,03138988
0
0
0
0
0
0
0
0
0
0
0
0
0
0
0
0
0
0
0
0
0
0
0
0
0
0
6,673672E-30
6,673672E-30
6,673672E-30
6,673672E-30
6,673672E-30
6,673672E-30
6,673672E-30
6,673672E-30
6,673672E-30
6,673672E-30
6,673672E-30
6,673672E-30
6,673672E-30
8,407791E-45
8,407791E-45
8,407791E-45
0,0310726
0,0626535
0,0626535
0,0626535
0,0626535
0,0626535
0,0626535
0,0626535
0,0626535
0,0310726
0,0310726
0,0310726
0,0310726
0
2,802597E-45
6,673672E-30
6,673672E-30
6,673672E-30
8,407791E-45
8,407791E-45
8,407791E-45
8,407791E-45
8,407791E-45
8,407791E-45
0,031581
0,031581
0,031581
0,06326955
0,1256781
0,1256781
0,1256781
0,1256781
0,1879826
0,219449
0,3447233
0,4071057
0,437878
0,4689425
0,4686828
0,5624357
0,5933801
0,6870936
0,6559905
0,6559905
0,5616584
0,4682712
0,4991855
0,4056305
0,3436897
0,2186056
0,1563845
0,06230423
0,06230423
0,03138988
0,03138988
0,03138988
0,03138988
0,03138988
0
0
0
0
0
0
0
0
0
0
0
0
0
0
0
0
0
0
0
0
0
0
0
0
0
0
6,673672E-30
6,673672E-30
6,673672E-30
6,673672E-30
6,673672E-30
6,673672E-30
6,673672E-30
6,673672E-30
6,673672E-30
6,673672E-30
6,673672E-30
6,673672E-30
6,673672E-30
8,407791E-45
8,407791E-45
8,407791E-45
0,0310726
0,0626535
0,0626535
0,0626535
0,0626535
0,0626535
0,0626535
0,0626535
0,0626535
0,0626535
0,0626535
0,0626535
0,0626535
0
8,407791E-45
6,673672E-30
6,673672E-30
6,673672E-30
8,407791E-45
8,407791E-45
8,407791E-45
8,407791E-45
8,407791E-45
8,407791E-45
0,031581
0,031581
0,031581
0,06326955
0,1256781
0,1256781
0,1565922
0,1880589
0,2826976
0,3138899
0,3759155
0,4382982
0,4691117
0,5001768
0,4686828
0,5624357
0,5933801
0,6870936
0,6559905
0,6559905
0,5616584
0,4682712
0,4991855
0,3742766
0,3123361
0,1872317
0,1250104
0,06230423
0,06230423
0,03138988
0,03138988
0,03138988
0,03138988
0,03138988
0
0
0
0
0
0
0
0
0
0
0
0
0
0
0
0
0
0
0
0
0
0
0
0
0
0
6,673672E-30
6,673672E-30
6,673672E-30
6,673672E-30
6,673672E-30
6,673672E-30
6,673672E-30
6,673672E-30
6,673672E-30
6,673672E-30
6,673672E-30
6,673672E-30
6,673672E-30
8,407791E-45
8,407791E-45
8,407791E-45
0,0310726
0,0626535
0,0626535
0,0626535
0,0626535
0,0626535
0,0626535
0,0626535
0,0626535
0,0626535
0,0626535
0,0626535
0,0626535
0
8,407791E-45
8,407791E-45
8,407791E-45
8,407791E-45
8,407791E-45
8,407791E-45
0,031581
0,031581
0,031581
0,031581
0,031581
0,031581
0,031581
0,06326955
0,1256781
0,1256781
0,1565922
0,1880589
0,2511162
0,2823094
0,3755815
0,4379639
0,5004571
0,5315211
0,4686828
0,5622283
0,5931699
0,6556267
0,6559905
0,6559905
0,4992935
0,3746718
0,4055858
0,3742766
0,2498704
0,1247656
0,09348778
0,06230423
0,06230423
0,03138988
0,03138988
0,03138988
0,03138988
0,03138988
0
0
0
0
0
0
0
0
0
0
0
0
0
0
0
0
0
0
0
0
0
0
0
0
0
0
6,673672E-30
6,673672E-30
6,673672E-30
6,673672E-30
6,673672E-30
6,673672E-30
6,673672E-30
6,673672E-30
6,673672E-30
6,673672E-30
6,673672E-30
6,673672E-30
6,673672E-30
8,36282E-30
8,36282E-30
8,36282E-30
0,0310726
0,0626535
0,0626535
0,0626535
0,0626535
0,0626535
0,0626535
0,0626535
0,0626535
0,0626535
0,0626535
0,0626535
0,0626535
0
2,802597E-45
2,802597E-45
8,407791E-45
8,407791E-45
8,407791E-45
8,407791E-45
0,031581
0,031581
0,031581
0,031581
0,031581
0,031581
0,031581
0,06326955
0,09409716
0,09409716
0,1250112
0,1874974
0,2821362
0,3133287
0,3755815
0,4379639
0,4687689
0,5311865
0,5000372
0,5622283
0,6244235
0,5923781
0,5615503
0,5615503
0,4681017
0,3746718
0,3745222
0,3432125
0,2498704
0,1247656
0,09348778
0,06230423
0,06230423
0,03138988
0,03138988
0,03138988
0,03138988
0,03138988
0
0
0
0
0
0
0
0
0
0
0
0
0
0
0
0
0
0
0
0
0
0
0
0
0
0
6,673672E-30
6,673672E-30
6,673672E-30
6,673672E-30
6,673672E-30
6,673672E-30
6,673672E-30
6,673672E-30
6,673672E-30
6,673672E-30
6,673672E-30
6,673672E-30
6,673672E-30
8,36282E-30
8,36282E-30
8,36282E-30
0,0310726
0,0626535
0,0626535
0,0626535
0,0626535
0,0626535
0,0626535
0,0626535
0,0626535
0,0626535
0,0626535
0,0626535
0,0626535
0
2,802597E-45
2,802597E-45
2,802597E-45
2,802597E-45
2,802597E-45
2,802597E-45
0,031581
0,031581
0,031581
0,031581
0,031581
0,06273097
0,06273097
0,09441958
0,09409716
0,09409716
0,1250112
0,1874974
0,2821362
0,3133287
0,3755815
0,4379639
0,4687689
0,5311865
0,5000372
0,5622283
0,5935096
0,5614647
0,5615503
0,5615503
0,4681017
0,3433262
0,3431765
0,3432125
0,2498704
0,1247656
0,09348778
0,06230423
0,06230423
0,03138988
0,03138988
0,03138988
0,03138988
0,03138988
0
0
0
0
0
0
0
0
0
0
0
0
0
0
0
0
0
0
0
0
0
0
6,673672E-30
6,673672E-30
6,673672E-30
6,673672E-30
6,673672E-30
6,673672E-30
6,673672E-30
6,673672E-30
6,673672E-30
6,673672E-30
6,673672E-30
6,673672E-30
6,673672E-30
8,407791E-45
8,407791E-45
8,407791E-45
8,407791E-45
8,36282E-30
8,36282E-30
8,36282E-30
0,0310726
0,0626535
0,0626535
0,0626535
0,0626535
0,0626535
0,0626535
0,0626535
0,0626535
0,031581
0,031581
0,031581
0,031581
0
2,802597E-45
2,802597E-45
2,802597E-45
2,802597E-45
2,802597E-45
2,802597E-45
0,031581
0,031581
0,031581
0,031581
1,401298E-45
0,03114999
0,03114999
0,06283852
0,09409716
0,1569539
0,1878679
0,2188879
0,2821362
0,3133287
0,4067535
0,4691361
0,4687689
0,5620626
0,5309129
0,6243914
0,6247299
0,5304441
0,4992822
0,4992822
0,4990156
0,3742408
0,3431765
0,3119552
0,2186121
0,1247656
0,09348778
0,06230423
0,06230423
0,03138988
0,03138988
0,03138988
0,03138988
0,03138988
0
0
0
0
0
0
0
0
0
0
0
0
0
0
0
0
0
0
0
0
0
0
6,673672E-30
6,673672E-30
6,673672E-30
6,673672E-30
6,673672E-30
6,673672E-30
6,673672E-30
6,673672E-30
6,673672E-30
6,673672E-30
6,673672E-30
6,673672E-30
6,673672E-30
8,407791E-45
8,36282E-30
8,36282E-30
8,36282E-30
8,36282E-30
8,36282E-30
8,36282E-30
0,0310726
0,0626535
0,0626535
0,0626535
0,0626535
0,0626535
0,0626535
0,0626535
0,0626535
0,031581
0,031581
0,031581
0,031581
0
2,802597E-45
2,802597E-45
2,802597E-45
2,802597E-45
2,802597E-45
2,802597E-45
2,802597E-45
2,802597E-45
2,802597E-45
1,401298E-45
1,401298E-45
0,03114999
0,03114999
0,06283852
0,09409716
0,1569539
0,1878679
0,2188879
0,3134961
0,3446885
0,4693477
0,5003707
0,4687689
0,5305974
0,4994463
0,6557645
0,6561043
0,5304441
0,4992822
0,4992822
0,4990156
0,342887
0,3118228
0,2807026
0,1873599
0,1247656
0,09348778
0,06230423
0,06230423
0,03138988
0,03138988
0,03138988
0,03138988
0,03138988
0
0
0
0
0
0
0
0
0
0
0
0
0
0
0
0
0
0
0
0
0
0
6,673672E-30
6,673672E-30
6,673672E-30
6,673672E-30
6,673672E-30
6,673672E-30
6,673672E-30
6,673672E-30
6,673672E-30
6,673672E-30
6,673672E-30
6,673672E-30
6,673672E-30
8,407791E-45
8,36282E-30
8,36282E-30
0,0310726
0,0310726
0,0310726
0,0310726
0,0310726
0,0626535
0,0626535
0,0626535
0,0626535
0,0626535
0,0626535
0,0626535
0,0626535
0,031581
0,031581
0,031581
0,031581
0
2,802597E-45
2,802597E-45
2,802597E-45
2,802597E-45
2,802597E-45
2,802597E-45
2,802597E-45
2,802597E-45
2,802597E-45
2,802597E-45
2,802597E-45
0,03114999
0,03114999
0,06283852
0,09409716
0,1569539
0,2511162
0,2821362
0,3447434
0,3759352
0,4693477
0,4692207
0,4376191
0,4994463
0,4994463
0,6557645
0,6561043
0,5304441
0,4992822
0,4992822
0,4990156
0,342887
0,2500027
0,187662
0,1561394
0,1247656
0,09348778
0,03138988
0,03138988
0,03138988
0,03138988
0,03138988
0,03138988
0,03138988
0
0
0
0
0
0
0
0
0
0
0
0
0
0
0
0
0
0
0
0
0
0
6,673672E-30
6,673672E-30
6,673672E-30
6,673672E-30
6,673672E-30
6,673672E-30
6,673672E-30
6,673672E-30
7,006492E-45
7,006492E-45
7,006492E-45
7,006492E-45
8,36282E-30
8,36282E-30
8,36282E-30
8,36282E-30
0,0310726
0,0310726
0,0310726
0,0310726
0,0310726
0,0626535
0,0626535
0,0626535
0,0626535
0,0626535
0,0626535
0,0626535
0,0626535
0,031581
0,031581
0,031581
0,031581
0
2,802597E-45
2,802597E-45
2,802597E-45
2,802597E-45
2,802597E-45
2,802597E-45
2,802597E-45
2,802597E-45
2,802597E-45
2,802597E-45
2,802597E-45
0,03114999
0,03114999
0,06283852
0,1250112
0,1878679
0,2511162
0,2821362
0,3447434
0,3759352
0,4693477
0,4692207
0,4376191
0,4994463
0,4680565
0,5611265
0,5614647
0,5304441
0,5304653
0,4992937
0,4678432
0,342887
0,2500027
0,187662
0,1561394
0,1247656
0,09348778
0,03138988
0,03138988
0,03138988
0,03138988
0,03138988
0,03138988
0,03138988
0
0
0
0
0
0
0
0
0
0
0
0
0
0
0
0
0
0
0
0
0
0
6,673672E-30
6,673672E-30
6,673672E-30
6,673672E-30
6,673672E-30
6,673672E-30
6,673672E-30
6,673672E-30
7,006492E-45
7,006492E-45
7,006492E-45
7,006492E-45
8,36282E-30
8,36282E-30
8,36282E-30
8,36282E-30
0,0310726
0,0310726
0,0310726
0,0310726
0,0310726
0,0626535
0,0626535
0,0626535
0,0626535
0,0626535
0,0626535
0,0626535
0,0626535
0,031581
0,031581
0,031581
0,031581
0
2,802597E-45
2,802597E-45
2,802597E-45
2,802597E-45
2,802597E-45
2,802597E-45
2,802597E-45
2,802597E-45
2,802597E-45
2,802597E-45
2,802597E-45
0,03114999
0,09387515
0,1255635
0,1564776
0,1878679
0,2511162
0,2821362
0,3447434
0,3759352
0,5006933
0,5319191
0,4689726
0,4994463
0,4993085
0,5923781
0,5614647
0,5304441
0,4991065
0,4367002
0,4366088
0,342887
0,2500027
0,1562881
0,1247656
0,1247656
0,09348778
0,03138988
0,03138988
0,03138988
0,03138988
0,03138988
0,03138988
0,03138988
0
0
0
0
0
0
0
0
0
0
0
0
0
0
0
0
0
0
6,673672E-30
6,673672E-30
6,673672E-30
6,673672E-30
6,673672E-30
6,673672E-30
6,673672E-30
6,673672E-30
6,673672E-30
6,673672E-30
6,673672E-30
6,673672E-30
7,006492E-45
7,006492E-45
7,006492E-45
7,006492E-45
8,36282E-30
8,36282E-30
8,36282E-30
8,36282E-30
0,0310726
0,0310726
0,0310726
0,0310726
0,0310726
0,0626535
0,0626535
0,0626535
0,0626535
0,031581
0,031581
0,031581
0,031581
3,783506E-44
3,783506E-44
2,802597E-45
2,802597E-45
0
0
0
2,802597E-45
2,802597E-45
2,802597E-45
2,802597E-45
2,802597E-45
2,802597E-45
2,802597E-45
2,802597E-45
2,802597E-45
0,03114999
0,09387515
0,1255635
0,1564776
0,1878679
0,2511162
0,3131422
0,3757485
0,4069414
0,5006933
0,5319191
0,4689726
0,5303894
0,530251
0,5923781
0,5614949
0,5304745
0,4991065
0,4367002
0,4366088
0,342887
0,2500027
0,1562881
0,1247656
0,09358201
0,06230423
0,03138988
0,03138988
0,03138988
0,03138988
0,03138988
0,03138988
0,03138988
0
0
0
0
0
0
0
0
0
0
0
0
0
0
0
0
0
0
6,673672E-30
6,673672E-30
6,673672E-30
6,673672E-30
6,673672E-30
6,673672E-30
6,673672E-30
6,673672E-30
6,673672E-30
6,673672E-30
6,673672E-30
6,673672E-30
7,006492E-45
8,36282E-30
8,36282E-30
8,36282E-30
8,36282E-30
8,36282E-30
8,36282E-30
8,36282E-30
0,0310726
0,0310726
0,0310726
0,0310726
0,0310726
0,0626535
0,0626535
0,0626535
0,0626535
0,031581
0,031581
0,031581
0,031581
3,783506E-44
3,783506E-44
2,802597E-45
2,802597E-45
0
0
0
2,802597E-45
2,802597E-45
2,802597E-45
2,802597E-45
2,802597E-45
2,802597E-45
2,802597E-45
2,802597E-45
2,802597E-45
0,03114999
0,09387515
0,1255635
0,1564776
0,1878679
0,2511162
0,3131422
0,3757485
0,4069414
0,5006933
0,5627967
0,499849
0,4994765
0,4993384
0,5614647
0,5614949
0,5304745
0,4991065
0,3740018
0,3429668
0,2806913
0,2187504
0,1562881
0,1247656
0,09358201
0,06230423
0,03138988
0,03138988
0,03138988
0,03138988
0,03138988
0,03138988
0,03138988
0
0
0
0
0
0
0
0
0
0
0
0
0
0
0
0
0
0
6,673672E-30
6,673672E-30
6,673672E-30
6,673672E-30
6,673672E-30
6,673672E-30
6,673672E-30
6,673672E-30
6,673672E-30
6,673672E-30
1,503647E-29
1,503647E-29
8,36282E-30
8,36282E-30
8,36282E-30
8,36282E-30
0,0310726
0,0310726
0,0310726
0,0310726
0,0310726
0,0626535
0,0626535
0,0626535
0,0626535
0,0626535
0,0626535
0,0626535
0,0626535
0,031581
0,031581
0,031581
0,031581
2,802597E-45
2,802597E-45
2,802597E-45
2,802597E-45
0
0
0
2,802597E-45
2,802597E-45
2,802597E-45
2,802597E-45
2,802597E-45
2,802597E-45
2,802597E-45
2,802597E-45
2,802597E-45
0,03114999
0,09387515
0,1255635
0,1564776
0,1878679
0,2823639
0,3443891
0,3757485
0,4069414
0,469434
0,5000716
0,4683825
0,4994765
0,4993384
0,5614647
0,5614949
0,5304745
0,4991065
0,3740018
0,3429668
0,2806913
0,2187504
0,1562881
0,1247656
0,09358201
0,06230423
0,03138988
0,03138988
0,03138988
0,03138988
0,03138988
0,03138988
0,03138988
0
0
0
0
0
0
0
0
0
0
0
0
0
0
6,673672E-30
6,673672E-30
6,673672E-30
6,673672E-30
6,673672E-30
6,673672E-30
6,673672E-30
6,673672E-30
6,673672E-30
6,673672E-30
6,673672E-30
6,673672E-30
2,802597E-45
2,802597E-45
8,36282E-30
8,36282E-30
8,36282E-30
8,36282E-30
8,36282E-30
8,36282E-30
0,0310726
0,0310726
0,0310726
0,0310726
0,0310726
0,0626535
0,0626535
0,0626535
0,0626535
0,0626535
0,0626535
0,0626535
0,0626535
0,031581
0,031581
0,031581
0,031581
2,802597E-45
2,802597E-45
2,802597E-45
2,802597E-45
0
0
0
0
0
2,802597E-45
2,802597E-45
2,802597E-45
2,802597E-45
2,802597E-45
2,802597E-45
2,802597E-45
0,03114999
0,09387515
0,1255635
0,1564776
0,1878679
0,3137237
0,3757485
0,3757485
0,4069414
0,469434
0,5000716
0,4683825
0,5621074
0,5619692
0,5614647
0,5614949
0,4994699
0,4681017
0,342996
0,3429668
0,3120813
0,2501402
0,1562881
0,09348778
0,06230423
0,06230423
0,03138988
0,03138988
0,03138988
0,03138988
0,03138988
0,03138988
0,03138988
0
0
0
0
0
0
0
0
0
0
6,673672E-30
6,673672E-30
6,673672E-30
6,673672E-30
6,673672E-30
6,673672E-30
6,673672E-30
6,673672E-30
6,673672E-30
6,673672E-30
6,673672E-30
6,673672E-30
0
0
0
8,36282E-30
8,36282E-30
8,36282E-30
8,36282E-30
8,36282E-30
8,36282E-30
8,36282E-30
8,36282E-30
8,36282E-30
0,0310726
0,0310726
0,0310726
0,0310726
0,0310726
0,0626535
0,0626535
0,0626535
0,031581
0,031581
0,031581
0,031581
0,031581
0,031581
0,031581
0,031581
0,031581
2,802597E-45
2,802597E-45
2,802597E-45
2,802597E-45
0
0
0
1,401298E-45
1,401298E-45
2,802597E-45
2,802597E-45
2,802597E-45
2,802597E-45
2,802597E-45
2,802597E-45
2,802597E-45
0,03114999
0,09387515
0,1255635
0,1564776
0,1878679
0,3137237
0,3757485
0,4381553
0,5007011
0,5007888
0,5310153
0,4993263
0,5621074
0,5619692
0,5614647
0,5926784
0,5306544
0,4990156
0,3739099
0,3120899
0,2498306
0,2187662
0,1562881
0,09348778
0,06230423
0,06230423
0,03138988
0,03138988
0,03138988
0,03138988
0,03138988
0,03138988
0,03138988
0
0
0
0
0
0
0
0
0
0
6,673672E-30
6,673672E-30
6,673672E-30
6,673672E-30
6,673672E-30
6,673672E-30
6,673672E-30
6,673672E-30
6,673672E-30
6,673672E-30
6,673672E-30
6,673672E-30
2,802597E-45
2,802597E-45
2,802597E-45
8,36282E-30
8,36282E-30
8,36282E-30
8,36282E-30
8,36282E-30
8,36282E-30
8,36282E-30
8,36282E-30
8,36282E-30
0,0310726
0,0310726
0,0310726
0,0310726
0,0310726
0,0626535
0,0626535
0,0626535
0,031581
0,031581
0,031581
0,031581
0,031581
0,031581
0,031581
0,031581
0,031581
2,802597E-45
2,802597E-45
2,802597E-45
2,802597E-45
0
0
0
1,401298E-45
1,401298E-45
2,802597E-45
2,802597E-45
2,802597E-45
2,802597E-45
2,802597E-45
2,802597E-45
2,802597E-45
0,03114999
0,09387515
0,2202027
0,2511162
0,2511162
0,3137237
0,3757485
0,4381553
0,5007011
0,5007888
0,5310153
0,4993263
0,5621074
0,5307236
0,5302162
0,5926784
0,5306544
0,4990156
0,3739099
0,3120899
0,2498306
0,2187662
0,1562881
0,09348778
0,03138988
0,03138988
0,03138988
0,03138988
0,03138988
0,03138988
0,03138988
0,03138988
0,03138988
0
0
0
0
0
0
0
0
0
0
6,673672E-30
6,673672E-30
6,673672E-30
6,673672E-30
6,673672E-30
6,673672E-30
6,673672E-30
6,673672E-30
2,802597E-45
2,802597E-45
2,802597E-45
2,802597E-45
2,802597E-45
8,36282E-30
8,36282E-30
8,36282E-30
8,36282E-30
8,36282E-30
8,36282E-30
0,0310726
0,0310726
0,0310726
0,0310726
0,0310726
0,0310726
0,0310726
0,0310726
0,0310726
0,0310726
0,0626535
0,0626535
0,0626535
0,031581
0,031581
0,031581
0,031581
0,031581
3,783506E-44
3,783506E-44
3,783506E-44
2,802597E-45
2,802597E-45
2,802597E-45
2,802597E-45
2,802597E-45
0
0
0
1,401298E-45
1,401298E-45
1,401298E-45
1,401298E-45
1,401298E-45
2,802597E-45
2,802597E-45
0,03114999
0,06261644
0,06261644
0,09387515
0,2202027
0,2511162
0,282122
0,3447293
0,3757485
0,4695006
0,5320462
0,5007888
0,5310153
0,4993263
0,5936302
0,562246
0,5302162
0,5613177
0,4680597
0,4368377
0,3429668
0,3120899
0,2185727
0,1875086
0,1562881
0,06230423
0,03138988
0,03138988
0,03138988
0,03138988
0,03138988
0,03138988
0
0
0
0
0
0
0
0
0
0
0
0
0
6,673672E-30
6,673672E-30
6,673672E-30
6,673672E-30
6,673672E-30
6,673672E-30
6,673672E-30
6,673672E-30
2,802597E-45
2,802597E-45
8,36282E-30
8,36282E-30
8,36282E-30
8,36282E-30
8,36282E-30
8,36282E-30
8,36282E-30
8,36282E-30
8,36282E-30
0,0310726
0,0310726
0,0310726
0,0310726
0,0310726
0,0310726
0,0310726
0,0310726
0,0310726
3,783506E-44
0,031581
0,031581
0,031581
0,031581
0,031581
0,031581
0,031581
0,031581
3,783506E-44
2,802597E-45
2,802597E-45
2,802597E-45
2,802597E-45
2,802597E-45
2,802597E-45
2,802597E-45
0
0
0
1,401298E-45
1,401298E-45
1,401298E-45
1,401298E-45
1,401298E-45
2,802597E-45
2,802597E-45
0,03114999
0,06261644
0,06261644
0,09387515
0,2202027
0,2511162
0,282122
0,3447293
0,3757485
0,4695006
0,5320462
0,5007888
0,5310153
0,499188
0,5934926
0,562246
0,5302162
0,5613177
0,4055333
0,3743121
0,3429668
0,3120899
0,2185727
0,1875086
0,1562881
0,06230423
0,03138988
0,03138988
0,03138988
0,03138988
0,03138988
0,03138988
0
0
0
0
0
0
0
0
6,673672E-30
6,673672E-30
6,673672E-30
6,673672E-30
6,673672E-30
6,673672E-30
6,673672E-30
6,673672E-30
6,673672E-30
6,673672E-30
6,673672E-30
6,673672E-30
6,673672E-30
2,802597E-45
2,802597E-45
8,36282E-30
8,36282E-30
8,36282E-30
8,36282E-30
8,36282E-30
8,36282E-30
8,36282E-30
8,36282E-30
8,36282E-30
0,0310726
0,0310726
0,0310726
0,0310726
0,0310726
0,0310726
0,0626535
0,0626535
0,0626535
0,031581
0,031581
0,031581
0,031581
0,031581
0,031581
0,031581
0,031581
0,031581
2,802597E-45
2,802597E-45
2,802597E-45
2,802597E-45
2,802597E-45
2,802597E-45
2,802597E-45
2,802597E-45
0
0
0
1,401298E-45
1,401298E-45
1,401298E-45
1,401298E-45
1,401298E-45
1,401298E-45
1,401298E-45
0,03114999
0,06261644
0,09430498
0,1255635
0,2202027
0,2823639
0,3133698
0,3447293
0,3757485
0,4695006
0,5008978
0,4696382
0,5623887
0,5305624
0,5302434
0,4989963
0,5302162
0,5613177
0,3741879
0,3429668
0,3429668
0,3120899
0,2185727
0,1559859
0,1247656
0,06230423
0,03138988
0,03138988
0,03138988
0,03138988
0,03138988
0,03138988
0
0
0
0
6,673672E-30
6,673672E-30
6,673672E-30
6,673672E-30
6,673672E-30
6,673672E-30
6,673672E-30
6,673672E-30
6,673672E-30
6,673672E-30
6,673672E-30
6,673672E-30
6,673672E-30
2,802597E-45
2,802597E-45
2,802597E-45
8,36282E-30
8,36282E-30
8,36282E-30
8,36282E-30
0,0310726
0,0310726
0,0310726
0,0310726
0,0310726
0,0310726
0,0310726
0,0310726
0,0310726
0,0310726
0,0310726
0,0310726
0,0310726
0,0310726
0,0626535
0,0626535
0,0626535
0,031581
0,031581
0,031581
0,031581
0,031581
3,783506E-44
3,783506E-44
3,783506E-44
2,802597E-45
2,802597E-45
2,802597E-45
2,802597E-45
2,802597E-45
2,802597E-45
2,802597E-45
2,802597E-45
2,802597E-45
0
0
0
1,401298E-45
1,401298E-45
1,401298E-45
1,401298E-45
1,401298E-45
1,401298E-45
1,401298E-45
0,03114999
0,06261644
0,09430498
0,1255635
0,2202027
0,3137237
0,3759628
0,3759628
0,4695286
0,5320462
0,5003725
0,4691148
0,5934525
0,561626
0,5302434
0,4989963
0,5303938
0,5303129
0,3741879
0,3429668
0,3117143
0,2808375
0,2185727
0,1559859
0,1247656
0,06230423
0,03138988
0,03138988
0,03138988
0,03138988
0,03138988
0,03138988
0
0
0
0
6,673672E-30
6,673672E-30
6,673672E-30
6,673672E-30
6,673672E-30
6,673672E-30
6,673672E-30
6,673672E-30
6,673672E-30
6,673672E-30
6,673672E-30
1,503647E-29
1,503647E-29
8,36282E-30
8,36282E-30
8,36282E-30
8,36282E-30
8,36282E-30
8,36282E-30
8,36282E-30
0,0310726
0,0310726
0,0310726
0,0310726
0,0310726
0,0310726
0,0310726
0,0310726
0,0310726
0,0310726
0,0310726
0,0310726
0,0310726
0,0310726
0,0626535
0,0626535
0,0626535
0,031581
0,031581
0,031581
0,031581
0,031581
2,802597E-45
2,802597E-45
2,802597E-45
2,802597E-45
2,802597E-45
2,802597E-45
2,802597E-45
2,802597E-45
2,802597E-45
2,802597E-45
2,802597E-45
2,802597E-45
0
1,401298E-45
1,401298E-45
1,401298E-45
1,401298E-45
1,401298E-45
1,401298E-45
1,401298E-45
1,401298E-45
1,401298E-45
0,03114999
0,06261644
0,09430498
0,1255635
0,2202027
0,3137237
0,4069832
0,4069832
0,4695286
0,5320462
0,531251
0,4999924
0,5934525
0,561626
0,5301048
0,4988579
0,4990353
0,5300354
0,3739099
0,3429668
0,3117143
0,2808375
0,2185727
0,1559859
0,1247656
0,09358201
0,06266765
0,06266765
0,06266765
0,06266765
0,06266765
0,06266765
0,03127782
0,03127782
0,03127782
0,03127782
0,03127782
6,673672E-30
6,673672E-30
6,673672E-30
6,673672E-30
6,673672E-30
6,673672E-30
6,673672E-30
6,673672E-30
0
0
8,36282E-30
8,36282E-30
8,36282E-30
8,36282E-30
8,36282E-30
8,36282E-30
8,36282E-30
8,36282E-30
8,36282E-30
0,0310726
0,0310726
0,0310726
0,0310726
0,0310726
0,0310726
0,0310726
0,0310726
0,0310726
0,0310726
0,0310726
0,0626535
0,0626535
0,031581
0,031581
0,031581
0,031581
0,031581
0,031581
0,031581
0,031581
0,031581
2,802597E-45
2,802597E-45
2,802597E-45
2,802597E-45
2,802597E-45
2,802597E-45
2,802597E-45
2,802597E-45
2,802597E-45
2,802597E-45
2,802597E-45
2,802597E-45
0
1,401298E-45
1,401298E-45
1,401298E-45
1,401298E-45
1,401298E-45
1,401298E-45
1,401298E-45
1,401298E-45
1,401298E-45
0,03114999
0,06261644
0,09430498
0,1255635
0,2202027
0,3137237
0,4383276
0,4383276
0,5008752
0,5320462
0,531251
0,4683034
0,5930217
0,5616378
0,4988579
0,4988579
0,4990353
0,4990917
0,3429668
0,3429668
0,2803396
0,2494635
0,2185727
0,1248024
0,09358201
0,09358201
0,06266765
0,06266765
0,06266765
0,06266765
0,06266765
0,06266765
0,03127782
0,03127782
0,03127782
0,03127782
0,03127782
6,673672E-30
6,673672E-30
6,673672E-30
6,673672E-30
6,673672E-30
6,673672E-30
6,673672E-30
1,503647E-29
8,36282E-30
8,36282E-30
8,36282E-30
8,36282E-30
8,36282E-30
8,36282E-30
8,36282E-30
8,36282E-30
8,36282E-30
8,36282E-30
8,36282E-30
0,0310726
0,0310726
0,0310726
0,0310726
0,0310726
0,0310726
0,0310726
0,0626535
0,0626535
0,0626535
0,0626535
0,0626535
0,0626535
0,031581
0,031581
0,031581
0,031581
0,031581
3,783506E-44
3,783506E-44
2,802597E-45
2,802597E-45
2,802597E-45
2,802597E-45
2,802597E-45
2,802597E-45
2,802597E-45
2,802597E-45
2,802597E-45
2,802597E-45
2,802597E-45
2,802597E-45
2,802597E-45
2,802597E-45
0
1,401298E-45
1,401298E-45
1,401298E-45
1,401298E-45
1,401298E-45
1,401298E-45
1,401298E-45
1,401298E-45
0,0314665
0,06261644
0,09387515
0,1255635
0,1255635
0,2202027
0,3137237
0,4383276
0,4383276
0,5008752
0,5320462
0,531251
0,4995552
0,6242746
0,5616378
0,4988579
0,4676236
0,4364475
0,4365044
0,3429668
0,3429668
0,2803396
0,2183994
0,1562881
0,09358201
0,09358201
0,09358201
0,06266765
0,06266765
0,06266765
0,06266765
0,06266765
0,06266765
0,03127782
0,03127782
0,03127782
0,03127782
0,03127782
0,03127782
0,03127782
0,03127782
0,03127782
0
8,36282E-30
8,36282E-30
8,36282E-30
8,36282E-30
8,36282E-30
8,36282E-30
8,36282E-30
8,36282E-30
8,36282E-30
0,0310726
0,0310726
0,0310726
0,0310726
0,0310726
0,0310726
0,0310726
0,0310726
0,0310726
0,0310726
0,0310726
0,0310726
0,0626535
0,031581
0,031581
0,031581
0,031581
0,031581
0,031581
0,031581
0,031581
0,031581
0,031581
2,802597E-45
2,802597E-45
2,802597E-45
2,802597E-45
2,802597E-45
2,802597E-45
2,802597E-45
2,802597E-45
2,802597E-45
2,802597E-45
2,802597E-45
2,802597E-45
2,802597E-45
2,802597E-45
2,802597E-45
2,802597E-45
0
1,401298E-45
1,401298E-45
1,401298E-45
1,401298E-45
1,401298E-45
1,401298E-45
1,401298E-45
1,401298E-45
0,0314665
0,06261644
0,09387515
0,2515623
0,2825672
0,2825672
0,3447293
0,4383276
0,4695006
0,5320462
0,5007888
0,4999924
0,4995552
0,6242746
0,5616378
0,5302162
0,498982
0,4367877
0,4368437
0,3743264
0,3434497
0,2808238
0,2497588
0,1876475
0,1249417
0,1249417
0,09402725
0,09402725
0,09402725
0,09402725
0,09402725
0,09402725
0,09402725
0,06263745
0,06263745
0,06263745
0,06263745
0,06263745
0,06263745
0,06263745
0,06263745
0,06263745
0,06263745
0,06263745
0,06263745
0,03135966
0,03135966
0,03135966
1,503647E-29
1,503647E-29
1,503647E-29
1,503647E-29
0,0310726
0,0310726
0,0310726
0,0310726
0,0310726
0,0310726
0,0310726
0,0310726
0,0310726
3,783506E-44
3,783506E-44
3,783506E-44
0,031581
0,031581
0,031581
0,031581
0,031581
0,031581
0,031581
8,407791E-45
8,407791E-45
2,802597E-45
2,802597E-45
2,802597E-45
2,802597E-45
2,802597E-45
2,802597E-45
2,802597E-45
2,802597E-45
2,802597E-45
2,802597E-45
2,802597E-45
2,802597E-45
2,802597E-45
2,802597E-45
2,802597E-45
2,802597E-45
2,802597E-45
2,802597E-45
0
1,401298E-45
1,401298E-45
1,401298E-45
1,401298E-45
1,401298E-45
1,401298E-45
1,401298E-45
1,401298E-45
0,0314665
0,06261644
0,09387515
0,2515623
0,2825672
0,2825672
0,3447293
0,4383276
0,4695006
0,5629904
0,531733
0,5313649
0,5309291
0,6242746
0,5930274
0,5927919
0,5302118
0,4368325
0,4368886
0,4057165
0,3748399
0,280956
0,2498916
0,2190382
0,156332
0,156332
0,1254176
0,1254176
0,1254176
0,1254176
0,1254176
0,1254176
0,1254176
0,0940277
0,0940277
0,0940277
0,0940277
0,0940277
0,0940277
0,0940277
0,0940277
0,0940277
0,0940277
0,0940277
0,06263745
0,03135966
0,03135966
0,03135966
0,03135966
0,03135966
0,03135966
0,03135966
0,06243226
0,0310726
0,0310726
0,0310726
0,0310726
0,0310726
0,0310726
0,0310726
0,0626535
0,031581
0,031581
0,031581
0,031581
0,031581
0,031581
0,031581
0,031581
0,031581
0,031581
8,407791E-45
8,407791E-45
2,802597E-45
2,802597E-45
2,802597E-45
2,802597E-45
2,802597E-45
2,802597E-45
2,802597E-45
2,802597E-45
2,802597E-45
2,802597E-45
2,802597E-45
2,802597E-45
2,802597E-45
2,802597E-45
2,802597E-45
2,802597E-45
2,802597E-45
2,802597E-45
0
1,401298E-45
1,401298E-45
1,401298E-45
1,401298E-45
1,401298E-45
1,401298E-45
1,401298E-45
1,401298E-45
0,0314665
0,06261644
0,09387515
0,2515623
0,2825672
0,2825672
0,3447293
0,4696819
0,5008556
0,5315238
0,5002655
0,5313649
0,5309291
0,6554961
0,5932426
0,5617857
0,4992052
0,4368325
0,4368886
0,3744642
0,3749772
0,3123459
0,2812817
0,2502959
0,2191124
0,2191124
0,1881979
0,1881979
0,1881979
0,1566753
0,1566753
0,1566753
0,1566753
0,1252856
0,1252856
0,1252856
0,1252856
0,0940277
0,0940277
0,0940277
0,0940277
0,0940277
0,0940277
0,0940277
0,06263745
0,06263745
0,06263745
0,06263745
0,09371011
0,06243226
0,06243226
0,06243226
0,06243226
0,0310726
0,0310726
0,0310726
0,0310726
0,0310726
0,0310726
0,0310726
0,0626535
0,031581
0,031581
0,031581
0,031581
0,031581
0,031581
0,031581
0,031581
0,031581
0,031581
2,802597E-45
2,802597E-45
2,802597E-45
2,802597E-45
2,802597E-45
2,802597E-45
2,802597E-45
2,802597E-45
2,802597E-45
2,802597E-45
2,802597E-45
2,802597E-45
2,802597E-45
2,802597E-45
2,802597E-45
2,802597E-45
2,802597E-45
2,802597E-45
2,802597E-45
2,802597E-45
0
1,401298E-45
1,401298E-45
1,401298E-45
1,401298E-45
1,401298E-45
1,401298E-45
1,401298E-45
1,401298E-45
0,0314665
0,06261644
0,09387515
0,2515623
0,2825672
0,2825672
0,3447293
0,5008752
0,5320462
0,5315238
0,5002655
0,5313649
0,4676804
0,5922462
0,5609993
0,5927919
0,5611265
0,4678089
0,4678944
0,4366421
0,4371552
0,3745238
0,3122759
0,2812904
0,2812904
0,2812904
0,2190981
0,2190981
0,2190981
0,1875755
0,1875755
0,1875755
0,1875755
0,156186
0,156186
0,156186
0,1874635
0,1562058
0,1562058
0,1562058
0,1562058
0,1562058
0,1562058
0,1562058
0,1562058
0,1562058
0,1562058
0,1562058
0,1562727
0,1562727
0,1562727
0,124995
0,09382262
0,06243226
0,06243226
0,06243226
0,09401322
0,09401322
0,09401322
0,09401322
0,0626535
0,031581
0,031581
0,031581
0,031581
0,031581
0,031581
0,031581
8,407791E-45
2,802597E-45
2,802597E-45
2,802597E-45
2,802597E-45
2,802597E-45
2,802597E-45
2,802597E-45
2,802597E-45
2,802597E-45
2,802597E-45
2,802597E-45
2,802597E-45
2,802597E-45
2,802597E-45
2,802597E-45
2,802597E-45
2,802597E-45
2,802597E-45
2,802597E-45
2,802597E-45
2,802597E-45
2,802597E-45
0
1,401298E-45
1,401298E-45
1,401298E-45
1,401298E-45
1,401298E-45
1,401298E-45
1,401298E-45
0,03114999
0,06261644
0,06261644
0,09387515
0,2202027
0,2512081
0,2825536
0,376074
0,5008752
0,5320462
0,5315238
0,5002655
0,5313649
0,4676804
0,5922462
0,5609993
0,5614373
0,5297715
0,4678089
0,4990859
0,4364608
0,4369737
0,4057531
0,3435061
0,3124828
0,3124828
0,3124828
0,2815377
0,3127898
0,3127898
0,3127898
0,3127898
0,3127898
0,3127898
0,2814001
0,2814001
0,3124725
0,3437503
0,3437503
0,3437503
0,3437503
0,3437503
0,3437503
0,3437503
0,3122278
0,3122278
0,2810355
0,2810355
0,2497834
0,1875197
0,1562727
0,1562727
0,124995
0,1254036
0,1254036
0,1254036
0,1254036
0,1254036
0,1254036
0,1254036
0,1254036
0,09401322
0,09401322
0,09401322
0,09401322
0,06243226
0,0310726
0,0310726
0,0310726
0,0310726
0,0310726
6,673672E-30
2,802597E-45
2,802597E-45
2,802597E-45
2,802597E-45
2,802597E-45
0
2,802597E-45
2,802597E-45
2,802597E-45
2,802597E-45
2,802597E-45
2,802597E-45
2,802597E-45
2,802597E-45
2,802597E-45
2,802597E-45
2,802597E-45
2,802597E-45
2,802597E-45
2,802597E-45
0
1,401298E-45
1,401298E-45
1,401298E-45
1,401298E-45
1,401298E-45
1,401298E-45
1,401298E-45
0,03114999
0,06261644
0,06261644
0,09387515
0,2202027
0,2512081
0,3137875
0,4073083
0,5008752
0,5320462
0,5623998
0,5311422
0,5313649
0,4676804
0,6234296
0,6543436
0,5920777
0,560842
0,5613444
0,5926231
0,5613701
0,5618842
0,530664
0,4684156
0,4373924
0,4373924
0,4373924
0,4061147
0,4373673
0,4373673
0,4373673
0,4373673
0,4373673
0,4060216
0,4060216
0,375078
0,4061508
0,4061508
0,4061508
0,4061508
0,4061508
0,4374287
0,4374287
0,4374287
0,4374287
0,4060385
0,3434725
0,3434725
0,3122202
0,2813058
0,2813058
0,2813058
0,2813058
0,3128863
0,2816089
0,2503515
0,2191041
0,2191041
0,2191041
0,2191041
0,2191041
0,1255358
0,09401322
0,09401322
0,09401322
0,06243226
0,0310726
0,0310726
0,0310726
0,0310726
0,0310726
1,503647E-29
1,503647E-29
6,673672E-30
6,673672E-30
6,673672E-30
0
0
2,802597E-45
2,802597E-45
2,802597E-45
2,802597E-45
2,802597E-45
2,802597E-45
2,802597E-45
2,802597E-45
2,802597E-45
2,802597E-45
2,802597E-45
2,802597E-45
2,802597E-45
2,802597E-45
0
1,401298E-45
1,401298E-45
1,401298E-45
1,401298E-45
1,401298E-45
1,401298E-45
1,401298E-45
0,03114999
0,06261644
0,06261644
0,09387515
0,1888121
0,1888121
0,2827818
0,3449433
0,4695145
0,469537
0,5313558
0,5000989
0,5624956
0,498811
0,6235361
0,6544503
0,5607164
0,5294828
0,4984628
0,4984628
0,529986
0,561776
0,5305553
0,4683084
0,4372852
0,4372852
0,4686389
0,4373614
0,4373614
0,4373614
0,4373614
0,4684339
0,4684339
0,4684339
0,4684339
0,4684339
0,4684339
0,4684339
0,4684339
0,4684339
0,4684339
0,4684339
0,4370881
0,4370881
0,4374222
0,4060328
0,3746586
0,4060182
0,4060182
0,4066851
0,4066851
0,4066851
0,3441385
0,3441385
0,3128612
0,3128612
0,2503622
0,2503622
0,2503622
0,2191041
0,2191041
0,1875232
0,1875232
0,1875232
0,1875232
0,1249603
0,1249603
0,06243226
0,06243226
0,0310726
0,0310726
0,0310726
0,0310726
0,0310726
0,0310726
6,673672E-30
3,783506E-44
3,783506E-44
0
0
2,802597E-45
2,802597E-45
2,802597E-45
2,802597E-45
2,802597E-45
2,802597E-45
2,802597E-45
2,802597E-45
2,802597E-45
2,802597E-45
2,802597E-45
2,802597E-45
0
1,401298E-45
1,401298E-45
1,401298E-45
1,401298E-45
1,401298E-45
1,401298E-45
1,401298E-45
0,03114999
0,06261644
0,06261644
0,09387515
0,1888121
0,1888121
0,2825834
0,3447453
0,4381242
0,4381465
0,4999673
0,4999603
0,5623578
0,5306693
0,655394
0,6863088
0,5925746
0,5613397
0,5926955
0,5926955
0,6242185
0,6868849
0,6868849
0,6246362
0,5936126
0,5936126
0,5625943
0,5313169
0,5313169
0,5313169
0,5313169
0,5623885
0,5623885
0,5623885
0,5311688
0,5311688
0,5311688
0,4679193
0,4679193
0,4679193
0,4679193
0,4679193
0,4056982
0,4056982
0,4369759
0,468366
0,468366
0,468366
0,468366
0,499948
0,4690036
0,4690036
0,5003638
0,5003638
0,4377115
0,4377115
0,4377115
0,3440238
0,3126698
0,2814125
0,2501652
0,218913
0,218913
0,1875232
0,1875232
0,1563508
0,1563508
0,09382262
0,09382262
0,09382262
0,06243226
0,0310726
0,0310726
0,0310726
0,0310726
1,503647E-29
6,673672E-30
6,673672E-30
6,673672E-30
6,673672E-30
2,802597E-45
2,802597E-45
2,802597E-45
2,802597E-45
2,802597E-45
2,802597E-45
2,802597E-45
2,802597E-45
2,802597E-45
2,802597E-45
2,802597E-45
2,802597E-45
0
1,401298E-45
1,401298E-45
1,401298E-45
1,401298E-45
1,401298E-45
1,401298E-45
0,0314665
0,06261644
0,09430498
0,09430498
0,1255635
0,1888121
0,1888121
0,2513914
0,3135526
0,4380623
0,4069124
0,4691629
0,5315874
0,5938689
0,5931857
0,6866525
0,6863337
0,6863337
0,6863337
0,6863337
0,6863337
0,6863337
0,6556267
0,6556267
0,6866968
0,6866968
0,6866968
0,6866968
0,7182219
0,6869637
0,6869637
0,6869637
0,6869637
0,6554984
0,6554984
0,6554984
0,6554984
0,6244322
0,6244322
0,6556898
0,6556898
0,6244702
0,6556526
0,6872349
0,6872349
0,6872349
0,6872349
0,6563048
0,6250461
0,6250461
0,5939756
0,5939756
0,5317528
0,5317528
0,4685041
0,4379313
0,4379313
0,4066531
0,375072
0,375072
0,406432
0,3750578
0,3126078
0,2814125
0,2814125
0,2501652
0,218913
0,218913
0,1877404
0,1877404
0,1877404
0,1877404
0,124828
0,06243226
0,0310726
0,0310726
0,0310726
0,0310726
0,0310726
0,0310726
6,673672E-30
6,673672E-30
6,673672E-30
6,673672E-30
6,673672E-30
2,802597E-45
2,802597E-45
2,802597E-45
2,802597E-45
2,802597E-45
2,802597E-45
2,802597E-45
2,802597E-45
0
1,401298E-45
1,401298E-45
1,401298E-45
1,401298E-45
1,401298E-45
1,401298E-45
0,0314665
0,06261644
0,09430498
0,1575537
0,1888121
0,2201577
0,2201577
0,2513914
0,3135526
0,4380623
0,4380623
0,500313
0,5315644
0,6562493
0,6245604
0,6556252
0,6243908
0,6243908
0,6553044
0,6863779
0,6863779
0,6863779
0,6556695
0,6244127
0,6244127
0,6244127
0,6244127
0,6244127
0,6555969
0,6555969
0,6555969
0,6555969
0,6243495
0,6243495
0,6243495
0,6243495
0,6243495
0,6243495
0,6243495
0,6243495
0,6243495
0,6243495
0,6558716
0,6249223
0,5937725
0,5937725
0,5626982
0,562756
0,5940158
0,6252623
0,6562678
0,6562678
0,6251592
0,6251592
0,6251592
0,594585
0,5325254
0,5011793
0,4695981
0,4383209
0,4696806
0,406432
0,3752398
0,3438858
0,3438858
0,312512
0,2500017
0,2190873
0,2190873
0,1878402
0,1878402
0,1566679
0,1563508
0,1249603
0,0936007
0,06207816
0,06207816
0,06207816
0,0310726
0,0310726
6,673672E-30
6,673672E-30
6,673672E-30
6,673672E-30
6,673672E-30
3,783506E-44
2,802597E-45
2,802597E-45
2,802597E-45
2,802597E-45
2,802597E-45
2,802597E-45
2,802597E-45
0
1,401298E-45
1,401298E-45
1,401298E-45
1,401298E-45
1,401298E-45
1,401298E-45
0,0314665
0,06261644
0,09430498
0,1575537
0,1888121
0,2201577
0,2201577
0,2513914
0,3135526
0,3449065
0,3449065
0,4377465
0,4689991
0,6250567
0,6250567
0,6561226
0,6248878
0,6248878
0,5936394
0,5937699
0,5937699
0,5623948
0,5937847
0,5625265
0,5625265
0,5625265
0,5625265
0,5625265
0,5625265
0,5625265
0,5625265
0,5941091
0,5628567
0,5628567
0,5628871
0,5628871
0,5628871
0,5628871
0,5628871
0,5311967
0,5311967
0,5311967
0,5627195
0,5001894
0,4690392
0,5316048
0,5005317
0,5630642
0,625235
0,625235
0,6562415
0,6250203
0,5939118
0,5939118
0,5939118
0,6251592
0,6251592
0,5938128
0,5938128
0,5629819
0,5319625
0,5007784
0,5321377
0,5012595
0,5012595
0,4068204
0,3439817
0,312628
0,281376
0,2190873
0,2190873
0,1566679
0,1877404
0,1877404
0,1877404
0,1248275
0,1248275
0,06207816
0,0310726
0,0310726
1,503647E-29
1,503647E-29
6,673672E-30
6,673672E-30
6,673672E-30
6,673672E-30
6,673672E-30
6,673672E-30
6,673672E-30
2,802597E-45
2,802597E-45
2,802597E-45
2,802597E-45
0
1,401298E-45
1,401298E-45
1,401298E-45
1,401298E-45
0,03114999
0,03114999
0,06261644
0,06261644
0,1255635
0,1888121
0,1888121
0,2201577
0,2201577
0,2513914
0,3135526
0,3449065
0,3449065
0,375783
0,375783
0,5005847
0,5628563
0,656251
0,6878317
0,6878317
0,6565847
0,6565847
0,6565847
0,5627018
0,5940907
0,562745
0,562745
0,562745
0,562745
0,562745
0,562745
0,531392
0,531392
0,531392
0,531502
0,531502
0,531502
0,531502
0,531502
0,531502
0,531502
0,531502
0,531502
0,531502
0,531502
0,531502
0,5624447
0,5938202
0,5001459
0,5001459
0,4999952
0,5312737
0,4998068
0,4997779
0,4997779
0,5311329
0,56239
0,6248884
0,5936304
0,5626076
0,5626076
0,5001115
0,5622901
0,5313522
0,5313522
0,469531
0,5009223
0,4380131
0,4380131
0,4380131
0,4067549
0,2819205
0,2506683
0,2194212
0,2504942
0,1877404
0,1877404
0,1563502
0,1563502
0,0936007
0,0936007
0,06207816
0,0310726
0,0310726
0,0310726
0,0310726
0,0310726
6,673672E-30
6,673672E-30
6,673672E-30
6,673672E-30
2,802597E-45
2,802597E-45
2,802597E-45
2,802597E-45
0
1,401298E-45
1,401298E-45
1,401298E-45
1,401298E-45
0,03114999
0,03114999
0,03114999
0,03114999
0,1255635
0,1255635
0,1255635
0,1888121
0,1888121
0,2513914
0,3135526
0,3449065
0,3449065
0,375783
0,375783
0,4065229
0,3742947
0,4680533
0,4370427
0,4681064
0,4681064
0,4681064
0,4681064
0,4681064
0,4681064
0,4055326
0,3746556
0,4060454
0,4060454
0,4060454
0,4060454
0,4060454
0,4060454
0,4060454
0,4060454
0,4058765
0,4058765
0,4691249
0,4691249
0,4691249
0,4691249
0,4691249
0,4691249
0,500113
0,500113
0,531502
0,531502
0,531502
0,437827
0,437827
0,437827
0,4687713
0,4687713
0,5312419
0,5001769
0,5315505
0,5000842
0,4688643
0,4997779
0,5001088
0,5001083
0,5313562
0,5626076
0,5313295
0,5311573
0,5311573
0,5625464
0,5942311
0,5942311
0,5324122
0,5324122
0,4700692
0,3755687
0,3446537
0,344469
0,218913
0,218913
0,1563502
0,1563502
0,1249905
0,1249905
0,1249905
0,06259505
0,06259505
0,0310726
0,0310726
0,0310726
6,673672E-30
6,673672E-30
6,673672E-30
6,673672E-30
2,802597E-45
2,802597E-45
2,802597E-45
2,802597E-45
0
1,401298E-45
1,401298E-45
1,401298E-45
1,401298E-45
1,401298E-45
1,401298E-45
1,318844E-31
0,03114999
0,09409716
0,09409716
0,1256781
0,1569121
0,1569121
0,1569121
0,1569121
0,1882658
0,2191801
0,250364
0,250364
0,3122632
0,3122632
0,3433355
0,3433355
0,3743999
0,3743999
0,3435235
0,3435235
0,3435235
0,3435235
0,3121694
0,3431894
0,3431894
0,3431894
0,3431894
0,3431894
0,3431894
0,3746556
0,3746556
0,3746556
0,3746556
0,3746556
0,3746556
0,3746556
0,3746556
0,3746556
0,4058765
0,4058765
0,3748037
0,3748037
0,3748037
0,3748037
0,3748037
0,3435693
0,3435693
0,3435693
0,3745131
0,4050469
0,436324
0,4052605
0,4052605
0,4685092
0,4375951
0,4687873
0,5001417
0,4688824
0,4375692
0,5000802
0,4997157
0,5312559
0,5625014
0,5625014
0,5935088
0,5935526
0,5939702
0,6254915
0,5943077
0,5320352
0,5008444
0,4067179
0,3444498
0,282042
0,1882489
0,2193214
0,1563502
0,1563502
0,1249905
0,06259505
0,06259505
0,06259505
0,06259505
0,06259505
0,03152253
6,673672E-30
6,673672E-30
6,673672E-30
2,802597E-45
2,802597E-45
2,802597E-45
2,802597E-45
0
1,401298E-45
1,401298E-45
1,401298E-45
1,401298E-45
1,401298E-45
1,401298E-45
0,031581
0,06273097
0,1256781
0,1256781
0,1256781
0,1569121
0,1569121
0,1569121
0,1569121
0,1882658
0,1882658
0,2194497
0,2194497
0,2504728
0,219214
0,2502869
0,2502869
0,2502869
0,2502869
0,2189329
0,2498469
0,2498469
0,2498469
0,2498469
0,2498469
0,2188239
0,2188239
0,2188239
0,2188239
0,2188239
0,2502907
0,2191068
0,2191068
0,2191068
0,2191068
0,2501705
0,2501705
0,2501705
0,2501705
0,2501705
0,2501705
0,2190981
0,2190981
0,1875173
0,2185403
0,2497606
0,2497855
0,2497855
0,2497855
0,2497855
0,2811306
0,2811306
0,3121506
0,3743719
0,3744914
0,3428026
0,3736796
0,3736796
0,436928
0,4054611
0,4366533
0,4367864
0,4685144
0,4995248
0,4996734
0,5309201
0,5625464
0,5939077
0,6254294
0,6254294
0,5943077
0,5630561
0,5630561
0,5008444
0,4384355
0,3449207
0,345117
0,1879312
0,1879312
0,1565715
0,1251816
0,0936007
0,0936007
0,06259505
0,06259505
0,03152253
6,673672E-30
6,673672E-30
6,673672E-30
2,802597E-45
2,802597E-45
2,802597E-45
2,802597E-45
0
1,401298E-45
1,401298E-45
1,401298E-45
1,401298E-45
1,401298E-45
1,401298E-45
0,031581
0,031581
0,06326955
0,06326955
0,09452821
0,1257623
0,1257623
0,1257623
0,1257623
0,1257623
0,09450371
0,1881136
0,1881136
0,2191365
0,2191365
0,2191365
0,2191365
0,1877828
0,1877828
0,1877828
0,1877828
0,1877828
0,1565991
0,1565991
0,1565991
0,1255761
0,1255761
0,1255761
0,1255761
0,1255761
0,1255761
0,1564904
0,1254176
0,1254176
0,1254176
0,1254176
0,1254176
0,1254176
0,1254176
0,1254176
0,1254176
0,1564816
0,1876317
0,1875173
0,2185403
0,2185403
0,2185403
0,2185403
0,2185403
0,2497606
0,2497855
0,2497855
0,3121506
0,3434281
0,3434281
0,3117393
0,3426165
0,37356
0,4368085
0,4057441
0,4681202
0,4366541
0,467905
0,4989734
0,4679499
0,4680258
0,5621698
0,5938633
0,5625165
0,5939077
0,6249118
0,5936588
0,5630561
0,5008444
0,5008444
0,4699292
0,470125
0,2503394
0,219081
0,1565715
0,1565715
0,1249905
0,1249905
0,06259505
0,06259505
0,06259505
0,06259505
0,06259505
0,06259505
6,673672E-30
6,673672E-30
6,673672E-30
6,673672E-30
0
1,401298E-45
1,401298E-45
0,031581
0,031581
0,031581
0,031581
0,031581
0,031581
0,06326955
0,06326955
0,09452821
0,09452821
0,09452821
0,1257623
0,1257623
0,1257623
0,09450371
0,1255761
0,1255761
0,1567598
0,1567598
0,1877828
0,1248602
0,1248602
0,1248602
0,09367667
0,09367667
0,09367667
0,09367667
0,0626535
0,0626535
0,0626535
0,0626535
0,0626535
0,0626535
0,0626535
0,0626535
0,09356768
0,09372911
0,09372911
0,09372911
0,06214811
0,06214811
0,09383676
0,09383676
0,09383676
0,09383676
0,1249007
0,1249007
0,1249007
0,1249007
0,1249007
0,1249007
0,1249007
0,1563673
0,2186108
0,2498696
0,2498696
0,2498696
0,2811475
0,2811475
0,2499132
0,2499132
0,3124084
0,3124084
0,2496555
0,2806755
0,3424959
0,3424292
0,3741748
0,4054268
0,4050637
0,4364705
0,4995311
0,530921
0,5623126
0,6246772
0,5620785
0,5620785
0,5936588
0,5315323
0,5011216
0,5010011
0,2812151
0,2503394
0,2191889
0,1879312
0,1249905
0,1249905
0,09398491
0,09398491
0,06259505
0,06259505
0,06259505
0,06259505
6,673672E-30
6,673672E-30
6,673672E-30
6,673672E-30
0
1,401298E-45
1,401298E-45
0,031581
0,031581
0,031581
0,031581
0,031581
0,031581
0,031581
0,031581
0,031581
0,06326955
0,06326955
0,09450371
0,09450371
0,09450371
0,09450371
0,09450371
0,062815
0,09399865
0,09399865
0,1250713
0,09383711
0,09383711
0,09383711
0,0626535
0,0626535
0,0626535
0,0626535
0,0626535
0,0626535
0,0626535
0,0626535
0,0626535
0,031581
0,031581
0,031581
0
0,03123407
0,03123407
0,03123407
0,03123407
0,03123407
0,03123407
0,03123407
0,03123407
0,03123407
0,03123407
0,03123407
0,0629226
0,0629226
0,0629226
0,1249007
0,1249007
0,1563673
0,1563673
0,1563673
0,1563673
0,187626
0,2188463
0,2498696
0,2499132
0,2499132
0,3124084
0,3124084
0,3124084
0,3124084
0,2813442
0,2494168
0,2491342
0,2803857
0,3741488
0,3741488
0,4364173
0,4989795
0,5619674
0,5932257
0,5306281
0,5310742
0,5936588
0,5624761
0,5940003
0,5629354
0,4380299
0,4070105
0,2500659
0,2191889
0,1878292
0,1565715
0,1565715
0,1565715
0,0936007
0,06259505
0,06259505
0,06259505
6,673672E-30
6,673672E-30
6,673672E-30
6,673672E-30
0
1,401298E-45
1,401298E-45
0,031581
0,031581
0,031581
0,031581
0,031581
0,031581
0,031581
0,031581
0,031581
0,06326955
0,06326955
0,06326955
0,06326955
0,06326955
0,06326955
0,06326955
0,031581
0,031581
0,031581
0,0626535
0,0626535
0,0626535
0,0626535
0,0626535
0,0626535
0,0626535
0,0626535
0,0626535
0,031581
0,031581
0,031581
0,031581
0,031581
0,031581
0,031581
0
0
0
0
0
0
0
0
0,03123407
0,03123407
0,03123407
0,03123407
0,0629226
0,0629226
0,0629226
0,0629226
0,0629226
0,0629226
0,0629226
0,09398665
0,09398665
0,1254531
0,1563673
0,2186488
0,2498696
0,2498696
0,2811475
0,2811475
0,2812583
0,2812583
0,2812583
0,2805897
0,2495255
0,2495193
0,2801797
0,3113293
0,3109389
0,4367496
0,5305787
0,5618353
0,4992383
0,5619884
0,624574
0,5936588
0,5936588
0,562606
0,5004438
0,4382323
0,3758545
0,3135875
0,2824375
0,1879312
0,1879312
0,1565715
0,0936007
0,06259505
0,06259505
0,06259505
0,03152253
0,03152253
6,673672E-30
6,673672E-30
0
1,401298E-45
1,401298E-45
0,031581
0,031581
0,031581
0,031581
0,031581
0,031581
0,031581
0,031581
0,031581
0,031581
0,031581
0,031581
0,031581
0,031581
0,031581
0,031581
0,031581
0,031581
0,031581
0,0626535
0,0626535
0,0626535
0,0626535
0,0626535
0,0310726
0,0310726
0,0310726
0,0310726
0
0
0
0
0
0
0
0
0
0
0
0
0
0
0
0
0
0
0
0,03123407
0,03123407
0,03123407
0,03123407
0,03123407
0,0629226
0,0629226
0,09398665
0,09398665
0,09398665
0,09398665
0,1567118
0,1567118
0,1567118
0,250233
0,250233
0,250233
0,250233
0,250233
0,3124927
0,2814281
0,2184992
0,2180526
0,2180526
0,3110082
0,4368197
0,4988729
0,4988729
0,4993255
0,5619432
0,5931851
0,5622706
0,5936588
0,5935491
0,5626348
0,5004997
0,4067053
0,3134188
0,2509151
0,2191889
0,2191889
0,1565715
0,0936007
0,06259505
0,06259505
0,06259505
0,03152253
0,03152253
6,673672E-30
6,673672E-30
0
1,401298E-45
1,401298E-45
1,401298E-45
1,401298E-45
1,318844E-31
1,318844E-31
1,318844E-31
1,318844E-31
1,318844E-31
1,318844E-31
1,318844E-31
1,318844E-31
1,401298E-45
1,401298E-45
1,401298E-45
1,401298E-45
1,401298E-45
1,401298E-45
0
0
0
0
0
0
0
0
0
0
0
0
0
0
0
0
0
0
0
0
0
0
0
0
0
0
0
0
0
0
0
0,03123407
0,03123407
0,03123407
0,03123407
0,03123407
0,03123407
0,03123407
0,03123407
0,03123407
0,09398665
0,09398665
0,1567118
0,1567118
0,1567118
0,2190128
0,2190128
0,250233
0,250233
0,250233
0,3124927
0,2814281
0,2501883
0,2187214
0,2187214
0,2186359
0,2493574
0,3424256
0,4056746
0,4684494
0,5617582
0,561994
0,5623379
0,6247336
0,6247336
0,6247336
0,5004997
0,4067053
0,3444388
0,3130845
0,2813588
0,2503394
0,1565715
0,06252816
0,03152253
0,03152253
0,03152253
0,03152253
0,03152253
0,03152253
0,03152253
0
1,401298E-45
1,401298E-45
1,401298E-45
1,401298E-45
1,318844E-31
1,318844E-31
1,318844E-31
1,318844E-31
1,318844E-31
1,318844E-31
1,318844E-31
1,318844E-31
1,401298E-45
1,401298E-45
1,401298E-45
1,401298E-45
0
0
0
0
0
0
0
0
0
0
0
0
0
0
0
0
0
0
0
0
0
0
0
0
0
0
0
0
0
0
0
0
0
0
0
0
0
0
0,03123407
0,03123407
0,03123407
0,03123407
0,0629226
0,0629226
0,09398665
0,09398665
0,1567118
0,1567118
0,1567118
0,250233
0,250233
0,250233
0,2815784
0,2815784
0,2815722
0,2814219
0,2814219
0,2499555
0,2180526
0,2800917
0,3110357
0,4362235
0,561422
0,5616566
0,5310802
0,5934747
0,6247336
0,6247336
0,5004997
0,4067053
0,3444388
0,3130845
0,3446074
0,3135875
0,1878292
0,1251757
0,06291239
0,06291239
0,03152253
0,03152253
0,03152253
0,03152253
0,03152253
0
1,401298E-45
1,401298E-45
1,318844E-31
1,318844E-31
1,318844E-31
1,318844E-31
1,318844E-31
1,318844E-31
1,318844E-31
1,318844E-31
1,318844E-31
1,318844E-31
0
0
0
0
0
0
0
0
0
0
0
0
0
0
0
0
0
0
0
0
0
0
0
0
0
0
0
0
0
0
0
0
0
0
0
0
0
0
0
0
0
0
0
0
0
0
0,03123407
0,03123407
0,0622981
0,09398665
0,1567118
0,1567118
0,1567118
0,1879896
0,1879896
0,2192099
0,250233
0,250233
0,2815722
0,2814219
0,2814219
0,2814219
0,2814219
0,2810538
0,3430173
0,4361039
0,5613019
0,5930019
0,5624245
0,5934747
0,6247336
0,6247336
0,5004997
0,4067053
0,3444388
0,3444388
0,3759608
0,3135875
0,1878292
0,1251757
0,06291239
0,06291239
0,03152253
0,03152253
0,03152253
0,03152253
0,03152253
0
1,401298E-45
1,401298E-45
1,318844E-31
1,318844E-31
1,318844E-31
1,318844E-31
1,318844E-31
1,318844E-31
1,318844E-31
1,318844E-31
0
0
0
0
0
0
0
0
0
0
0
0
0
0
0
0
0
0
0
0
0
0
0
0
0
0
0
0
0
0
0
0
0
0
0
0
0
0
0
0
0
0
0
0
0
0
0
0
0
0
0,03106408
0,03106408
0,06232266
0,1252454
0,1252454
0,1879896
0,1879896
0,2192099
0,250233
0,250233
0,2815722
0,2814219
0,2814219
0,2814219
0,2814219
0,2498704
0,3119968
0,4056226
0,5308205
0,5617323
0,5623053
0,5934747
0,6247336
0,6247336
0,5316909
0,4692716
0,3758124
0,3444388
0,3444388
0,2820652
0,1878292
0,1251757
0,09391789
0,09391789
0,03152253
0,03152253
0,03152253
0,03152253
0,03152253
0
1,401298E-45
1,401298E-45
1,318844E-31
1,318844E-31
1,318844E-31
1,318844E-31
1,318844E-31
1,318844E-31
1,318844E-31
1,318844E-31
0
0
0
0
0
0
0
0
0
0
0
0
0
0
0
0
0
0
0
0
0
0
0
0
0
0
0
0
0
0
0
0
0
0
0
0
0
0
0
0
0
0
0
0
0
0
0
0
0
0
0
0
0,06232266
0,09355681
0,09355681
0,1250232
0,1250232
0,1563012
0,1879896
0,2192099
0,2502264
0,281141
0,3124864
0,2814219
0,2814219
0,2811486
0,3119968
0,4056226
0,4675718
0,4984846
0,5300797
0,5931076
0,5620847
0,5934747
0,5316909
0,4692716
0,3758124
0,3444388
0,3444388
0,3130845
0,2820979
0,2194444
0,09391789
0,09391789
0,03152253
0,03152253
0,03152253
0,03152253
0,03152253
0
1,401298E-45
1,401298E-45
1,318844E-31
1,318844E-31
1,318844E-31
1,318844E-31
1,318844E-31
1,318844E-31
1,318844E-31
1,318844E-31
0
0
0
0
0
0
0
0
0
0
0
0
0
0
0
0
0
0
0
0
0
0
0
0
0
0
0
0
0
0
0
0
0
0
0
0
0
0
0
0
0
0
0
0
0
0
0
0
0
0
0
0
0,06232266
0,06232266
0,06232266
0,06232266
0,06232266
0,1250671
0,1879896
0,2192099
0,2502264
0,281141
0,3124864
0,2814219
0,2814219
0,2499555
0,2808048
0,4056226
0,4675718
0,4984846
0,5300797
0,6243423
0,5933204
0,5934747
0,5626348
0,5002153
0,3447399
0,3133657
0,3133657
0,2820123
0,2510248
0,2194444
0,09391789
0,09391789
0,03152253
0,03152253
0,03152253
0,03152253
0,03152253
0
1,401298E-45
1,401298E-45
1,318844E-31
1,318844E-31
1,318844E-31
1,318844E-31
1,318844E-31
1,318844E-31
1,318844E-31
1,318844E-31
0
0
0
0
0
0
0
0
0
0
0
0
0
0
0
0
0
0
0
0
0
0
0
0
0
0
0
0
0
0
0
0
0
0
0
0
0
0
0
0
0
0
0
0
0
0
0
0
0
0
0
0
0,06232266
0,06232266
0,06232266
0,06232266
0,06232266
0,1250671
0,1250671
0,1562872
0,2189928
0,2499069
0,3124864
0,2814219
0,2814219
0,2814219
0,2813278
0,3747714
0,4361981
0,5301731
0,5617675
0,5614329
0,5304108
0,5624691
0,5626348
0,5002153
0,3447399
0,3133657
0,3133657
0,3133657
0,3135289
0,2505948
0,09391789
0,09391789
0,03152253
0,03152253
0,03152253
0,03152253
0,03152253
0
1,318844E-31
1,318844E-31
1,318844E-31
1,318844E-31
1,318844E-31
1,318844E-31
1,318844E-31
1,318844E-31
1,318844E-31
1,318844E-31
0
0
0
0
0
0
0
0
0
0
0
0
0
0
0
0
0
0
0
0
0
0
0
0
0
0
0
0
0
0
0
0
0
0
0
0
0
0
0
0
0
0
0
0
0
0
0
0
0
0
0
0
0,03125867
0,03125867
0,03125867
0,06232266
0,06232266
0,0937892
0,0937892
0,1562872
0,1879696
0,2188835
0,3124864
0,3124942
0,3124942
0,3124942
0,3124006
0,405844
0,4361981
0,4991535
0,5307477
0,5614329
0,5614329
0,5934924
0,5936561
0,5002153
0,3447399
0,3133657
0,3133657
0,3133657
0,3135289
0,2505948
0,09391789
0,09391789
0,03152253
0,03152253
0,03152253
0,03152253
0,03152253
0
1,318844E-31
1,318844E-31
1,318844E-31
1,318844E-31
1,318844E-31
1,318844E-31
1,318844E-31
1,318844E-31
1,318844E-31
1,318844E-31
0
0
0
0
0
0
0
0
0
0
0
0
0
0
0
0
0
0
0
0
0
0
0
0
0
0
0
0
0
0
0
0
0
0
0
0
0
0
0
0
0
0
0
0
0
0
0
0
0
0
0
0
0,03125867
0,03125867
0,03125867
0,06232266
0,06232266
0,0937892
0,0937892
0,1562872
0,2192283
0,2501421
0,281252
0,2812603
0,3124942
0,3124942
0,3124006
0,405844
0,4361981
0,4991535
0,5616616
0,560994
0,560994
0,5934924
0,6245712
0,5311299
0,3447399
0,3133657
0,3133657
0,3133657
0,3135289
0,2505948
0,09391789
0,09391789
0,03152253
0,03152253
0,03152253
0,03152253
0,03152253
0
1,318844E-31
1,318844E-31
1,318844E-31
1,318844E-31
1,318844E-31
1,318844E-31
1,318844E-31
1,318844E-31
1,318844E-31
1,318844E-31
0
0
0
0
0
0
0
0
0
0
0
0
0
0
0
0
0
0
0
0
0
0
0
0
0
0
0
0
0
0
0
0
0
0
0
0
0
0
0
0
0
0
0
0
0
0
0
0
0
0
0
0
0,03125867
0,03125867
0,03125867
0,06232266
0,06232266
0,06232266
0,06232266
0,1562872
0,1875395
0,1875395
0,2189928
0,2499156
0,3124942
0,3124942
0,3124006
0,3749301
0,4052833
0,4991535
0,5305137
0,5298441
0,5299214
0,5936525
0,6247344
0,531292
0,3447399
0,281785
0,3133072
0,3133072
0,2819474
0,2505948
0,09391789
0,09391789
0,03152253
0,03152253
0,03152253
0,03152253
0,03152253
0
1,318844E-31
1,318844E-31
1,318844E-31
1,318844E-31
1,318844E-31
1,318844E-31
1,318844E-31
1,318844E-31
1,401298E-45
1,401298E-45
1,401298E-45
1,401298E-45
0
0
0
0
0
0
0
0
0
0
0
0
0
0
0
0
0
0
0
0
0
0
0
0
0
0
0
0
0
0
0
0
0
0
0
0
0
0
0
0
0
0
0
0
0
0
0
0
0
0
0,03125867
0,03125867
0,03125867
0,06232266
0,06232266
0,06232266
0,06232266
0,1562872
0,1875395
0,1875395
0,1879696
0,2188922
0,3126437
0,3436671
0,3745164
0,4058736
0,4052833
0,4991535
0,5305137
0,5298441
0,5299214
0,5936525
0,6247344
0,5623148
0,375763
0,281785
0,3133072
0,3133072
0,2819474
0,2505948
0,09391789
0,09391789
0,03152253
0,03152253
0,03152253
0,03152253
0,03152253
0
1,318844E-31
1,318844E-31
1,318844E-31
1,318844E-31
1,318844E-31
1,318844E-31
1,318844E-31
1,318844E-31
1,401298E-45
1,401298E-45
1,401298E-45
1,401298E-45
0
0
0
0
0
0
0
0
0
0
0
0
0
0
0
0
0
0
0
0
0
0
0
0
0
0
0
0
0
0
0
0
0
0
0
0
0
0
0
0
0
0
0
0
0
0
0
0
0
0
0
0
0,03125867
0,06232266
0,06232266
0,0937892
0,0937892
0,1873599
0,2186121
0,2186121
0,2190421
0,2188922
0,3126437
0,3436671
0,4060973
0,4374543
0,4682238
0,5305137
0,5305137
0,5298441
0,5299214
0,5936525
0,6247344
0,5938373
0,4072857
0,3133072
0,3133072
0,3133072
0,2819474
0,2505948
0,09391789
0,09391789
0,03152253
0,03152253
0,03152253
8,407791E-45
8,407791E-45
0
1,318844E-31
1,318844E-31
1,318844E-31
1,318844E-31
1,318844E-31
1,318844E-31
1,318844E-31
1,318844E-31
1,401298E-45
1,401298E-45
1,401298E-45
1,401298E-45
0
0
0
0
0
0
0
0
0
0
0
0
0
0
0
0
0
0
0
0
0
0
0
0
0
0
0
0
0
0
0
0
0
0
0
0
0
0
0
0
0
0
0
0
0
0
0
0
0
0
0
0
0,03125867
0,06232266
0,06232266
0,0937892
0,0937892
0,1873599
0,2186121
0,2186121
0,2190421
0,2188922
0,2814097
0,3124331
0,3748636
0,4688285
0,4995984
0,5305137
0,5305137
0,6235934
0,6236708
0,5934874
0,5935611
0,5938373
0,4072857
0,3133072
0,3133072
0,3133072
0,2819474
0,2505948
0,09391789
0,09391789
0,03152253
0,03152253
0,03152253
8,407791E-45
8,407791E-45
0
1,318844E-31
1,318844E-31
1,318844E-31
1,318844E-31
1,318844E-31
1,318844E-31
1,318844E-31
1,318844E-31
1,401298E-45
1,401298E-45
1,401298E-45
1,401298E-45
0
0
0
0
0
0
0
0
0
0
0
0
0
0
0
0
0
0
0
0
0
0
0
0
0
0
0
0
0
0
0
0
0
0
0
0
0
0
0
0
0
0
0
0
0
0
0
0
0
0
0
0
0,03125867
0,06232266
0,06232266
0,0937892
0,0937892
0,1873599
0,2186121
0,2186121
0,2190421
0,2188922
0,2814097
0,2811272
0,3123738
0,4373617
0,4995984
0,5305137
0,5305137
0,6235934
0,6549287
0,6247454
0,5626174
0,5315191
0,3759115
0,3133072
0,3133072
0,3133072
0,2819474
0,2505948
0,09391789
0,09391789
0,03152253
0,03152253
0,03152253
8,407791E-45
8,407791E-45
0
1,318844E-31
1,318844E-31
1,318844E-31
1,318844E-31
1,318844E-31
1,318844E-31
1,318844E-31
1,318844E-31
1,318844E-31
1,318844E-31
1,401298E-45
1,401298E-45
0
0
0
0
0
0
0
0
0
0
0
0
0
0
0
0
0
0
0
0
0
0
0
0
0
0
0
0
0
0
0
0
0
0
0
0
0
0
0
0
0
0
0
0
0
0
0
0
0
0
0
0
0,03125867
0,09339522
0,09339522
0,1248618
0,1561139
0,2186121
0,2186121
0,2186121
0,2190421
0,2188922
0,2814097
0,2811272
0,3123738
0,4373617
0,4685256
0,4994403
0,5305899
0,6236708
0,6549287
0,6246864
0,5625594
0,4999386
0,3443307
0,2819474
0,2819474
0,2819474
0,2819474
0,2505948
0,09391789
0,09391789
0,03152253
3,783506E-44
3,783506E-44
8,407791E-45
8,407791E-45
0
1,318844E-31
1,318844E-31
1,318844E-31
1,318844E-31
1,318844E-31
1,318844E-31
1,318844E-31
1,318844E-31
1,318844E-31
1,318844E-31
1,401298E-45
1,401298E-45
0
0
0
0
0
0
0
0
0
0
0
0
0
0
0
0
0
0
0
0
0
0
0
0
0
0
0
0
0
0
0
0
0
0
0
0
0
0
0
0
0
0
0
0
0
0
0
0
0
0
0
0
0,03125867
0,1248618
0,1248618
0,1248618
0,1561139
0,2186121
0,2186121
0,2186121
0,2817956
0,2816458
0,3129908
0,4683415
0,4684234
0,5305137
0,4994403
0,5304605
0,5616099
0,6869192
0,7181771
0,6246864
0,5625594
0,4999386
0,3443307
0,2819474
0,2819474
0,2505948
0,2505948
0,2192044
0,03152253
0,03152253
0,03152253
3,783506E-44
3,783506E-44
8,407791E-45
8,407791E-45
0
0
0
1,318844E-31
1,318844E-31
1,318844E-31
1,318844E-31
1,318844E-31
1,318844E-31
1,318844E-31
1,318844E-31
1,401298E-45
1,401298E-45
1,401298E-45
1,401298E-45
0
0
0
0
0
0
0
0
0
0
0
0
0
0
0
0
0
0
0
0
0
0
0
0
0
0
0
0
0
0
0
0
0
0
0
0
0
0
0
0
0
0
0
0
0
0
0
0
0
0
0,03125867
0,1248618
0,1248618
0,1248618
0,1561139
0,2186121
0,2186121
0,2186121
0,2817956
0,2816458
0,3442251
0,4995756
0,4684052
0,5305137
0,4994403
0,5304605
0,5616099
0,7184409
0,7185153
0,5935031
0,5625594
0,4999386
0,3443307
0,2819474
0,2819474
0,2505948
0,2193364
0,1879466
0,03152253
0,03152253
0,03152253
3,783506E-44
3,783506E-44
8,407791E-45
8,407791E-45
0
0
0
1,318844E-31
1,318844E-31
1,318844E-31
1,318844E-31
1,318844E-31
1,318844E-31
1,318844E-31
1,318844E-31
1,401298E-45
1,401298E-45
1,401298E-45
1,401298E-45
0
0
0
0
0
0
0
0
0
0
0
0
0
0
0
0
0
0
0
0
0
0
0
0
0
0
0
0
0
0
0
0
0
0
0
0
0
0
0
0
0
0
0
0
0
0
0
0
0
0
0,03125867
0,1248618
0,1248618
0,1873599
0,2186121
0,2186121
0,2186121
0,2186121
0,3131406
0,3441747
0,3754086
0,5305988
0,4994284
0,5305137
0,4994403
0,5298844
0,5610347
0,6868603
0,6869353
0,5621301
0,5311852
0,4999386
0,3443307
0,2819474
0,2819474
0,2195743
0,1571666
0,1257767
3,783506E-44
3,783506E-44
8,407791E-45
8,407791E-45
8,407791E-45
7,006492E-45
7,006492E-45
0
0
0
1,318844E-31
1,318844E-31
1,318844E-31
1,318844E-31
1,318844E-31
1,318844E-31
1,318844E-31
1,318844E-31
1,401298E-45
1,401298E-45
1,401298E-45
1,401298E-45
0
0
0
0
0
0
0
0
0
0
0
0
0
0
0
0
0
0
0
0
0
0
0
0
0
0
0
0
0
0
0
0
0
0
0
0
0
0
0
0
0
0
0
0
0
0
0,0310726
0,0310726
0,09360307
0,09360307
0,1248618
0,1248618
0,1248618
0,1873599
0,2501932
0,2501932
0,281366
0,281366
0,3131406
0,312995
0,3442293
0,530885
0,4683558
0,5305899
0,6567513
0,7185473
0,7498073
0,6869455
0,6248198
0,4999386
0,406955
0,3755952
0,3129713
0,2819474
0,2819474
0,2195743
0,06239534
0,03100558
3,783506E-44
3,783506E-44
8,407791E-45
8,407791E-45
8,407791E-45
7,006492E-45
7,006492E-45
0
0
0
1,318844E-31
1,318844E-31
1,318844E-31
1,318844E-31
1,318844E-31
1,318844E-31
1,318844E-31
1,318844E-31
1,318844E-31
1,318844E-31
1,401298E-45
1,401298E-45
1,401298E-45
1,401298E-45
0
0
0
0
0
0
0
0
0
0
0
0
0
0
0
0
0
0
0
0
0
0
0
0
0
0
0
0
0
0
0
0
0
0
0
0
0
0
0
0
0
0
0
0
0,0310726
0,0310726
0,1248618
0,1248618
0,1248618
0,1560822
0,1873344
0,2186121
0,2501932
0,2501932
0,313054
0,313054
0,3131406
0,4373814
0,5000058
0,5310561
0,4685256
0,5305899
0,6880087
0,7498073
0,7498073
0,6869455
0,6248198
0,4687043
0,3757208
0,3443611
0,3129713
0,2505948
0,2505948
0,2195743
0,06239534
0,03100558
3,783506E-44
3,783506E-44
8,407791E-45
8,407791E-45
8,407791E-45
1,401298E-45
1,401298E-45
0
0
0
0
0
1,318844E-31
1,318844E-31
1,318844E-31
1,318844E-31
1,318844E-31
1,318844E-31
1,318844E-31
1,318844E-31
1,401298E-45
1,401298E-45
1,401298E-45
1,401298E-45
0
0
0
0
0
0
0
0
0
0
0
0
0
0
0
0
0
0
0
0
0
0
0
0
0
0
0
0
0
0
0
0
0
0
0
0
0
0
0
0
0
0
0
0
0,06213666
0,06213666
0,1248618
0,1561396
0,1561396
0,1873599
0,2186121
0,2186121
0,2501932
0,2191205
0,313327
0,4063683
0,3751098
0,4686284
0,5312534
0,4997778
0,593331
0,6867487
0,7813877
0,7498073
0,6876794
0,593475
0,593475
0,4687043
0,3757208
0,3133383
0,2819474
0,2505948
0,2193364
0,1573109
0,03138988
3,783506E-44
8,407791E-45
8,407791E-45
8,407791E-45
7,006492E-45
7,006492E-45
1,401298E-45
1,401298E-45
0
0
0,03094351
0,03094351
0,03094351
0,03094351
0,03094351
0,03094351
1,318844E-31
1,318844E-31
1,318844E-31
1,318844E-31
1,318844E-31
1,401298E-45
1,401298E-45
1,401298E-45
1,401298E-45
1,401298E-45
1,401298E-45
0
0
0
0
0
0
0
0
0
0
0
0
0
0
0
0
0
0
0
0
0
0
0
0
0
0
0
0
0
0
0
0
0
0
0
0
0
0
0
0
0
2,802597E-45
0,09360307
0,09360307
0,1248618
0,1561396
0,1561396
0,1873599
0,2186121
0,2186121
0,281366
0,2812363
0,3442709
0,4375766
0,437552
0,5308677
0,5622592
0,6242374
0,7184526
0,7498073
0,7498073
0,7186335
0,6565074
0,5620996
0,5312234
0,4064679
0,3443611
0,3133383
0,2509418
0,1884385
0,06240964
3,783506E-44
3,783506E-44
3,783506E-44
8,407791E-45
7,006492E-45
7,006492E-45
7,006492E-45
7,006492E-45
1,401298E-45
1,401298E-45
0
0
0,03094351
0,03094351
0,03094351
0,03094351
0,03094351
0,03094351
1,318844E-31
1,318844E-31
1,318844E-31
1,318844E-31
1,318844E-31
1,318844E-31
1,318844E-31
1,401298E-45
1,401298E-45
1,401298E-45
1,401298E-45
0
0
0
0
0
0
0
0
0
0
0
0
0
0
0
0
0
0
0
0
0
0
0
0
0
0
0
0
0
0
0
0
0
0
0
0
0
0
0,0310726
0,0310726
0,0310726
0,0310726
0,09360307
0,124881
0,1561396
0,1873599
0,2186121
0,2186121
0,2186121
0,2186121
0,3444134
0,4068426
0,4069291
0,437195
0,4994513
0,5306709
0,6253152
0,687492
0,7184526
0,7498073
0,7186226
0,6557627
0,6248198
0,5620996
0,50003
0,3438854
0,3129713
0,2819474
0,2196846
0,1571808
0,06240964
3,783506E-44
3,783506E-44
3,783506E-44
8,407791E-45
7,006492E-45
7,006492E-45
7,006492E-45
7,006492E-45
0
0
0
0,03094351
0,03094351
0,06194915
0,06194915
0,1240447
0,1240447
0,1240447
0,09302165
0,06194915
1,318844E-31
1,318844E-31
1,318844E-31
1,318844E-31
1,318844E-31
1,318844E-31
1,318844E-31
1,401298E-45
1,401298E-45
1,401298E-45
1,401298E-45
0
0
0
0
0
0
0
0
0
0
0
0
0
0
0
0
0
0
0
0
0
0
0
0
0
0
0
0
0
0
0
0
0,0310726
0,0310726
0,0310726
0,0310726
0,06253912
0,06253912
0,09360307
0,124881
0,124881
0,124881
0,1561396
0,1873599
0,2501932
0,2508091
0,2819815
0,3129251
0,4066358
0,4375391
0,4997963
0,6252048
0,6563553
0,6559637
0,687122
0,7498643
0,7498073
0,7498073
0,6876794
0,593475
0,5625594
0,4687043
0,4066353
0,3129713
0,2817134
0,1245651
0,06253976
0,03138988
0,03138988
3,783506E-44
7,006492E-45
7,006492E-45
7,006492E-45
7,006492E-45
7,006492E-45
1,401298E-45
1,401298E-45
0
0
0
0,06194915
0,06194915
0,09309906
0,1244527
0,1865486
0,1551947
0,1551947
0,1241717
0,09309906
0,03094351
0,03094351
1,318844E-31
1,318844E-31
1,318844E-31
1,318844E-31
1,318844E-31
1,318844E-31
1,318844E-31
1,401298E-45
1,401298E-45
1,401298E-45
0
0
0
0
0
0
0
0
0
0
0
0
0
0
0
0
0
0
0
0
0
0
0
0
0
0
0
0
0
0
0
0,0310726
0,0310726
0,0310726
0,0310726
0,09360307
0,09360307
0,09360307
0,124881
0,1564621
0,1876823
0,2189409
0,2811371
0,3436688
0,3756301
0,4066358
0,469193
0,5625154
0,5308601
0,5618588
0,6563269
0,6248847
0,6559102
0,7184526
0,7498073
0,6876794
0,6565074
0,6565074
0,5620996
0,4998254
0,4373448
0,3440177
0,2817134
0,2507074
0,06240964
3,783506E-44
7,006492E-45
7,006492E-45
7,006492E-45
7,006492E-45
7,006492E-45
7,006492E-45
7,006492E-45
7,006492E-45
1,401298E-45
1,401298E-45
0
0
0
0,06215556
0,1241717
0,1551947
0,1865486
0,2179384
0,1865844
0,1865844
0,1551947
0,1551947
0,0930392
0,0930392
0,0620161
0,03094351
1,318844E-31
1,318844E-31
1,318844E-31
1,318844E-31
1,318844E-31
1,401298E-45
1,401298E-45
1,401298E-45
1,401298E-45
1,401298E-45
0
0
0
0
0
0
0
0
0
0
0
0
0
0
0
0
0
0
0
0
0
0
0
0
0
0
6,673672E-30
6,673672E-30
6,673672E-30
0,0310726
0,0310726
0,06253912
0,06253912
0,09360307
0,09360307
0,09360307
0,1874609
0,1879695
0,2189127
0,2501718
0,3444576
0,3756301
0,4381536
0,5000748
0,5312571
0,6247718
0,6250884
0,6252193
0,6879624
0,6565193
0,687433
0,7184526
0,7188637
0,6876794
0,5620996
0,5307395
0,4994929
0,437702
0,3750773
0,2504541
0,1562915
0,1252859
0,06240964
3,783506E-44
7,006492E-45
7,006492E-45
7,006492E-45
7,006492E-45
7,006492E-45
7,006492E-45
7,006492E-45
7,006492E-45
0
0
0
0
0
0,1556399
0,2803544
0,3112314
0,3421747
0,436095
0,3736341
0,3111036
0,2174251
0,1865486
0,1553982
0,1553982
0,09302165
0,03094351
0,03094351
0,03094351
1,318844E-31
1,318844E-31
1,318844E-31
1,318844E-31
1,318844E-31
1,401298E-45
1,401298E-45
1,401298E-45
1,401298E-45
1,401298E-45
0
0
0
0
0
0
0
0
0
0
0
0
0
0
0
0
0
0
0
0
2,802597E-45
2,802597E-45
2,802597E-45
2,802597E-45
0,0314665
0,0314665
0,0314665
0,09360307
0,09360307
0,09360307
0,1558246
0,1558246
0,1558246
0,2185189
0,2810985
0,312866
0,3442394
0,3754123
0,4690327
0,5002912
0,5626743
0,6247718
0,6250884
0,5935092
0,5935092
0,5936391
0,7183159
0,7184526
0,7188637
0,656003
0,6246276
0,5934448
0,5620996
0,4998633
0,4373821
0,3441875
0,187628
0,1252859
0,09393214
0,06291239
0,03138988
7,006492E-45
7,006492E-45
7,006492E-45
7,006492E-45
7,006492E-45
7,006492E-45
7,006492E-45
1,401298E-45
1,401298E-45
0
0
0
0
0
0,2803657
0,3117397
0,3741938
0,4051373
0,5300413
0,5300413
0,4358214
0,3732632
0,3420713
0,2798788
0,2179384
0,1557652
0,09368704
0,09368704
0,09368704
0,03135374
0,03135374
0,03135374
0,03135374
1,318844E-31
1,318844E-31
1,318844E-31
1,401298E-45
1,401298E-45
1,401298E-45
0
0
0
0
0
0
0
0
0
0
0
0
0
0
0
0
0
0
0
0
2,802597E-45
2,802597E-45
0,0310726
0,06207816
0,1246088
0,1246088
0,1558866
0,1558866
0,1558866
0,1872462
0,2181896
0,2497705
0,2809909
0,343852
0,343852
0,4064462
0,5313317
0,5625154
0,5935383
0,6567867
0,6879457
0,7191375
0,7191932
0,6876128
0,7185529
0,687433
0,7498073
0,7186335
0,6876907
0,6246565
0,5620996
0,4997347
0,4997347
0,3434368
0,2497639
0,1875905
0,09393214
0,09393214
0,03101982
7,006492E-45
7,006492E-45
7,006492E-45
7,006492E-45
7,006492E-45
7,006492E-45
7,006492E-45
1,401298E-45
1,401298E-45
1,401298E-45
1,401298E-45
0
0
0
0
0
0,2807526
0,3433641
0,5616485
0,5616485
0,6238936
0,6548372
0,5920836
0,5608264
0,4982021
0,3739119
0,280504
0,2179806
0,1559024
0,1247101
0,09368704
0,09368704
0,09368704
0,06274344
0,06274344
0,06274344
0,06274344
0,06274344
0,06274344
0,06274344
0,06274344
1,318844E-31
0
0
0
0
0
0
0
0
0
0
0
0
0
2,802597E-45
2,802597E-45
6,673672E-30
6,673672E-30
6,673672E-30
6,673672E-30
0,0314665
0,0314665
0,09389876
0,1249043
0,1559684
0,186912
0,2181896
0,2181896
0,2181896
0,2807928
0,3741861
0,4996034
0,5623688
0,5935407
0,6247926
0,656163
0,6871817
0,6872368
0,6872368
0,7816803
0,7502121
0,7502121
0,7815938
0,7814031
0,8123169
0,7498073
0,6875041
0,593298
0,5307395
0,4994823
0,4994823
0,4375624
0,3129084
0,2187829
0,1875905
0,1875905
0,03101982
0,03101982
0,03101982
7,006492E-45
7,006492E-45
7,006492E-45
7,006492E-45
7,006492E-45
1,401298E-45
1,401298E-45
1,401298E-45
1,401298E-45
0
0
0
0
0
0
0
0,3749443
0,4375559
0,6556022
0,6556022
0,7497235
0,7497235
0,6866748
0,6863603
0,6551017
0,5614818
0,4988367
0,4054106
0,3427716
0,3113974
0,2803742
0,2184922
0,1873422
0,1250775
0,1250775
0,09413382
0,09413382
0,09413382
0,09413382
0,09413382
0,06274344
1,318844E-31
1,401298E-45
1,401298E-45
2,802597E-45
2,802597E-45
2,802597E-45
2,802597E-45
2,802597E-45
2,802597E-45
2,802597E-45
2,802597E-45
2,802597E-45
6,673672E-30
0,03123407
0,06270055
0,0937062
0,0937062
0,1250658
0,1561384
0,2183596
0,2804437
0,2804437
0,2804437
0,2804437
0,3746498
0,4058
0,4058
0,4373809
0,4999753
0,5312335
0,5622571
0,5933568
0,7186436
0,7186436
0,749898
0,7814917
0,7814917
0,7814917
0,7814598
0,7498803
0,7500489
0,7500489
0,7813749
0,7187573
0,7187573
0,593298
0,5307395
0,4995897
0,4995897
0,4373268
0,4064496
0,3755358
0,2508395
0,156068
0,09376336
0,09376336
7,006492E-45
7,006492E-45
7,006492E-45
7,006492E-45
7,006492E-45
7,006492E-45
7,006492E-45
7,006492E-45
1,401298E-45
1,401298E-45
0
0
0
0
0
0
0
0
0
0,2810696
0,4371086
0,6556985
0,6870518
0,7811236
0,7811236
0,7180738
0,6555965
0,6866693
0,6236557
0,6236557
0,5615075
0,53004
0,53004
0,4984592
0,4364802
0,3430485
0,2804831
0,2804831
0,2496058
0,2184333
0,1564172
0,1564172
0,1564172
0,1250267
0,09402131
0,06274344
0,06274344
0,06274344
0,09391601
0,09391601
0,06256223
0,06256223
0,06217804
0,09345593
0,09345593
0,09345593
0,09345593
0,1867059
0,2492366
0,2492366
0,2806265
0,3119859
0,3430092
0,374256
0,4677927
0,4677927
0,530081
0,530081
0,6559156
0,6870663
0,6870663
0,6559929
0,6559929
0,6559929
0,7504929
0,7504929
0,8443934
0,8442045
0,8442045
0,7811562
0,7812332
0,7812332
0,7502883
0,7812043
0,7813749
0,7813749
0,7813749
0,625326
0,5939525
0,5309172
0,4997347
0,4373268
0,3755358
0,3122871
0,2500173
0,2500173
0,1566762
0,09376381
0,03101982
0,03101982
7,006492E-45
7,006492E-45
7,006492E-45
7,006492E-45
1,401298E-45
1,401298E-45
1,401298E-45
1,401298E-45
0
0
0
0
0
0
0
0
0
0
0
0,2500023
0,3436839
0,6569263
0,6878412
0,8129893
0,8443643
0,8443643
0,8131424
0,8128692
0,8751675
0,8751675
0,7813149
0,7501317
0,6868839
0,6240508
0,5612983
0,5300395
0,5300395
0,4985171
0,4359506
0,4360119
0,3425301
0,3425301
0,3116154
0,2804655
0,2496029
0,1874108
0,1874108
0,2188773
0,2500497
0,2500497
0,2503482
0,3135968
0,3445719
0,3758501
0,3758501
0,3758501
0,3758501
0,4692118
0,5630758
0,5939906
0,6565294
0,6565294
0,6565294
0,6877773
0,719035
0,750229
0,750229
0,750229
0,844419
0,8756711
0,8756711
0,8754756
0,8754756
0,8754756
0,9380134
0,9380134
0,9380134
0,8754818
0,8754818
0,8748164
0,8435381
0,8435381
0,8125959
0,7812336
0,718641
0,6873882
0,6873882
0,4996608
0,4684765
0,4373268
0,3122871
0,2812643
0,2812643
0,2500297
0,1566762
0,1251537
0,06240964
0,03101982
7,006492E-45
1,401298E-45
1,401298E-45
1,401298E-45
1,401298E-45
1,401298E-45
1,401298E-45
1,401298E-45
0
0
0
0
0
0
0
0
0
0
0
0
0
0,2509045
0,2820887
0,5001318
0,5623227
0,812483
0,843856
0,9066297
0,9066297
0,9064571
0,9064571
0,9064571
0,9061795
0,9061795
0,8429299
0,8117469
0,8117469
0,8117469
0,843101
0,843101
0,811726
0,811726
0,811726
0,7801457
0,749203
0,7804496
0,7495718
0,7186572
0,7186572
0,7186572
0,7186572
0,7186572
0,7186572
0,8128496
0,8128496
0,8128496
0,8440713
0,8440713
0,8440713
0,8440713
0,8754447
0,8754447
0,8754447
0,8754447
0,8754447
0,8754447
0,9070255
0,9070255
0,8759526
0,8759526
0,8759526
0,9071379
0,9071379
0,9380134
0,9380134
0,9065479
0,9065479
0,8439003
0,8439003
0,8439003
0,750321
0,7812336
0,7812336
0,7812336
0,6559756
0,5934653
0,5309409
0,4064125
0,4064125
0,4064125
0,4064125
0,3751782
0,2183381
0,1873151
0,1246782
0,09328792
0,03101982
1,401298E-45
1,401298E-45
1,401298E-45
1,401298E-45
1,401298E-45
1,401298E-45
1,401298E-45
1,401298E-45
1,401298E-45
0
0
0
0
0
0
0
0
0
0
0
0
0
0
0
0,2502252
0,2502252
0,4699587
0,5011414
0,5945308
0,6567231
0,7193814
0,8127833
0,874733
0,874733
0,9063131
0,9063131
0,9377016
0,9686466
0,9686466
0,9686466
0,9686466
0,9999999
0,9999999
0,9999999
1
1
1
1
1
1
1
1
1
1
1
1
1
1
1
1
1
1
1
1
1
0,9999999
0,9999999
0,9999999
0,9999999
0,9999999
0,9999999
0,9689273
0,9689273
0,9374614
0,9374614
0,9374614
0,8748164
0,78159
0,78159
0,78159
0,78159
0,78159
0,78159
0,7190084
0,7190084
0,6247129
0,5935394
0,5621944
0,4372419
0,4060923
0,3441585
0,3441585
0,2817452
0,1876203
0,1876203
0,09365847
0,09365847
0,06274403
0,03135374
1,401298E-45
1,401298E-45
1,401298E-45
1,401298E-45
1,401298E-45
1,401298E-45
0
0
0
0
0
0
0
0
0
0
0
0
0
0
0
0
0
0
0
0,1568611
0,2505916
0,4076548
0,4076548
0,5008058
0,5320824
0,5949394
0,6882781
0,6882781
0,7502167
0,7817971
0,8443642
0,9377016
0,9377016
0,9377016
0,9686466
0,9686466
0,9686466
0,9686466
0,9686466
0,9686466
0,9686466
0,9686466
0,9999999
1
1
1
1
1
1
1
1
1
0,9999999
0,9999999
0,9999999
0,9999999
0,9999999
0,9999999
0,9999999
0,9999999
0,9999999
0,9999999
0,9689273
0,9689273
0,9689273
0,9689273
0,9689273
0,9379837
0,906518
0,906518
0,906518
0,8125131
0,7502292
0,7502292
0,7502292
0,7502292
0,6876338
0,6250323
0,6250323
0,5316756
0,4378381
0,4066661
0,3754138
0,2809063
0,2500297
0,2190103
0,1562405
0,09365847
0,09365847
0,09365847
0,03139035
1,401298E-45
1,401298E-45
1,401298E-45
1,401298E-45
1,401298E-45
1,401298E-45
1,401298E-45
0
0
0
0
0
0
0
0
0
0
0
0
0
0
0
0
0
0
0
0
0
0,03101982
0,03101982
0,1568611
0,1881184
0,2824008
0,3136211
0,4383804
0,4696327
0,4696327
0,5319352
0,6257559
0,6257559
0,6878341
0,7187495
0,7814793
0,8440456
0,8440456
0,9058651
0,9058651
0,9058651
0,9058651
0,9058651
0,9372562
0,9686466
0,9686466
0,9686466
0,9686466
0,9686466
0,9686466
1
1
1
1
0,9999999
0,9999999
0,9999999
0,9999999
0,9999999
0,9999999
0,9999999
0,9999999
0,9999999
0,9690558
0,875284
0,875284
0,8129172
0,8129172
0,8129172
0,750394
0,6564908
0,6564908
0,5940967
0,5314932
0,5002741
0,4377562
0,406606
0,406606
0,3754221
0,344164
0,3129117
0,2186398
0,2186398
0,09365847
0,09365847
0,09365847
0,06230484
0,06230484
0,03139035
0,03139035
0,03139035
1,401298E-45
1,401298E-45
1,401298E-45
1,401298E-45
1,401298E-45
0
0
0
0
0
0
0
0
0
0
0
0
0
0
0
0
0
0
0
0
0
0
0
0
0
0
0
0,1255154
0,1255154
0,1255154
0,1567357
0,2506748
0,2506748
0,2506748
0,2819325
0,313116
0,3441395
0,3752034
0,4690588
0,500316
0,5316908
0,5632144
0,6562268
0,687398
0,7188664
0,7188664
0,8120031
0,8430076
0,8430076
0,811774
0,8430519
0,8746325
0,8746325
0,8746325
0,9060225
0,8750038
0,9063917
0,8749262
0,8437539
0,8126823
0,8126823
0,7809927
0,7496317
0,6873494
0,7187036
0,7187036
0,6871214
0,6561788
0,5625109
0,4995993
0,4686846
0,4375348
0,4375348
0,3752648
0,3440058
0,3440058
0,2814401
0,2814401
0,2189672
0,1875769
0,1875769
0,1875769
0,1250397
0,1250397
0,1250397
0,06179107
0,06179107
0,03091439
0,03091439
0,03091439
0,03091439
0,03091439
1,401298E-45
1,401298E-45
1,401298E-45
1,401298E-45
0
0
0
0
0
0
0
0
0
0
0
0
0
0
0
0
0
0
0
0
0
0
0
0
0
0
0
0
0
0
0
0,03101982
0,03101982
0,03101982
0,03101982
0,1562059
0,1562059
0,1562059
0,218684
0,218684
0,3129558
0,3752034
0,438144
0,4694028
0,4694028
0,5009263
0,5634914
0,5946642
0,6570737
0,6570737
0,7502103
0,7812164
0,8120931
0,811774
0,8430519
0,8746325
0,8746325
0,8433859
0,8747749
0,8437551
0,8751448
0,8436785
0,8125074
0,7504911
0,7504911
0,7188026
0,6241938
0,5619103
0,5620434
0,5620434
0,5304623
0,5304623
0,4054212
0,3425091
0,3115947
0,2804449
0,2804449
0,2494215
0,2181631
0,2181631
0,1869709
0,1869709
0,124535
0,09314466
0,09314466
0,06226815
0,03091439
0,03091439
0,03091439
0,03091439
0,03091439
0,03091439
0,03091439
0
0
0
0
0
0
0
0
0
0
0
0
0
0
0
0
0
0
0
0
0
0
0
0
0
0
0
0
0
0
0
0
0
0
0
0
5
