0
0
0
0
0
0
0
0
0
0
0
1,401298E-45
1,401298E-45
1,401298E-45
1,401298E-45
1,401298E-45
1,401298E-45
1,401298E-45
1,401298E-45
1,401298E-45
3,082857E-44
3,082857E-44
3,082857E-44
0,01741606
0,01741606
0,03478076
0,05206339
0,05206339
0,05206339
0,06913251
0,1037467
0,1037467
0,1384632
0,2075959
0,2249102
0,2592675
0,293812
0,3109118
0,3625002
0,4141313
0,466053
0,5178457
0,5349494
0,6036928
0,6209233
0,6383255
0,638078
0,6377581
0,6894679
0,7240379
0,7411122
0,7415038
0,75868
0,7759969
0,7763662
0,7246674
0,7416669
0,6553213
0,6208137
0,6551699
0,6205918
0,55133
0,516826
0,4649518
0,4302328
0,4129024
0,3785426
0,3097291
0,3097291
0,2754703
0,2239733
0,1891772
0,1373875
0,08604103
0,08604103
0,08611904
0,08611904
0,08611904
0,0688972
0,03454022
0,01726809
0,01726809
0,01726809
0,01726809
0,01726809
0,01726809
0,01726809
1,401298E-45
1,401298E-45
1,401298E-45
1,401298E-45
1,401298E-45
1,401298E-45
1,401298E-45
1,401298E-45
1,401298E-45
0
0
0
0
0
0
0
0
0
0
0
0
1,401298E-45
1,401298E-45
1,401298E-45
1,401298E-45
1,401298E-45
1,401298E-45
1,401298E-45
1,401298E-45
1,401298E-45
3,082857E-44
0,01736462
0,01736462
0,03460202
0,05201812
0,05201812
0,08642978
0,138312
0,1557007
0,1901362
0,2246518
0,2419408
0,2764854
0,3281507
0,3625084
0,431588
0,5177146
0,5349681
0,5694653
0,6381618
0,7070205
0,7415289
0,7588441
0,7760184
0,8280554
0,8626222
0,8968414
0,9139419
0,9309387
0,9309387
0,9309387
0,948169
0,9656017
0,9656017
0,9827294
0,9827294
0,9827294
0,9827294
0,9481139
0,9481139
0,9307382
0,9135367
0,9135367
0,8962504
0,8618686
0,8445576
0,7755622
0,7413067
0,7069845
0,6897027
0,6897027
0,6375929
0,60291
0,5341742
0,4652375
0,4306211
0,3960304
0,3271954
0,2411728
0,2064452
0,1718308
0,1203518
0,08611904
0,08611904
0,08611904
0,08611904
0,0688972
0,05176809
0,03454022
0,01726809
0,01726809
0,01726809
0,01726809
0,01726809
0,01726809
1,401298E-45
1,401298E-45
1,401298E-45
1,401298E-45
1,401298E-45
1,401298E-45
1,401298E-45
1,401298E-45
0
0
0
0
0
0
0
0
1,401298E-45
1,401298E-45
1,401298E-45
1,401298E-45
3,082857E-44
3,082857E-44
3,082857E-44
3,082857E-44
3,082857E-44
3,082857E-44
0,01736462
0,03470701
0,08645231
0,1383262
0,1383262
0,1556153
0,207377
0,207377
0,2763524
0,3797247
0,3970707
0,4142836
0,4830399
0,4830399
0,5347061
0,6209233
0,6726694
0,689954
0,741543
0,7934474
0,8277799
0,8621372
0,8621372
0,8967639
0,9138936
0,93107
0,93107
0,9655017
0,9655017
0,9655017
0,9827294
0,9827294
0,9827294
0,9827294
0,9827294
0,9827294
0,9827294
0,9481139
0,9481139
0,9307382
0,9307382
0,9307382
0,9307382
0,9136363
0,8963243
0,861971
0,8276674
0,8276674
0,8103857
0,7758223
0,7408975
0,7063627
0,6546338
0,6203542
0,5686961
0,5340381
0,448094
0,3789465
0,3616572
0,327255
0,2584754
0,2068066
0,1549638
0,137527
0,1203518
0,0688972
0,0688972
0,05166939
0,03439723
0,03439723
0,01726809
0,01726809
0,01726809
0,01726809
1,401298E-45
1,401298E-45
1,401298E-45
1,401298E-45
1,401298E-45
1,401298E-45
1,401298E-45
1,401298E-45
0
0
0
0
0
0
0
0
1,401298E-45
1,401298E-45
1,401298E-45
1,401298E-45
3,082857E-44
3,082857E-44
3,082857E-44
0,03460202
0,05201812
0,05201812
0,05201812
0,1039817
0,1557492
0,2415949
0,2589691
0,2935692
0,3279567
0,3626638
0,3972034
0,4488118
0,5177007
0,5866571
0,6382094
0,6725772
0,74157
0,7587904
0,8105381
0,86216
0,8964269
0,9138386
0,9309387
0,948169
0,948169
0,948169
0,9652987
0,9652987
0,9652987
0,9827294
0,9827294
0,9827294
0,9827294
0,9827294
0,9827294
0,9827294
0,9827294
0,9827294
0,9827294
0,9827294
0,9827294
0,9827294
0,9999999
0,9827981
0,9827981
0,9827981
0,9654257
0,9480075
0,930804
0,930804
0,930804
0,8791127
0,8791127
0,8445741
0,8098791
0,7240968
0,6551896
0,6378974
0,5690718
0,5171946
0,499701
0,4654784
0,430899
0,3272975
0,2408015
0,1890442
0,15461
0,1203368
0,1031616
0,1031616
0,08611904
0,0688972
0,03449595
0,03449595
0,01726809
0,01726809
0,01726809
0,01726809
3,082857E-44
1,401298E-45
1,401298E-45
1,401298E-45
1,401298E-45
1,401298E-45
0
0
0
0
0
0
0
0
1,401298E-45
3,082857E-44
3,082857E-44
3,082857E-44
0,01723742
0,03434034
0,05175643
0,1035465
0,1035465
0,1210403
0,1726175
0,259203
0,3109607
0,3282329
0,3625567
0,4659719
0,5002701
0,5521003
0,6383187
0,6728116
0,7242926
0,7584656
0,8103138
0,8795746
0,8795746
0,896796
0,896796
0,9480669
0,9480669
0,9480669
0,9480669
0,9652987
0,9827294
0,9827294
0,9827294
0,9827294
0,9827294
0,9656484
0,9656484
0,9656484
0,9829171
0,9829171
0,9829171
0,9657045
0,9657045
0,9657045
0,9657045
0,9657045
0,9657045
0,9657045
0,9829171
0,9829171
0,9829171
0,9657143
0,9657143
0,9657143
0,9657143
0,9657143
0,9657143
0,9654257
0,930804
0,930804
0,913474
0,8788792
0,8444941
0,8272397
0,7755277
0,7067065
0,6379553
0,5691596
0,5518147
0,5175565
0,4482536
0,379264
0,3619214
0,2925909
0,1890098
0,1546953
0,08611904
0,0688972
0,0688972
0,0688972
0,05166939
0,03439723
0,03439723
0,01726809
3,082857E-44
3,082857E-44
3,082857E-44
1,401298E-45
1,401298E-45
1,401298E-45
0
0
0
0
0
0
0
3,082857E-44
3,082857E-44
3,783506E-44
3,783506E-44
3,783506E-44
0,05201812
0,08646352
0,1209973
0,1726289
0,2414278
0,27631
0,3279362
0,3626556
0,3798599
0,431803
0,5003533
0,6038181
0,7071974
0,7242802
0,74147
0,7584981
0,8101599
0,8617869
0,8790522
0,9135526
0,9135256
0,9135256
0,8789128
0,8789128
0,8790072
0,8790072
0,844445
0,7927722
0,7582299
0,7409418
0,7238427
0,6719478
0,6375669
0,6376882
0,6376882
0,5862331
0,6207033
0,586248
0,5518041
0,5002543
0,5173226
0,5345082
0,5001075
0,5519159
0,5693038
0,5866644
0,6209906
0,6728591
0,6728591
0,6900356
0,7071617
0,7244314
0,7244033
0,7588862
0,7761102
0,7758163
0,7758163
0,8450505
0,8796645
0,8967076
0,8448289
0,8620209
0,844703
0,8274264
0,7930407
0,7757704
0,741192
0,6038657
0,5692321
0,5005483
0,4831811
0,4137893
0,3444439
0,2927694
0,1895052
0,1723302
0,1204653
0,1033504
0,08612874
0,0516251
0,0516251
0,03439723
0,01712916
3,082857E-44
3,082857E-44
1,401298E-45
1,401298E-45
0
0
0
0
0
3,082857E-44
3,082857E-44
3,082857E-44
3,783506E-44
3,783506E-44
0,03462433
0,06896472
0,1207225
0,1555272
0,2071271
0,275906
0,2933997
0,310621
0,3453415
0,3971317
0,5005434
0,5521724
0,6039095
0,6723586
0,7067115
0,8100902
0,8619027
0,8618061
0,8617385
0,8445137
0,8619165
0,8615705
0,8616427
0,844355
0,8098086
0,7751498
0,7407903
0,706061
0,6546286
0,6028402
0,533883
0,4993465
0,4823239
0,4652243
0,4135179
0,3965804
0,3448068
0,3104118
0,2933689
0,3276732
0,2930398
0,2758633
0,2758633
0,2758633
0,2758613
0,2240255
0,2241274
0,2409574
0,2236406
0,2757858
0,3103445
0,3450422
0,362688
0,4145613
0,4832892
0,5004168
0,4831711
0,4831711
0,5178547
0,5864575
0,6381569
0,6897691
0,7415034
0,7239767
0,7755839
0,7757061
0,7760002
0,8104955
0,7931277
0,7930378
0,7070368
0,6551079
0,5691103
0,5863373
0,53487
0,4829829
0,3967428
0,3621793
0,3275515
0,2586847
0,1723302
0,1032436
0,0688972
0,0688972
0,0688972
0,03435707
0,01722784
3,082857E-44
1,121039E-44
1,121039E-44
0
0
0
0
0
3,783506E-44
3,783506E-44
3,783506E-44
0,03434034
0,03434034
0,1033901
0,1553963
0,2072393
0,2415338
0,3104122
0,3622134
0,4314675
0,4659857
0,5347794
0,5862386
0,6206067
0,6894441
0,7414037
0,7931521
0,827478
0,862042
0,8274734
0,7929016
0,8100012
0,8270438
0,7924685
0,7577959
0,7064288
0,6720111
0,6375205
0,6031446
0,5688344
0,5170134
0,448389
0,3619435
0,3446611
0,3102159
0,2413015
0,2068078
0,2068078
0,1895762
0,1549141
0,1378139
0,1206361
0,1206361
0,1036385
0,1036385
0,1036385
0,1036385
0,1208399
0,1207777
0,1210647
0,1035707
0,1035707
0,1210647
0,1381677
0,1901789
0,2419426
0,2591468
0,2936376
0,3278654
0,379748
0,3970312
0,4142857
0,4484822
0,4658284
0,517252
0,5518652
0,5863105
0,6381134
0,6728095
0,7246235
0,7418646
0,7416046
0,7758276
0,7585381
0,7587073
0,6725088
0,6206921
0,5521583
0,5348105
0,5346673
0,5001268
0,4657562
0,4310977
0,2929775
0,1376566
0,08612874
0,08612874
0,08612874
0,0688972
0,05176809
0,01726809
1,121039E-44
1,121039E-44
0
0
0
1,401298E-45
1,401298E-45
3,783506E-44
0,01736462
0,01736462
0,1033901
0,1553963
0,1899504
0,224245
0,2929892
0,3451112
0,3969927
0,4315709
0,5176643
0,5866166
0,6208324
0,6720899
0,7583458
0,8099737
0,8100755
0,8447825
0,8101048
0,8099216
0,7583517
0,7753962
0,7235922
0,7235922
0,6892588
0,6718712
0,6200247
0,5512576
0,4481769
0,3793695
0,3274153
0,2929255
0,275609
0,1891376
0,120432
0,120432
0,120432
0,08605922
0,08605922
0,08605922
0,08605922
0,06893013
0,06893013
0,06893013
0,03449595
0,01726809
0,01726809
0,01726809
0,01726809
0,03464244
0,03464244
0,03464244
0,05184386
0,05184386
0,06894674
0,06894674
0,08636294
0,08636294
0,1036953
0,1210098
0,1382856
0,1557794
0,1901895
0,3105555
0,3278098
0,3794747
0,4312609
0,4828237
0,5345821
0,5691144
0,6034737
0,6207349
0,689867
0,7589971
0,7762238
0,7760809
0,7416415
0,7415748
0,6382424
0,5694814
0,5694793
0,5349235
0,5004306
0,4657717
0,3792126
0,2926589
0,2068228
0,1036224
0,1036224
0,0688972
0,0688972
0,03439723
1,121039E-44
1,121039E-44
1,401298E-45
0
0
3,082857E-44
3,082857E-44
0,01723742
0,06878805
0,1203386
0,1722126
0,2242011
0,2763168
0,3452388
0,3796782
0,4485639
0,5346275
0,569118
0,6033221
0,655174
0,6894035
0,7410192
0,7755848
0,7928145
0,7585394
0,7757885
0,7584008
0,7582598
0,7237977
0,6894742
0,6378055
0,5859194
0,5858263
0,5166007
0,4820923
0,4133914
0,3274392
0,2756361
0,20664
0,172288
0,1549711
0,1206392
0,06893013
0,0519325
0,0519325
0,0519325
0,0519325
0,0519325
0,03449595
0,03449595
0,03449595
0,03449595
0,03449595
0,01726809
0,01726809
0,01726809
0,01726809
0,01726809
0,01726809
0,01726809
0,01726809
0,01726809
0,05184386
0,05184386
0,06925996
0,06925996
0,06932443
0,1037416
0,1037416
0,1037416
0,1208691
0,2067197
0,2412501
0,3105647
0,3450552
0,3622155
0,4139467
0,4828077
0,517386
0,5519301
0,5867436
0,6728867
0,7071957
0,6727549
0,7073022
0,7759727
0,706994
0,6209366
0,5692078
0,5693401
0,5691967
0,500201
0,4309807
0,3791628
0,3447163
0,2241721
0,1724449
0,08639096
0,08639096
0,05189104
2,382207E-44
2,382207E-44
1,401298E-45
1,401298E-45
1,401298E-45
0,01710297
0,03418599
0,08581049
0,1204472
0,1894425
0,2414063
0,2761679
0,3625446
0,4313883
0,5001396
0,5861452
0,6378186
0,6896271
0,6896275
0,7586603
0,7584109
0,7756382
0,7754201
0,7584983
0,7239327
0,7412292
0,6895732
0,6204398
0,5684807
0,4996628
0,4479197
0,3964077
0,3964077
0,3272932
0,2236897
0,1891823
0,137878
0,1035183
0,06901553
0,0519325
0,0519325
0,0519325
0,0519325
0,03449595
0,03449595
0,01726809
0,01726809
0,01726809
0,01726809
0,01726809
0,01726809
0,01726809
0,01726809
0,01726809
0,01726809
0,01726809
0
0
0
0
1,401298E-45
1,401298E-45
0,01720143
0,01720143
0,01720143
0,01720143
0,01720143
0,01720143
0,05194997
0,05194997
0,1035547
0,1035547
0,1208691
0,1724396
0,2240739
0,2415997
0,2932582
0,3621962
0,3966176
0,4139549
0,465703
0,5348372
0,551921
0,6208922
0,6902251
0,7420167
0,7077782
0,74177
0,6379668
0,5694814
0,5520685
0,5520144
0,5001977
0,4655371
0,4137594
0,3101591
0,2757586
0,1555388
0,1209871
0,06916324
0,01727214
0,01727214
1,401298E-45
1,401298E-45
1,401298E-45
0,03436262
0,05144569
0,137566
0,1895453
0,2415335
0,3105301
0,4138748
0,483049
0,5346733
0,6033293
0,689346
0,6894966
0,7586603
0,775701
0,7755584
0,7754837
0,7413223
0,7239652
0,6894816
0,6203867
0,6029875
0,5338435
0,482172
0,4306763
0,3792207
0,3445906
0,2757678
0,2066375
0,1548756
0,1377924
0,1377924
0,1033925
0,06903309
0,0519325
0,03470464
0,03470464
0,03470464
0,03470464
0,01726809
0,01726809
0,01726809
0,01726809
0,01726809
0,01726809
0,01726809
0,01726809
0,01726809
0,01726809
0,01726809
0,01726809
0,01726809
0
0
0
0
0
0
0
0
0,01720143
0,01720143
0,01720143
0,01720143
0,03453385
0,03453385
0,0861386
0,0861386
0,0861386
0,1379215
0,1552359
0,172597
0,1898515
0,2584088
0,3272438
0,3791449
0,3962784
0,4136248
0,448189
0,5175082
0,6558442
0,6731096
0,6732073
0,7418534
0,724543
0,673093
0,6039134
0,5865452
0,5346673
0,5000086
0,4309134
0,3618892
0,3103339
0,172752
0,1382004
0,06916324
0,01727214
0,01727214
1,401298E-45
0,01710297
0,03418599
0,1548705
0,1548705
0,2245015
0,2589131
0,3106676
0,3623954
0,482564
0,5689721
0,6550407
0,6724527
0,7414285
0,7757611
0,7758346
0,7586457
0,7240701
0,6894861
0,6379309
0,6032122
0,5511994
0,5166408
0,4820907
0,4302709
0,3789655
0,3273697
0,2755372
0,2239538
0,155204
0,1380264
0,1207949
0,1036944
0,08665186
0,06924947
0,0519325
0,0519325
0,01726809
0,01726809
0,01726809
0,01726809
0,01726809
0,01726809
0,01726809
1,401298E-45
0
0
0
0
0
0
0
0
0
0
0
0
0
0
0
0
0
0
1,401298E-45
0,01720143
0,01720143
0,03453385
0,03453385
0,05166126
0,05166126
0,06903567
0,1034022
0,1034022
0,1205052
0,1377597
0,2240942
0,2413773
0,2587588
0,3444617
0,36173
0,4134787
0,4655788
0,5173808
0,569398
0,6213387
0,7072451
0,7245292
0,7251541
0,6901963
0,672931
0,5691657
0,5173526
0,4482555
0,4136921
0,3793628
0,2415867
0,1898097
0,1034836
0,01727214
0,01727214
1,401298E-45
0,06889068
0,08597381
0,1548705
0,1722126
0,2933942
0,3277522
0,4308103
0,4654911
0,5515773
0,6378828
0,7239714
0,7242525
0,724265
0,7588206
0,7245288
0,6552327
0,6206938
0,5860534
0,6032482
0,5343061
0,4650085
0,3960911
0,3274235
0,3100626
0,2242825
0,2241885
0,1722848
0,1207775
0,1036944
0,08629209
0,05202154
0,05202154
0,03470464
0,01726809
0,01726809
0,01726809
0,01726809
0,01726809
1,401298E-45
0
0
0
0
0
0
0
0
0
0
0
0
0
0
0
0
0
0
0
0
0
0
0
0
0
0
0,03453385
0,03453385
0,05166126
0,05166126
0,06903567
0,1034022
0,1034022
0,1205052
0,1205052
0,1550989
0,1723533
0,2414753
0,3099813
0,3272509
0,3789136
0,3962598
0,4309875
0,5003138
0,5693863
0,6039456
0,6384587
0,724934
0,7591836
0,7248504
0,6037159
0,5519001
0,500071
0,4655056
0,3793628
0,2759413
0,2759413
0,172492
0,05177163
0,05177163
1,401298E-45
0,1377873
0,1720928
0,2238094
0,2411518
0,345186
0,4142243
0,5170799
0,5686564
0,6375329
0,7067139
0,7757445
0,7931437
0,7241093
0,6724745
0,6036137
0,5860923
0,5689219
0,4652566
0,4307985
0,3962569
0,3446451
0,2753868
0,2412142
0,2067202
0,1208075
0,1208075
0,103553
0,06897515
0,0519325
0,0519325
0,03470464
0,01726809
0,01726809
0,01726809
0,01726809
0,01726809
0,01726809
0,01726809
1,401298E-45
0
0
0
0
0
0
0
0
0
0
0
0
0
0
0
0
0
0
0
0
0
0
0
0
0
0
0,01720143
0,01720143
0,03432883
0,05166126
0,05166126
0,06888381
0,06888381
0,1031308
0,1031308
0,1205052
0,1377597
0,1549185
0,2060373
0,2755654
0,3445269
0,379238
0,4483534
0,4657421
0,5346738
0,586394
0,5866127
0,7075876
0,7418839
0,7764938
0,6900452
0,6900452
0,5864074
0,5174339
0,4310344
0,310271
0,2759413
0,172492
0,05177163
0,05177163
4,203895E-45
0,1377674
0,1549901
0,2587187
0,2933505
0,4653889
0,5343657
0,6032097
0,6894262
0,7410921
0,7412687
0,7241406
0,758901
0,6725838
0,6206868
0,6035033
0,4823495
0,430744
0,3789815
0,344767
0,3101369
0,2414972
0,224131
0,1552824
0,1378712
0,08628489
0,06905692
0,06928244
0,03470464
0,03470464
0,03470464
0,03470464
0,01726809
0,01726809
1,121039E-44
1,121039E-44
1,121039E-44
1,121039E-44
1,121039E-44
0
0
0
0
0
0
0
0
0
0
0
0
0
0
0
0
0
0
0
0
0
0
0
0
0
0
0
0
0
0,01712743
0,05166126
0,05166126
0,06888381
0,06888381
0,0860279
0,0860279
0,0860279
0,1031308
0,137491
0,2061387
0,1718099
0,2405882
0,3446413
0,4483534
0,4657421
0,5175911
0,5693104
0,5522935
0,6903358
0,7247283
0,7767617
0,7592537
0,7419584
0,6209044
0,5519328
0,4310344
0,3790643
0,3447357
0,2069941
0,1034031
0,06890079
4,203895E-45
0,1033442
0,1379094
0,3275807
0,3793244
0,5342041
0,5514989
0,6032261
0,6723241
0,7067403
0,7069489
0,7242244
0,7070377
0,6551808
0,5859482
0,5171877
0,4139331
0,3793786
0,3618794
0,293061
0,2413724
0,1727036
0,1379267
0,08614062
0,08614062
0,0516545
0,0516545
0,03461196
1,121039E-44
1,121039E-44
1,121039E-44
1,121039E-44
1,121039E-44
1,121039E-44
1,121039E-44
1,401298E-45
1,401298E-45
1,401298E-45
0
0
0
0
0
0
0
0
0
0
0
0
0
0
0
0
0
0
0
0
0
0
0
0
0
0
0
0
0
0
0,01712743
0,05166126
0,05166126
0,06888381
0,06888381
0,0860279
0,0860279
0,0860279
0,1031308
0,1203905
0,2064736
0,1893461
0,2407463
0,2755034
0,3619741
0,4138355
0,4828004
0,5347497
0,53514
0,6728984
0,6557302
0,707987
0,7420457
0,7592341
0,6380052
0,5863481
0,482969
0,430999
0,3447357
0,2069941
0,1206284
0,08612601
4,203895E-45
0,06894477
0,1035096
0,3619403
0,4136844
0,5688751
0,6206686
0,6206686
0,6553286
0,7242231
0,7070968
0,6381282
0,6036444
0,534326
0,5170823
0,4481396
0,3450363
0,2933932
0,2931172
0,2417575
0,1552921
0,120826
0,1035947
0,0516545
0,0516545
0,03421794
0,03421794
0,01717533
1,121039E-44
1,121039E-44
1,121039E-44
1,401298E-45
1,401298E-45
1,401298E-45
1,401298E-45
1,401298E-45
1,401298E-45
0
0
0
0
0
0
0
0
0
0
0
0
0
0
0
0
0
0
0
0
0
0
0
0
0
0
0
0
0
0
1,401298E-45
1,401298E-45
0,01733242
0,03445987
0,06888381
0,06888381
0,06888381
0,06888381
0,06888381
0,1031308
0,1203905
0,1720413
0,1549142
0,2063437
0,2065371
0,2582151
0,3619238
0,448514
0,4831225
0,5177361
0,6556505
0,6729691
0,7251294
0,742131
0,7939021
0,7247295
0,6384023
0,5348442
0,5001361
0,3792003
0,2414837
0,1726452
0,1208573
4,203895E-45
0,1202231
0,154788
0,3620694
0,4138132
0,5171417
0,6206801
0,6552444
0,6727555
0,707085
0,6724817
0,6206268
0,5864856
0,4655439
0,4140169
0,3276972
0,2934009
0,18988
0,1724675
0,1380164
0,1035018
0,06905692
0,06905692
0,0516545
0,0516545
0,03421794
0,01704259
1,121039E-44
1,121039E-44
1,121039E-44
1,121039E-44
1,401298E-45
1,401298E-45
1,401298E-45
1,401298E-45
1,401298E-45
1,401298E-45
0
0
0
0
0
0
0
0
0
0
0
0
0
0
0
0
0
0
0
0
0
0
0
0
0
0
0
0
0
0
1,401298E-45
1,401298E-45
0,01733242
0,03445987
0,06888381
0,06888381
0,06888381
0,06888381
0,06888381
0,0860279
0,0860279
0,1031284
0,1031039
0,2063437
0,1891758
0,2062957
0,3099494
0,4310976
0,4657069
0,5177361
0,6213206
0,6386383
0,7080016
0,7077769
0,7595478
0,7419981
0,6730456
0,5865
0,5517593
0,4136968
0,2928976
0,224341
0,1382939
4,203895E-45
0,1547865
0,1892977
0,3966263
0,46558
0,5171596
0,5861978
0,6550374
0,6552167
0,6724918
0,6551497
0,5516711
0,483016
0,3791453
0,3449196
0,2930814
0,241468
0,138174
0,1552921
0,120826
0,08631152
0,06905692
0,06905692
0,0516545
0,0516545
0,01717533
1,121039E-44
1,121039E-44
7,006492E-45
7,006492E-45
7,006492E-45
1,401298E-45
1,401298E-45
1,401298E-45
1,401298E-45
1,401298E-45
1,401298E-45
0
0
0
0
0
0
0
0
0
0
0
0
0
0
0
0
0
0
0
0
0
0
0
0
0
0
0
0
0
0
1,401298E-45
1,401298E-45
1,401298E-45
0,01712743
0,05168231
0,05168231
0,06888381
0,06888381
0,06888381
0,0860279
0,0860279
0,1031284
0,1031039
0,189089
0,1892535
0,2236282
0,2754883
0,3619111
0,3962317
0,4658479
0,5868182
0,6214364
0,690796
0,7077461
0,7768019
0,7592814
0,7247429
0,6556874
0,5865329
0,4482886
0,3448741
0,2760449
0,1898261
0,01721341
0,1548212
0,1893323
0,4311691
0,55193
0,5518224
0,5690538
0,6551692
0,6380062
0,6036932
0,5864042
0,46558
0,4659524
0,3278816
0,2587344
0,1896896
0,1896123
0,1205382
0,1206139
0,1034238
0,06890921
0,0516545
0,0516545
0,03421794
0,03421794
0,01717533
1,121039E-44
1,121039E-44
1,401298E-45
1,401298E-45
1,401298E-45
1,401298E-45
1,401298E-45
1,401298E-45
1,401298E-45
1,401298E-45
1,401298E-45
0
0
0
0
0
0
0
0
0
0
0
0
0
0
0
0
0
0
0
0
0
0
0
0
0
0
0
0
1,401298E-45
1,401298E-45
1,401298E-45
1,401298E-45
1,401298E-45
0,01712743
0,05168231
0,05168231
0,06888381
0,06888381
0,06888381
0,06888381
0,06888381
0,1031284
0,1031039
0,154537
0,1545576
0,1889899
0,2410121
0,2929306
0,3789496
0,4484452
0,5001906
0,5349466
0,6388035
0,7077461
0,7595881
0,7593448
0,742017
0,6556874
0,5865329
0,4653712
0,3791323
0,310304
0,224198
0,03450221
0,189729
0,2240873
0,4310165
0,5347065
0,5691838
0,5864152
0,6551692
0,6380062
0,5866963
0,5694071
0,4140686
0,379565
0,2585204
0,2240083
0,1550061
0,1207144
0,08620705
0,1033824
0,06893756
0,0516545
0,0516545
0,0516545
0,03421794
0,03421794
0,01717533
3,082857E-44
1,121039E-44
1,401298E-45
1,401298E-45
1,401298E-45
1,401298E-45
1,401298E-45
1,401298E-45
1,401298E-45
1,401298E-45
0
0
0
0
0
0
0
0
0
0
0
0
0
0
0
0
0
0
0
0
0
0
0
0
0
0
0
0
0
1,401298E-45
1,401298E-45
1,401298E-45
1,401298E-45
1,401298E-45
0,01712743
0,05168231
0,05168231
0,06888381
0,06888381
0,06888381
0,06888381
0,06888381
0,120126
0,1201016
0,154537
0,1717588
0,2061908
0,2063688
0,2583756
0,327374
0,4141396
0,5001906
0,5006884
0,5525331
0,6215489
0,7251867
0,7594016
0,7593655
0,6729701
0,6211102
0,4826673
0,36186
0,3101858
0,22408
0,03450221
0,189909
0,2587658
0,4311489
0,5003408
0,5692965
0,5865282
0,6208045
0,6207238
0,5865746
0,5522037
0,3795171
0,3104761
0,2068627
0,2068886
0,1206106
0,1034385
0,08620705
0,1033824
0,06893756
0,0516545
0,03421794
0,03421794
0,01717533
0,01717533
0,01717533
3,082857E-44
1,121039E-44
8,407791E-45
8,407791E-45
1,401298E-45
1,401298E-45
1,401298E-45
1,401298E-45
1,401298E-45
1,401298E-45
0
0
0
0
0
0
0
0
0
0
0
0
0
0
0
0
0
0
0
0
0
0
0
0
0
0
0
1,401298E-45
1,401298E-45
1,401298E-45
1,401298E-45
1,401298E-45
1,401298E-45
1,401298E-45
0,01712743
0,05168231
0,05168231
0,06888381
0,06888381
0,06888381
0,06888381
0,06888381
0,120126
0,1201016
0,154537
0,1717588
0,1889364
0,1891143
0,2411001
0,3100984
0,3793675
0,4654169
0,5005387
0,5523854
0,6216133
0,707983
0,7766557
0,776621
0,690253
0,6383935
0,5343114
0,4305474
0,3272279
0,22408
0,03450221
0,2071546
0,258723
0,3793806
0,4485722
0,517529
0,5347595
0,5690344
0,5689555
0,5001665
0,4487239
0,3449746
0,2585234
0,1720906
0,1895274
0,1206106
0,1034385
0,08620705
0,1033824
0,06893756
0,0516545
0,03421794
0,03421794
0,01717533
0,01717533
0,01717533
3,082857E-44
1,121039E-44
1,121039E-44
1,121039E-44
8,407791E-45
8,407791E-45
1,401298E-45
1,401298E-45
1,401298E-45
1,401298E-45
0
0
0
0
0
0
0
0
0
0
0
0
0
0
0
0
0
0
0
0
0
0
0
0
1,401298E-45
1,401298E-45
1,401298E-45
1,401298E-45
1,401298E-45
1,401298E-45
1,401298E-45
0,01722244
0,01722244
0,01722244
0,03434986
0,03434986
0,03434986
0,05168231
0,05168231
0,06888381
0,06888381
0,06888381
0,120126
0,1201016
0,1373145
0,1545364
0,1717139
0,1718917
0,2584143
0,3274128
0,3793675
0,4483338
0,4834567
0,5010829
0,587396
0,6907591
0,7594361
0,776621
0,7247984
0,7074332
0,5861938
0,5170336
0,3618321
0,22408
0,03450221
0,2069289
0,2759075
0,3797931
0,4144747
0,466315
0,4834151
0,5348059
0,5519562
0,4655504
0,3794499
0,3276009
0,2411487
0,154887
0,154887
0,1031739
0,08600198
0,0515158
0,06869118
0,05150101
0,03421794
0,03421794
0,03421794
0,01717533
0,01717533
0,01717533
3,082857E-44
3,082857E-44
3,082857E-44
3,082857E-44
8,407791E-45
8,407791E-45
1,401298E-45
1,401298E-45
1,401298E-45
1,401298E-45
1,401298E-45
0
0
0
0
0
0
0
0
0
0
0
0
0
0
0
0
0
0
0
0
0
0
0
1,401298E-45
1,401298E-45
1,401298E-45
1,401298E-45
1,401298E-45
1,401298E-45
1,401298E-45
0,01722244
0,01722244
0,01722244
0,03434986
0,03434986
0,03434986
0,05168231
0,05168231
0,06888381
0,06888381
0,08598416
0,120126
0,1201016
0,1544923
0,1889861
0,2063028
0,1891352
0,2238142
0,2755007
0,3274276
0,3793854
0,4491648
0,48393
0,5702425
0,6736059
0,7594361
0,776621
0,7420508
0,7074152
0,586332
0,5344458
0,3618321
0,258556
0,06897812
0,2071451
0,2759218
0,3277336
0,3624139
0,4488479
0,4488479
0,4831385
0,4657689
0,3967524
0,2933603
0,2416064
0,2242196
0,1377652
0,1203797
0,08594257
0,08588555
0,06863082
0,06869118
0,05150101
0,03421794
0,03421794
0,03421794
0,01717533
0,01717533
0,01717533
3,082857E-44
3,082857E-44
3,082857E-44
3,082857E-44
1,121039E-44
1,121039E-44
1,121039E-44
8,407791E-45
1,401298E-45
1,401298E-45
1,401298E-45
0
0
0
0
0
0
0
0
0
0
0
0
0
0
0
0
0
0
0
0
0
0
0
1,401298E-45
1,401298E-45
1,401298E-45
1,401298E-45
1,401298E-45
1,401298E-45
1,401298E-45
0,01722244
0,01722244
0,01722244
0,03434986
0,03434986
0,03434986
0,05168231
0,05168231
0,06888381
0,08598664
0,1030872
0,1544063
0,1545011
0,1717139
0,1889861
0,2063028
0,188997
0,2236761
0,2753625
0,3101588
0,3279375
0,3804475
0,4321541
0,5529025
0,6736059
0,7594361
0,776621
0,7420508
0,7074152
0,6036159
0,5690226
0,3964508
0,2932644
0,0863634
0,1900621
0,2588385
0,3622138
0,3968933
0,4313543
0,4313543
0,4656449
0,4482754
0,3792585
0,2929136
0,241159
0,2241003
0,1377652
0,1203797
0,08594257
0,08588555
0,06863082
0,06869118
0,05150101
0,03421794
0,03421794
0,03421794
0,03421794
0,03421794
0,01717533
0,01717533
0,01717533
3,082857E-44
3,082857E-44
3,082857E-44
3,082857E-44
1,121039E-44
8,407791E-45
8,407791E-45
8,407791E-45
8,407791E-45
0
0
0
0
0
0
0
0
0
0
0
0
0
0
0
0
0
0
0
0
0
1,401298E-45
1,401298E-45
1,401298E-45
1,401298E-45
1,401298E-45
1,401298E-45
1,401298E-45
1,401298E-45
1,401298E-45
0,01722244
0,01722244
0,01722244
0,03434986
0,03434986
0,03434986
0,05168231
0,05168231
0,05166126
0,08590828
0,1030089
0,1371839
0,1545503
0,1889861
0,1889861
0,2236171
0,2063114
0,2065755
0,241142
0,2757626
0,3106613
0,363037
0,4147424
0,5356398
0,6736059
0,7594361
0,7593042
0,7247383
0,6901006
0,6036159
0,5690226
0,413812
0,3106255
0,0863634
0,1900621
0,2588385
0,3449441
0,3796251
0,4140857
0,4140857
0,4483759
0,4310065
0,3792585
0,2757935
0,224039
0,2069803
0,1551263
0,1377408
0,08594257
0,08588555
0,06863082
0,06869118
0,05150101
0,03421794
0,03421794
0,03421794
0,03421794
0,03421794
0,01717533
0,01717533
0,01717533
3,082857E-44
3,082857E-44
3,082857E-44
3,082857E-44
1,121039E-44
1,121039E-44
1,121039E-44
8,407791E-45
8,407791E-45
1,401298E-45
1,401298E-45
1,401298E-45
0
0
0
0
0
0
0
0
0
0
0
0
0
0
0
0
1,401298E-45
1,401298E-45
1,401298E-45
1,401298E-45
1,401298E-45
1,401298E-45
1,401298E-45
1,401298E-45
1,401298E-45
1,401298E-45
1,401298E-45
0,01722244
0,01722244
0,01722244
0,03434986
0,03434986
0,03434986
0,05168231
0,05168231
0,05166126
0,08590828
0,1030089
0,1371839
0,1545503
0,1889861
0,2063508
0,2409818
0,2236761
0,2065755
0,241142
0,2585081
0,2761244
0,3285313
0,3802267
0,4839472
0,6046373
0,6903692
0,7420322
0,7074664
0,6901006
0,6208984
0,5863054
0,4482696
0,3621526
0,1034328
0,1728847
0,2245781
0,310778
0,3451557
0,3622553
0,379641
0,4141788
0,3795224
0,3450235
0,2933245
0,2069702
0,189655
0,1722805
0,1206413
0,06884287
0,06884287
0,05158821
0,0515158
0,03432569
0,05150101
0,05150101
0,05150101
0,03421794
0,03421794
0,01717533
0,01717533
0,01717533
3,082857E-44
3,082857E-44
3,082857E-44
3,082857E-44
3,082857E-44
3,082857E-44
1,121039E-44
8,407791E-45
8,407791E-45
8,407791E-45
8,407791E-45
1,401298E-45
1,401298E-45
1,401298E-45
0
0
0
0
0
0
0
0
0
0
0
0
0
0
1,401298E-45
1,401298E-45
1,401298E-45
1,401298E-45
1,401298E-45
1,401298E-45
1,401298E-45
0,01722244
0,01722244
0,01722244
0,01722244
0,01722244
0,03434986
0,03434986
0,03434986
0,03434986
0,03434986
0,05168231
0,05168231
0,06883887
0,103086
0,1374461
0,1544437
0,1891245
0,2235285
0,2408931
0,2582096
0,2583872
0,2412871
0,2585081
0,2413306
0,2418436
0,2941463
0,3629437
0,4320872
0,5353911
0,6729825
0,7420322
0,6902367
0,6728709
0,6209456
0,6035817
0,4307761
0,3791768
0,1379503
0,1555102
0,2072036
0,310778
0,3451557
0,3622553
0,379641
0,4141788
0,3968657
0,3796487
0,3106068
0,2241742
0,2068584
0,189655
0,155401
0,08622842
0,06884287
0,06884287
0,08588555
0,05144069
0,05150101
0,05150101
0,05150101
0,03421794
0,03421794
0,03421794
0,03421794
0,01717533
3,082857E-44
3,082857E-44
3,082857E-44
3,082857E-44
3,082857E-44
3,082857E-44
1,121039E-44
1,121039E-44
1,121039E-44
1,121039E-44
8,407791E-45
8,407791E-45
8,407791E-45
8,407791E-45
0
0
0
0
0
0
0
0
0
0
0
0
0
0
1,401298E-45
1,401298E-45
1,401298E-45
1,401298E-45
1,401298E-45
1,401298E-45
1,401298E-45
0,01722244
0,01722244
0,01722244
0,01722244
0,01722244
0,03434986
0,03434986
0,03434986
0,03434986
0,03434986
0,05168231
0,05168231
0,08593933
0,1374586
0,1547182
0,1717158
0,2064413
0,2408453
0,2582096
0,2582096
0,2583872
0,2412871
0,2585081
0,2414547
0,2592047
0,3113831
0,3803455
0,4322514
0,4837372
0,6386007
0,7420322
0,6902367
0,6902367
0,6555673
0,6382034
0,4478756
0,4133186
0,1549931
0,1553698
0,1725831
0,2419663
0,310825
0,3450784
0,3450784
0,3796151
0,3796872
0,4140572
0,3622291
0,2585711
0,2413523
0,2241488
0,155401
0,1206654
0,1032799
0,06884287
0,08588555
0,05144069
0,05150101
0,05150101
0,05150101
0,03421794
0,03421794
0,03421794
0,03421794
0,03421794
0,01704259
3,082857E-44
3,082857E-44
3,082857E-44
3,082857E-44
3,082857E-44
3,082857E-44
3,082857E-44
3,082857E-44
1,121039E-44
8,407791E-45
8,407791E-45
8,407791E-45
8,407791E-45
8,407791E-45
8,407791E-45
0
0
0
0
0
0
0
0
0
0
1,401298E-45
1,401298E-45
1,401298E-45
1,401298E-45
1,401298E-45
1,401298E-45
1,401298E-45
1,401298E-45
1,401298E-45
0,01722244
0,01722244
0,01722244
0,01722244
0,01722244
0,03434986
0,03434986
0,03434986
0,03434986
0,03434986
0,1203791
0,1203791
0,154456
0,154456
0,2234799
0,2234799
0,2236694
0,2408453
0,2582096
0,2582096
0,2583872
0,2412871
0,2585081
0,2586863
0,2766001
0,328821
0,3801155
0,4493957
0,4838102
0,6039107
0,7073211
0,6728736
0,6556065
0,6209338
0,6209338
0,4824699
0,4479133
0,1549931
0,1380275
0,1725831
0,2247625
0,2765374
0,3279956
0,3450784
0,3796151
0,3796872
0,4140572
0,3969368
0,2932797
0,2240693
0,2068655
0,155401
0,1380268
0,1206413
0,06884287
0,08588555
0,05144069
0,05150101
0,05150101
0,05150101
0,05150101
0,05150101
0,03421794
0,03421794
0,03421794
0,03421794
0,01717533
3,082857E-44
3,082857E-44
3,082857E-44
3,082857E-44
3,082857E-44
3,082857E-44
3,082857E-44
1,121039E-44
1,121039E-44
1,121039E-44
1,121039E-44
1,121039E-44
1,121039E-44
8,407791E-45
8,407791E-45
8,407791E-45
8,407791E-45
8,407791E-45
8,407791E-45
0
0
0
1,401298E-45
1,401298E-45
1,401298E-45
1,401298E-45
1,401298E-45
1,401298E-45
1,401298E-45
0,01722244
0,01722244
0,01722244
0,01722244
0,01722244
0,01722244
0,03434986
0,03434986
0,03434986
0,03434986
0,03434986
0,05145287
0,08596826
0,08596826
0,1203846
0,1203846
0,1889439
0,1889439
0,2063524
0,2235285
0,2408453
0,2408453
0,2582096
0,2582096
0,2756085
0,2413306
0,2413306
0,2586863
0,2593409
0,3116467
0,3629414
0,4667566
0,4667689
0,5695084
0,6900951
0,6728736
0,6556065
0,6209338
0,6209338
0,4997527
0,465196
0,1549931
0,1035194
0,1380753
0,2073881
0,2417524
0,3105846
0,3450784
0,3624386
0,3625396
0,3797148
0,3796872
0,344885
0,2756748
0,2068655
0,1899661
0,1899661
0,155401
0,1208644
0,08610459
0,08588555
0,1030609
0,06861603
0,05150101
0,05150101
0,05150101
0,03421794
0,03421794
0,03421794
0,03421794
0,03421794
0,01704259
3,082857E-44
3,082857E-44
3,082857E-44
3,082857E-44
3,082857E-44
3,082857E-44
3,082857E-44
3,082857E-44
1,121039E-44
1,121039E-44
1,121039E-44
1,121039E-44
1,121039E-44
1,121039E-44
8,407791E-45
8,407791E-45
8,407791E-45
8,407791E-45
8,407791E-45
8,407791E-45
0
1,401298E-45
1,401298E-45
1,401298E-45
0,01722244
0,01722244
0,01722244
0,01722244
0,01722244
0,01722244
0,01722244
0,01722244
0,01722244
0,01722244
0,03434986
0,03434986
0,01712743
0,01712743
0,01712743
0,05150246
0,1032404
0,1205548
0,1549005
0,1549005
0,2062581
0,2062581
0,2236694
0,2408453
0,2408453
0,2408453
0,2929215
0,2758211
0,2757766
0,2585993
0,2585993
0,2936444
0,3113415
0,3114347
0,3283987
0,4320581
0,4493873
0,5695084
0,6900951
0,6728736
0,6556065
0,6209338
0,6209338
0,4824673
0,4824673
0,1895496
0,06906036
0,08640242
0,1901747
0,2417524
0,3105846
0,3450784
0,3624386
0,3625396
0,3797148
0,3796872
0,3621677
0,327354
0,2412625
0,2070489
0,2070489
0,172555
0,1380183
0,08610459
0,06884287
0,06884287
0,06869523
0,06875566
0,05150101
0,05150101
0,03421794
0,03421794
0,03421794
0,03421794
0,03421794
0,01704259
0,01704259
0,01704259
0,01704259
0,01704259
3,082857E-44
3,082857E-44
3,082857E-44
3,082857E-44
1,121039E-44
1,121039E-44
1,121039E-44
1,121039E-44
1,121039E-44
1,121039E-44
1,121039E-44
1,121039E-44
1,121039E-44
8,407791E-45
8,407791E-45
8,407791E-45
1,401298E-45
1,401298E-45
1,401298E-45
1,401298E-45
0,01722244
0,01722244
0,01722244
0,01722244
0,01722244
0,01722244
0,01722244
0,01722244
0,03445031
0,03445031
0,06889211
0,06889211
0,05166972
0,06877274
0,08595022
0,1032224
0,1376989
0,1376989
0,1720008
0,1720008
0,2235751
0,2235751
0,2236694
0,2408453
0,2408453
0,2408453
0,3101895
0,2759116
0,2588706
0,2592492
0,276743
0,294202
0,3282934
0,328387
0,3282547
0,3975479
0,4494902
0,5868944
0,6900951
0,6728736
0,6556065
0,6034981
0,5862659
0,4652356
0,4652356
0,1895496
0,05169428
0,05169428
0,1728322
0,2246832
0,2763608
0,3279242
0,3450784
0,3277927
0,3623297
0,3624262
0,3622987
0,3450041
0,3103363
0,2930844
0,2241628
0,1899661
0,1727906
0,12084
0,12084
0,08610459
0,06884287
0,08601819
0,08587069
0,06875566
0,05150101
0,05150101
0,03421794
0,03421794
0,03421794
0,03421794
0,03421794
0,01704259
0,01704259
0,01704259
0,01704259
0,01704259
0,01704259
0,01704259
0,01704259
3,082857E-44
3,082857E-44
1,121039E-44
1,121039E-44
1,121039E-44
1,121039E-44
1,121039E-44
1,121039E-44
1,121039E-44
1,121039E-44
8,407791E-45
8,407791E-45
8,407791E-45
8,407791E-45
1,401298E-45
0,01722244
0,01722244
0,01722244
0,01722244
0,01722244
0,01722244
0,01722244
0,01722244
0,03435526
0,03435526
0,06877274
0,06877274
0,08595022
0,1032224
0,1032224
0,1032224
0,1717969
0,1890565
0,2062581
0,2234799
0,2236694
0,2236694
0,241034
0,2582096
0,275555
0,2583776
0,258577
0,2585195
0,2934029
0,2937533
0,293987
0,2596776
0,311118
0,3456414
0,3455084
0,3974068
0,4320863
0,5524116
0,6728736
0,6728736
0,6556065
0,6034981
0,5862659
0,4653901
0,4480043
0,1721641
0,01728565
0,03457446
0,1554162
0,1900536
0,2417731
0,2760563
0,2760563
0,3279242
0,3796151
0,3624262
0,3622987
0,3622987
0,3449129
0,310366
0,2412828
0,2071795
0,2071795
0,172555
0,1553798
0,12084
0,1035784
0,1033926
0,06882805
0,06882805
0,08587069
0,06875566
0,06875566
0,06875566
0,03421794
0,03421794
0,03421794
0,01704259
0,01704259
0,01704259
0,01704259
0,01704259
0,01704259
0,01704259
0,01704259
0,01704259
0,01704259
0,01704259
0,01704259
1,121039E-44
1,121039E-44
1,121039E-44
1,121039E-44
1,121039E-44
1,121039E-44
8,407791E-45
8,407791E-45
8,407791E-45
8,407791E-45
1,401298E-45
0,01722244
0,01722244
0,01722244
0,01722244
0,01722244
0,03445031
0,05176474
0,05176474
0,06884725
0,06884725
0,1032224
0,1032224
0,1032224
0,1032224
0,1032224
0,1032224
0,1717969
0,1890565
0,2062581
0,2234799
0,2236694
0,2408453
0,2582096
0,2756663
0,2930118
0,3100547
0,2757285
0,2586279
0,2761306
0,3283336
0,3285677
0,2768289
0,3455281
0,3801709
0,3800871
0,397193
0,4145783
0,5351174
0,6556065
0,6382037
0,6382037
0,6034981
0,5862659
0,4653901
0,4480043
0,1721641
4,203895E-45
0,03457446
0,08635882
0,1036539
0,2072269
0,2245693
0,2417731
0,3105136
0,3448432
0,3796397
0,3969759
0,3796872
0,3621881
0,3277937
0,2931018
0,3102332
0,2585657
0,2243627
0,1900041
0,12084
0,12084
0,1207537
0,1033794
0,08601819
0,06882805
0,0517131
0,0517131
0,0517131
0,0514726
0,0514726
0,03421794
0,03421794
0,03421794
0,01704259
0,01704259
0,01704259
0,01704259
0,01704259
0,01704259
0,01704259
0,01704259
0,01704259
0,01704259
0,01704259
0,01704259
0,01704259
0,01704259
1,121039E-44
1,121039E-44
0,01722244
0,01722244
0,01722244
0,01722244
0,01722244
0,01722244
0,03453689
0,05176474
0,05176474
0,05176474
0,06886772
0,06886772
0,06886772
0,08595022
0,08595022
0,1032224
0,1202198
0,1202198
0,1202198
0,171956
0,189273
0,2235751
0,2236694
0,2409374
0,2409374
0,2409374
0,2581133
0,2928392
0,3100703
0,3101016
0,3101844
0,2761112
0,3110357
0,3110391
0,311347
0,311347
0,2941709
0,3455281
0,3801709
0,3974296
0,431818
0,4148929
0,5181479
0,6556065
0,620767
0,6032733
0,586003
0,5687725
0,5002049
0,4828176
0,1721641
4,203895E-45
0,03457446
0,05196321
0,05196321
0,1380496
0,172687
0,2245693
0,2587221
0,2930799
0,3276674
0,3622038
0,3797116
0,3622987
0,345199
0,3279744
0,344984
0,2931115
0,2759695
0,2586867
0,2586867
0,1900041
0,1726186
0,1554643
0,1033926
0,06882805
0,0517131
0,0517131
0,0517131
0,06875566
0,06875566
0,05150101
0,03421794
0,03421794
0,01704259
0,01704259
0,01704259
0,01704259
0,01704259
0,01704259
0,01704259
0,01704259
0,01704259
0,01704259
0,01704259
0,01704259
0,03426507
0,03426507
0,01722244
0,01722244
0,01722244
0,01722244
0,01722244
0,01722244
0,05163983
0,05163983
0,05163983
0,06886772
0,06886772
0,0516452
0,0516452
0,06882278
0,1030926
0,1375372
0,1375372
0,1375372
0,1720135
0,189273
0,189273
0,2063737
0,2063737
0,2235751
0,2236694
0,2409374
0,2409374
0,2237598
0,2756241
0,2930354
0,3275264
0,3105679
0,3452088
0,3279823
0,3458766
0,345802
0,3455842
0,380078
0,3629026
0,3798012
0,4315279
0,4660241
0,4659359
0,4143604
0,4659447
0,620767
0,620767
0,5860399
0,5687725
0,5687725
0,4830279
0,4656418
0,1721641
4,203895E-45
4,203895E-45
4,203895E-45
0,03457446
0,120774
0,138069
0,1727608
0,2071723
0,2588424
0,2759262
0,2931011
0,3622646
0,379612
0,3452232
0,3279744
0,3278687
0,3104527
0,310226
0,2931564
0,27599
0,2243914
0,2070058
0,1726186
0,1726186
0,1554643
0,120606
0,1034157
0,06882805
0,0517131
0,0517131
0,0517131
0,0517131
0,06875566
0,06875566
0,05150101
0,03421794
0,03421794
0,03421794
0,03421794
0,01704259
0,01704259
0,01704259
0,01704259
0,01704259
0,01704259
0,03426507
0,03426507
0,03426507
0,03426507
0,01722244
0,01722244
0,01722244
0,01722244
0,05163983
0,05163983
0,05163983
0,1033174
0,1033174
0,08609492
0,08609492
0,1032224
0,1202198
0,1375372
0,1375372
0,1375372
0,1720135
0,2063737
0,2063737
0,2235954
0,2409375
0,2926107
0,2925262
0,2927098
0,3272313
0,3444146
0,344509
0,3445593
0,3793038
0,3968374
0,3968374
0,3623906
0,3630299
0,3975797
0,3801858
0,4489173
0,4662414
0,4489818
0,4488895
0,4488895
0,4487216
0,4486705
0,5176196
0,620767
0,620767
0,5688041
0,551537
0,551537
0,4830279
0,4656418
0,1721641
4,203895E-45
4,203895E-45
4,203895E-45
0,01728885
0,06900254
0,1035833
0,1209993
0,1728273
0,2417731
0,2759262
0,2931011
0,3105116
0,3104979
0,3449616
0,3450974
0,3107033
0,3106785
0,3276418
0,3276418
0,3104255
0,2760732
0,2587079
0,2072797
0,1898941
0,1898941
0,1724837
0,1380534
0,1032317
0,08604136
0,08604136
0,06892642
0,0517131
0,0517131
0,0517131
0,0517131
0,03442999
0,03442999
0,0514726
0,0514726
0,0514726
0,0514726
0,06869499
0,05144037
0,05144037
0,05144037
0,05144037
0,05144037
0,05144037
0,06854335
0,05136799
0,05136799
0,06868244
0,06868244
0,06868244
0,05146002
0,06879246
0,12047
0,12047
0,1374675
0,1374675
0,1890561
0,2063159
0,2063159
0,2063159
0,2063159
0,2063159
0,2406379
0,257893
0,3097227
0,3270659
0,3442695
0,3442967
0,3100159
0,361902
0,3963623
0,3964568
0,4136694
0,3969318
0,396951
0,3626938
0,3798181
0,4143526
0,431727
0,4316339
0,4318747
0,4319297
0,4317136
0,4485306
0,4656303
0,4483013
0,4826855
0,551949
0,6032733
0,6032733
0,5688041
0,551537
0,551537
0,4830279
0,4656418
0,1721641
4,203895E-45
4,203895E-45
4,203895E-45
0,01728885
0,03467756
0,05196321
0,08628828
0,1209492
0,155641
0,1901032
0,2416589
0,2759262
0,2931011
0,3106091
0,3279828
0,3106487
0,3107607
0,3279744
0,3451646
0,3276418
0,3276418
0,2931926
0,2760175
0,2415324
0,2587869
0,2242817
0,2070058
0,1551498
0,1379957
0,1032317
0,08604136
0,08604136
0,08604136
0,08604136
0,08604136
0,08604136
0,08604136
0,08604136
0,08604136
0,0517131
0,0517131
0,08597818
0,08597818
0,08597818
0,08597818
0,1030812
0,08579788
0,08579788
0,08579788
0,08579788
0,08579788
0,08579788
0,08579788
0,1203845
0,1203397
0,1376723
0,1546696
0,189114
0,2062583
0,2406401
0,2578444
0,292465
0,292465
0,292465
0,326787
0,3784459
0,3784459
0,3784459
0,4303433
0,3961129
0,4132968
0,4132968
0,3962491
0,4481353
0,4485742
0,4487964
0,4314987
0,4141666
0,3796494
0,414541
0,4317724
0,4662929
0,4662004
0,4490645
0,4317193
0,4487091
0,5003243
0,4829834
0,4481682
0,430511
0,4478759
0,5345668
0,5860399
0,5687725
0,5344524
0,5173233
0,5173233
0,4658239
0,4484389
0,1721641
4,203895E-45
4,203895E-45
4,203895E-45
4,203895E-45
0,01738874
0,03467756
0,06900254
0,1035833
0,1035833
0,138069
0,1727608
0,2071862
0,2415381
0,2761069
0,3104865
0,3103514
0,3103514
0,3278618
0,3278981
0,3623749
0,3622793
0,3451956
0,3451956
0,3105589
0,2933002
0,2417258
0,2244432
0,2244432
0,224544
0,2417192
0,2244575
0,1898631
0,1725874
0,1725874
0,1380228
0,1380228
0,1206615
0,1378839
0,1378839
0,1035555
0,1035555
0,1035555
0,1035555
0,1205982
0,1205982
0,1377011
0,1377011
0,1377011
0,1377011
0,1204787
0,137811
0,1550831
0,1722609
0,1896032
0,1896032
0,2240921
0,2410894
0,2584062
0,29281
0,3099637
0,3099637
0,3099637
0,327279
0,327279
0,3616008
0,4303685
0,4303685
0,4303685
0,4648099
0,4133079
0,4133079
0,4478292
0,5000364
0,517399
0,483301
0,5006611
0,4832036
0,5004768
0,4660534
0,4663693
0,4490083
0,4147124
0,414468
0,4486122
0,4483984
0,448141
0,4480593
0,4481174
0,4307326
0,4131686
0,4823931
0,5690835
0,6032689
0,5687725
0,5344524
0,5173233
0,5173233
0,4658239
0,4484389
0,1721641
4,203895E-45
4,203895E-45
4,203895E-45
4,203895E-45
4,203895E-45
0,01728885
0,0517773
0,0517773
0,06900254
0,1035833
0,1209993
0,1554484
0,1896371
0,2069797
0,2587134
0,293282
0,3104865
0,2932375
0,2932375
0,3280102
0,3624622
0,3797065
0,3624819
0,3624819
0,3797649
0,3453106
0,3107686
0,2936487
0,3109037
0,2936171
0,2763229
0,2934981
0,2762157
0,2588044
0,2069782
0,2069782
0,189617
0,1896856
0,1724099
0,1724099
0,1724099
0,1724099
0,1895127
0,1895127
0,1895127
0,1895127
0,1895127
0,2065553
0,2410416
0,2410416
0,2410416
0,2583139
0,2754914
0,2927515
0,2927515
0,3443842
0,3613819
0,3786986
0,3786986
0,3959202
0,4131888
0,4131888
0,4305027
0,4476032
0,4476032
0,4820878
0,464865
0,4477624
0,464989
0,4651117
0,5346804
0,551802
0,5005596
0,5177786
0,5005211
0,4661449
0,4492156
0,4665537
0,4492108
0,4320335
0,4493439
0,4661933
0,483216
0,4830558
0,5001846
0,448148
0,4308937
0,4134917
0,4479337
0,4476444
0,4821936
0,5516459
0,5860322
0,551537
0,5344524
0,5173233
0,5173233
0,4658239
0,4484389
0,1721641
4,203895E-45
4,203895E-45
4,203895E-45
4,203895E-45
4,203895E-45
4,203895E-45
0,01709969
0,03438853
0,0517773
0,06907222
0,0862975
0,0862975
0,1209993
0,1380823
0,1896931
0,2413387
0,2586214
0,2760065
0,293282
0,3104223
0,3104223
0,3451673
0,379561
0,3795934
0,3624936
0,3797065
0,3625315
0,3625315
0,3452037
0,3452037
0,3107882
0,2934228
0,293608
0,293608
0,293608
0,293608
0,293608
0,3280061
0,3107442
0,2761431
0,2761431
0,2761431
0,293246
0,293246
0,2759708
0,2759708
0,2759708
0,2759708
0,2933031
0,2933031
0,2933031
0,3105754
0,3277527
0,3792845
0,3792845
0,3792845
0,413503
0,3961291
0,3961291
0,3961291
0,4307138
0,4478341
0,4478341
0,4821354
0,4821354
0,4821354
0,4823156
0,4825025
0,4998685
0,5171185
0,5519186
0,5519186
0,535091
0,5349752
0,5180352
0,5181684
0,5180716
0,5008872
0,5179718
0,5524796
0,5697497
0,5868935
0,5347417
0,5173169
0,5346061
0,4825719
0,4654948
0,4482695
0,4309789
0,3789025
0,4306271
0,5171654
0,5687626
0,5516345
0,5345507
0,5345507
0,5173233
0,4486697
0,4139951
0,1548754
4,203895E-45
4,203895E-45
4,203895E-45
4,203895E-45
4,203895E-45
4,203895E-45
4,203895E-45
4,203895E-45
0,03448842
0,0517773
0,0517773
0,0517773
0,06900254
0,1033806
0,1554484
0,1725679
0,207026
0,2417542
0,2588231
0,2588231
0,2760065
0,2586179
0,2931464
0,3105074
0,3449734
0,3452742
0,3452742
0,3452742
0,3623892
0,3968062
0,3625116
0,3451453
0,3451453
0,3623676
0,3449819
0,3622657
0,3622657
0,3451661
0,3108014
0,3108014
0,3280563
0,3280563
0,3279338
0,3105229
0,3105229
0,3105212
0,3278529
0,3278379
0,3449658
0,3449658
0,3449658
0,3449658
0,3449658
0,379382
0,4137815
0,4137815
0,4307791
0,4307791
0,4480467
0,4480467
0,4653637
0,5167848
0,5167848
0,5167848
0,4824546
0,5170658
0,5344672
0,5687307
0,5689389
0,586161
0,6207864
0,6036268
0,5520611
0,6035646
0,6209339
0,5695065
0,5695065
0,5525079
0,5522392
0,5350702
0,5350749
0,5176395
0,5346893
0,5346893
0,5177411
0,4830227
0,4656586
0,4484811
0,413806
0,3962333
0,4479581
0,5171654
0,5687626
0,5516345
0,5345507
0,5345507
0,5173233
0,4486697
0,4139951
0,1548754
4,203895E-45
4,203895E-45
4,203895E-45
4,203895E-45
4,203895E-45
4,203895E-45
4,203895E-45
4,203895E-45
0,03448842
0,03448842
0,03448842
0,0517773
0,06900254
0,06900254
0,0864187
0,1035018
0,1208676
0,1726248
0,2070858
0,2244713
0,2588231
0,2414347
0,2588095
0,2588095
0,2932674
0,327941
0,3450947
0,3624562
0,3796464
0,3797673
0,362478
0,362478
0,362478
0,3797005
0,3797005
0,3797005
0,3794496
0,3795629
0,3624433
0,3624433
0,3624433
0,3624433
0,345218
0,3278072
0,3450904
0,3451228
0,3795817
0,3795817
0,3967017
0,3967017
0,413846
0,413846
0,413846
0,4311178
0,4483398
0,4656079
0,4656079
0,4826912
0,4996877
0,5167891
0,5167891
0,5339905
0,5168619
0,5517935
0,5348387
0,5692452
0,5692452
0,6038319
0,5692416
0,5694411
0,6038504
0,6211758
0,6039605
0,6210601
0,5694534
0,5523241
0,569613
0,552437
0,5521628
0,5177267
0,4832174
0,4658151
0,4829515
0,4655868
0,4656924
0,4311777
0,4136845
0,4136845
0,4134896
0,3618783
0,4308889
0,500082
0,5516794
0,5345507
0,5345507
0,5345507
0,5173233
0,4486697
0,39682
0,1377002
4,203895E-45
4,203895E-45
4,203895E-45
4,203895E-45
4,203895E-45
4,203895E-45
4,203895E-45
4,203895E-45
4,203895E-45
4,203895E-45
0,01738874
0,03448842
0,03448842
0,03448842
0,03448842
0,0517773
0,06900254
0,08608566
0,08608566
0,1208371
0,1379569
0,172715
0,1898908
0,2242548
0,2415375
0,2241487
0,2413029
0,2760387
0,2760387
0,3624026
0,3796786
0,3796786
0,3968686
0,3968686
0,3968686
0,3968686
0,4139834
0,4139834
0,3966945
0,3966945
0,3966945
0,3966945
0,3966945
0,4312869
0,44857
0,44857
0,4656976
0,4656976
0,4483311
0,4483311
0,4483311
0,465434
0,4826562
0,4823895
0,4651278
0,4652962
0,4825679
0,499738
0,5171028
0,5343048
0,5343048
0,5517394
0,5693628
0,6212945
0,6041398
0,586443
0,5691828
0,6037697
0,6037687
0,5866522
0,5866458
0,6038777
0,569261
0,5693287
0,6039607
0,5521718
0,5694376
0,5172346
0,5516698
0,5342938
0,5342938
0,5001771
0,4829565
0,4312038
0,396546
0,3623154
0,3619416
0,345071
0,3795079
0,3620299
0,3964089
0,465883
0,5345507
0,5345507
0,5345507
0,5345507
0,5345507
0,4487979
0,3796628
0,1204144
4,203895E-45
4,203895E-45
4,203895E-45
4,203895E-45
4,203895E-45
4,203895E-45
4,203895E-45
4,203895E-45
4,203895E-45
4,203895E-45
4,203895E-45
4,203895E-45
0,01738874
0,01738874
0,01738874
0,0517773
0,0517773
0,0517773
0,0517773
0,06914325
0,1034883
0,1379569
0,1379569
0,1379569
0,1723545
0,1723545
0,1723545
0,1723545
0,1896497
0,2241188
0,2410818
0,2410818
0,2757184
0,3104899
0,3104899
0,3276441
0,3449199
0,3621106
0,3448215
0,3448215
0,3620806
0,3620806
0,3620806
0,3620806
0,3792084
0,3619861
0,379319
0,379319
0,3619522
0,3619522
0,3619522
0,3790552
0,3790552
0,3790458
0,3962668
0,430737
0,448231
0,4653309
0,482697
0,4653359
0,4653359
0,4827848
0,5347525
0,5519296
0,5519296
0,5689288
0,5689288
0,5862927
0,5691909
0,5691392
0,5519778
0,5522397
0,5349067
0,5692784
0,586595
0,5693126
0,5865788
0,5686819
0,5687745
0,5687745
0,517014
0,4658131
0,4484383
0,3622875
0,3274086
0,2759301
0,2587597
0,2586293
0,3102565
0,2759626
0,3621079
0,4659026
0,5345507
0,5345507
0,5345507
0,5345507
0,5171642
0,3968129
0,3450627
0,1204144
4,203895E-45
4,203895E-45
4,203895E-45
4,203895E-45
4,203895E-45
4,203895E-45
4,203895E-45
4,203895E-45
4,203895E-45
4,203895E-45
4,203895E-45
4,203895E-45
4,203895E-45
4,203895E-45
4,203895E-45
4,203895E-45
4,203895E-45
0,03467756
0,03467756
0,03467756
0,03467756
0,03467756
0,06889716
0,06889716
0,1206609
0,1377439
0,1723545
0,1723545
0,1896497
0,1896497
0,2240017
0,2240017
0,2413759
0,2413759
0,2413759
0,2413759
0,2413759
0,2759767
0,2932386
0,2758498
0,2931095
0,3102371
0,327513
0,327513
0,327513
0,3102905
0,3276234
0,3276234
0,3448241
0,3448241
0,3448241
0,3448241
0,3448241
0,3794186
0,3794186
0,3794186
0,3968551
0,3968551
0,4660785
0,4660785
0,4834808
0,5178918
0,5178918
0,5350362
0,5521393
0,5521393
0,5522692
0,5696328
0,5524313
0,5351508
0,5864536
0,5693696
0,552038
0,5520989
0,5346616
0,5172954
0,5003176
0,5000436
0,482755
0,4655299
0,3964284
0,4134271
0,3788211
0,2926503
0,2755508
0,2239371
0,2067638
0,2069007
0,2584668
0,2933477
0,4140988
0,4832194
0,5345507
0,5345507
0,5345507
0,5345507
0,5171642
0,3795296
0,3277796
0,1204144
4,203895E-45
4,203895E-45
4,203895E-45
4,203895E-45
4,203895E-45
4,203895E-45
4,203895E-45
4,203895E-45
4,203895E-45
4,203895E-45
4,203895E-45
4,203895E-45
4,203895E-45
4,203895E-45
4,203895E-45
4,203895E-45
4,203895E-45
4,203895E-45
4,203895E-45
0,01738874
0,03461115
0,03461115
0,0517109
0,06899967
0,06899967
0,06899967
0,06899967
0,1032026
0,1032026
0,1205686
0,1377439
0,1377439
0,1551298
0,1551298
0,1551298
0,1551298
0,1894934
0,1722713
0,1722713
0,1722713
0,1894962
0,2240351
0,2240351
0,258556
0,258556
0,2757461
0,2757461
0,2757461
0,2929482
0,2929482
0,3102802
0,3273811
0,3447265
0,3622205
0,3970311
0,3970311
0,3970311
0,4143955
0,4488847
0,4660607
0,4834628
0,4836021
0,4836021
0,4836021
0,4665012
0,4665012
0,4666129
0,4838846
0,4494233
0,4148129
0,431896
0,41472
0,448599
0,4658363
0,4830662
0,5001965
0,5001965
0,4483125
0,4140226
0,3791751
0,3445888
0,3443743
0,3098484
0,2753854
0,2582854
0,2237487
0,2065824
0,2239094
0,2758277
0,3107084
0,4143156
0,4832194
0,5518676
0,5518676
0,5518676
0,5173762
0,4999914
0,3795296
0,2933274
0,08596264
4,203895E-45
4,203895E-45
4,203895E-45
4,203895E-45
4,203895E-45
4,203895E-45
4,203895E-45
4,203895E-45
4,203895E-45
4,203895E-45
4,203895E-45
4,203895E-45
4,203895E-45
4,203895E-45
4,203895E-45
4,203895E-45
4,203895E-45
4,203895E-45
4,203895E-45
4,203895E-45
0,01722244
0,01722244
0,01722244
0,03461115
0,03461115
0,03461115
0,03461115
0,03461115
0,05189999
0,05189999
0,05189999
0,05189999
0,05189999
0,05204356
0,05204356
0,08626296
0,08626296
0,08626296
0,08626296
0,08626296
0,08626296
0,08626296
0,08626296
0,1033323
0,1204597
0,1377192
0,1549206
0,1722663
0,1722663
0,1722663
0,189367
0,2242717
0,2589703
0,2418502
0,2764356
0,2764356
0,2764356
0,293612
0,310944
0,310944
0,3283461
0,3109353
0,3109353
0,3281667
0,3281667
0,3624876
0,3626085
0,3453471
0,3626149
0,3627112
0,3281439
0,3281439
0,3454127
0,345321
0,3279895
0,3450921
0,3450921
0,3451376
0,3451376
0,344866
0,2929811
0,2929811
0,2755918
0,2928372
0,2928372
0,2236115
0,1891635
0,2237134
0,2757121
0,3623016
0,4828279
0,5519294
0,6208497
0,6036711
0,586527
0,5173762
0,4999914
0,3447575
0,2585557
0,08596264
4,203895E-45
4,203895E-45
4,203895E-45
4,203895E-45
4,203895E-45
4,203895E-45
4,203895E-45
4,203895E-45
4,203895E-45
4,203895E-45
4,203895E-45
4,203895E-45
4,203895E-45
4,203895E-45
4,203895E-45
4,203895E-45
4,203895E-45
4,203895E-45
4,203895E-45
4,203895E-45
0,01722244
0,01722244
0,01722244
0,03461115
0,03461115
0,03461115
0,03461115
0,03461115
0,03461115
0,03461115
0,03461115
0,03461115
0,03461115
0,03475474
0,03475474
0,05187459
0,06916339
0,06916339
0,06916339
0,06916339
0,06916339
0,06916339
0,06916339
0,06916339
0,1034922
0,120752
0,120752
0,1380974
0,1380974
0,1380974
0,155198
0,190103
0,2420218
0,2420018
0,259366
0,259366
0,259366
0,2765423
0,2938748
0,2938748
0,3455916
0,328181
0,3454179
0,3454179
0,3454179
0,3454179
0,328318
0,3110557
0,3281851
0,3282811
0,3281848
0,3281856
0,3454536
0,3283539
0,3280919
0,3451943
0,2932103
0,2931232
0,2931232
0,3103456
0,2929811
0,2929811
0,2583233
0,2412475
0,2241183
0,172162
0,1891635
0,2237134
0,2930011
0,3968736
0,5173796
0,5691978
0,6208497
0,6036711
0,586527
0,5173762
0,4999914
0,3447575
0,2585557
0,08596264
4,203895E-45
4,203895E-45
4,203895E-45
4,203895E-45
4,203895E-45
4,203895E-45
4,203895E-45
4,203895E-45
4,203895E-45
4,203895E-45
4,203895E-45
4,203895E-45
4,203895E-45
4,203895E-45
4,203895E-45
4,203895E-45
4,203895E-45
4,203895E-45
4,203895E-45
4,203895E-45
0,01722244
0,01722244
0,01722244
0,01722244
0,01722244
0,01722244
0,01722244
0,01722244
0,03461115
0,01738874
0,01738874
0,01738874
0,01738874
0,01738874
0,01738874
0,01738874
0,01738874
0,01738874
0,01738874
0,01738874
0,01738874
0,01738874
0,01738874
0,01738874
0,03459018
0,05193583
0,06930172
0,06930172
0,06930172
0,06930172
0,08640222
0,1212608
0,1559182
0,1902777
0,1902777
0,2074534
0,2074534
0,2074534
0,2074534
0,2074534
0,241768
0,241768
0,2590058
0,258972
0,2761007
0,2761007
0,2761007
0,2589253
0,2935964
0,3107233
0,3107233
0,3107247
0,3281645
0,3110645
0,3110645
0,2936763
0,2416159
0,241382
0,2584849
0,2412253
0,2239566
0,2239566
0,2239717
0,2413656
0,2587396
0,2417074
0,2759813
0,2757545
0,3273305
0,4312036
0,5344491
0,6205919
0,6551754
0,6379977
0,6037495
0,552038
0,5346517
0,3447144
0,2585126
0,08596264
4,203895E-45
4,203895E-45
4,203895E-45
4,203895E-45
4,203895E-45
4,203895E-45
4,203895E-45
4,203895E-45
4,203895E-45
4,203895E-45
4,203895E-45
4,203895E-45
4,203895E-45
4,203895E-45
4,203895E-45
4,203895E-45
4,203895E-45
4,203895E-45
1,401298E-45
1,401298E-45
0,01722244
0,01722244
0,01722244
0,01722244
0,01722244
0,01722244
0,01722244
0,01722244
0,01722244
1,344921E-36
1,344921E-36
1,344921E-36
1,344921E-36
1,344921E-36
1,344921E-36
1,344921E-36
0,01738874
0,01738874
0,01738874
0,01738874
0,01738874
0,01738874
0,01738874
0,03473439
0,03473439
0,03473439
0,05193583
0,05193583
0,05193583
0,0691567
0,08633263
0,1207977
0,1207977
0,1555511
0,1729879
0,1729879
0,1729879
0,2073023
0,2073023
0,2073023
0,2245396
0,2245396
0,2071509
0,2070469
0,2241761
0,2070001
0,2070001
0,2070001
0,2242691
0,2069233
0,2243598
0,2243598
0,241632
0,2588533
0,2933831
0,2761631
0,258798
0,2417342
0,2419969
0,2417349
0,2243675
0,1896361
0,172507
0,1897294
0,207104
0,2760565
0,3277163
0,3450311
0,3966585
0,4830288
0,5518853
0,6380286
0,6726125
0,6379977
0,6208937
0,5693424
0,5346671
0,3274259
0,2414701
0,06892
4,203895E-45
4,203895E-45
4,203895E-45
4,203895E-45
4,203895E-45
4,203895E-45
4,203895E-45
4,203895E-45
4,203895E-45
4,203895E-45
4,203895E-45
4,203895E-45
4,203895E-45
1,401298E-45
1,401298E-45
1,401298E-45
1,401298E-45
1,401298E-45
1,401298E-45
1,401298E-45
0,01722244
0,01722244
0,01722244
0,01722244
1,344921E-36
1,344921E-36
1,344921E-36
1,344921E-36
1,344921E-36
1,344921E-36
1,344921E-36
1,344921E-36
1,344921E-36
1,344921E-36
1,344921E-36
1,344921E-36
1,344921E-36
1,344921E-36
1,344921E-36
1,344921E-36
1,344921E-36
1,344921E-36
1,344921E-36
1,344921E-36
1,344921E-36
0,01734564
0,01734564
0,01734564
0,01734564
0,01734564
0,03452157
0,03452157
0,05174245
0,05174245
0,0861901
0,1377236
0,1377236
0,1549611
0,1548751
0,1548751
0,1548751
0,1548751
0,172004
0,1894979
0,1894979
0,189591
0,189591
0,189591
0,189591
0,189591
0,2069233
0,2069233
0,2069233
0,2069233
0,2243258
0,2415981
0,2413605
0,2587968
0,2415124
0,241381
0,2412631
0,1898198
0,207088
0,207088
0,2244624
0,2589826
0,293148
0,3449071
0,3965345
0,5002526
0,5863452
0,6724893
0,7072123
0,7072123
0,6381342
0,5519702
0,5172945
0,3101427
0,2241873
0,06892
4,203895E-45
4,203895E-45
4,203895E-45
4,203895E-45
4,203895E-45
4,203895E-45
4,203895E-45
4,203895E-45
4,203895E-45
4,203895E-45
1,344921E-36
1,344921E-36
1,344921E-36
1,344921E-36
1,344921E-36
1,344921E-36
1,344921E-36
1,344921E-36
1,344921E-36
1,344921E-36
1,344921E-36
1,344921E-36
1,344921E-36
1,344921E-36
1,344921E-36
1,344921E-36
1,344921E-36
1,344921E-36
1,344921E-36
1,344921E-36
1,344921E-36
1,344921E-36
1,344921E-36
1,344921E-36
1,344921E-36
1,344921E-36
1,344921E-36
1,344921E-36
1,344921E-36
1,344921E-36
1,344921E-36
1,344921E-36
0,01717593
0,01717593
0,01717593
0,03452157
0,03452157
0,03452157
0,03452157
0,03452157
0,03452157
0,03452157
0,06897382
0,06897382
0,1034215
0,120522
0,120522
0,1377593
0,1204138
0,1375429
0,1375429
0,1375429
0,1375429
0,1723055
0,1723055
0,1723055
0,1895652
0,1895652
0,206767
0,189591
0,189591
0,189591
0,189591
0,189591
0,189591
0,2069233
0,1894173
0,1897245
0,1897591
0,2071616
0,2071625
0,1899765
0,2246192
0,2417221
0,2417221
0,258866
0,2757718
0,3793448
0,4828765
0,5521581
0,6896833
0,7239229
0,724209
0,7072123
0,6554657
0,5693005
0,517364
0,2928815
0,2071181
0,05185077
4,203895E-45
4,203895E-45
4,203895E-45
4,203895E-45
4,203895E-45
4,203895E-45
1,344921E-36
1,344921E-36
1,344921E-36
1,344921E-36
1,344921E-36
1,344921E-36
1,344921E-36
1,344921E-36
1,344921E-36
1,344921E-36
1,344921E-36
1,344921E-36
1,344921E-36
1,344921E-36
1,344921E-36
1,344921E-36
1,344921E-36
1,344921E-36
1,344921E-36
1,344921E-36
1,344921E-36
1,344921E-36
1,344921E-36
1,344921E-36
1,344921E-36
1,344921E-36
1,344921E-36
1,344921E-36
1,344921E-36
1,344921E-36
1,344921E-36
1,344921E-36
1,344921E-36
1,344921E-36
0,01717593
0,01717593
0,01717593
0,01717593
0,01717593
0,01717593
0,01717593
0,01717593
0,01717593
0,01717593
0,01717593
0,01717593
0,05149034
0,05149034
0,05149034
0,05149034
0,06871129
0,1033449
0,1033449
0,120474
0,1377112
0,1377112
0,1377112
0,1377112
0,1548119
0,1548119
0,1720717
0,1720717
0,206767
0,206767
0,206767
0,206767
0,206767
0,206767
0,206767
0,2240994
0,2068304
0,1897012
0,2069732
0,1897972
0,1896542
0,2069469
0,2243686
0,2759058
0,2759058
0,2759808
0,2932971
0,3968386
0,5174122
0,5693476
0,6898318
0,7588187
0,7587401
0,7413374
0,6893073
0,5516549
0,5000042
0,3273427
0,2415793
0,05185077
4,203895E-45
4,203895E-45
4,203895E-45
4,203895E-45
4,203895E-45
4,203895E-45
1,344921E-36
1,344921E-36
1,344921E-36
1,344921E-36
1,344921E-36
1,344921E-36
1,344921E-36
1,344921E-36
1,344921E-36
1,344921E-36
1,344921E-36
1,344921E-36
1,344921E-36
1,344921E-36
1,344921E-36
1,344921E-36
1,344921E-36
1,344921E-36
1,344921E-36
1,344921E-36
1,344921E-36
1,344921E-36
1,344921E-36
1,344921E-36
1,344921E-36
1,344921E-36
1,344921E-36
1,344921E-36
1,344921E-36
1,344921E-36
1,344921E-36
1,344921E-36
0,01717593
0,01717593
0,01717593
0,01717593
0,01717593
0,01717593
0,01717593
0,01717593
0,01717593
0,01717593
0,01717593
0,01717593
0,01717593
0,01717593
0,03425895
0,03425895
0,03425895
0,06875941
0,06875941
0,06875941
0,06875941
0,0858885
0,1032532
0,1032532
0,1032532
0,1032532
0,1032532
0,1204905
0,1204905
0,1204905
0,1379844
0,1552051
0,1723055
0,1895652
0,1895652
0,1895652
0,206767
0,206767
0,206767
0,189638
0,2069097
0,2069097
0,2241314
0,2415339
0,2589716
0,2584215
0,2583545
0,2927982
0,3276573
0,431199
0,5518467
0,6037233
0,7070309
0,7760481
0,7931932
0,775791
0,7065312
0,6031839
0,5515314
0,3618973
0,2589207
0,03463736
4,203895E-45
4,203895E-45
1,344921E-36
1,344921E-36
1,344921E-36
1,344921E-36
1,344921E-36
1,344921E-36
1,344921E-36
1,344921E-36
1,344921E-36
1,344921E-36
1,344921E-36
1,344921E-36
1,344921E-36
1,344921E-36
1,344921E-36
1,344921E-36
1,344921E-36
1,344921E-36
1,344921E-36
1,344921E-36
1,344921E-36
1,344921E-36
1,344921E-36
1,344921E-36
1,344921E-36
1,344921E-36
1,344921E-36
1,344921E-36
1,344921E-36
1,344921E-36
1,344921E-36
1,344921E-36
1,344921E-36
1,344921E-36
1,344921E-36
1,344921E-36
0,01717593
0,01717593
0,01717593
0,01717593
0,01717593
0,01717593
0,01717593
0,01717593
0,01717593
0,01717593
0,01717593
0,03425895
0,03425895
0,03425895
0,03425895
0,05152785
0,05152785
0,05152785
0,05152785
0,05152785
0,05152785
0,05152785
0,06889253
0,06889253
0,0860216
0,0860216
0,0860216
0,103259
0,103259
0,103259
0,103259
0,12048
0,12048
0,1377396
0,1377396
0,1377396
0,1724648
0,1724648
0,1895652
0,1895652
0,206767
0,189638
0,2069097
0,2069097
0,2416166
0,2414605
0,2413936
0,2929643
0,362026
0,4482985
0,5861304
0,638007
0,7241322
0,81042
0,8105835
0,7931824
0,7412556
0,62071
0,5346497
0,3791563
0,2933554
0,03463736
4,203895E-45
4,203895E-45
1,344921E-36
1,344921E-36
1,344921E-36
1,344921E-36
1,344921E-36
1,344921E-36
1,344921E-36
1,344921E-36
1,344921E-36
1,344921E-36
1,344921E-36
1,344921E-36
1,344921E-36
1,344921E-36
1,344921E-36
1,344921E-36
1,344921E-36
1,344921E-36
1,344921E-36
1,344921E-36
1,344921E-36
1,344921E-36
1,344921E-36
1,344921E-36
1,344921E-36
1,344921E-36
1,344921E-36
1,344921E-36
1,344921E-36
1,344921E-36
1,344921E-36
1,344921E-36
1,344921E-36
1,344921E-36
1,344921E-36
6,445973E-44
6,445973E-44
6,445973E-44
0,01717593
0,01717593
0,01717593
0,01717593
0,01717593
0,01717593
0,01717593
0,01717593
0,01717593
0,01717593
0,01717593
0,01717593
0,03425895
0,05152785
0,05152785
0,05152785
0,05152785
0,05152785
0,05152785
0,05152785
0,05152785
0,05152785
0,05152785
0,05152785
0,05152785
0,03444486
0,03444486
0,05180949
0,06893867
0,06893867
0,08617599
0,08617599
0,08617599
0,12048
0,1377112
0,1377112
0,1720717
0,1720717
0,1720717
0,1720717
0,1893437
0,2068376
0,2242842
0,2242842
0,2414381
0,3276334
0,3963409
0,4828303
0,6033451
0,6208072
0,7413924
0,8448827
0,8277867
0,7762547
0,7243293
0,6549277
0,5518251
0,3621134
0,2933554
0,03463736
4,203895E-45
4,203895E-45
1,344921E-36
1,344921E-36
1,344921E-36
1,344921E-36
1,344921E-36
1,344921E-36
1,344921E-36
1,344921E-36
1,344921E-36
1,344921E-36
1,344921E-36
1,344921E-36
1,344921E-36
1,344921E-36
1,344921E-36
1,344921E-36
1,344921E-36
1,344921E-36
1,344921E-36
1,344921E-36
1,344921E-36
1,344921E-36
1,344921E-36
1,344921E-36
1,344921E-36
1,344921E-36
1,344921E-36
1,344921E-36
1,344921E-36
1,344921E-36
1,344921E-36
1,344921E-36
1,344921E-36
1,344921E-36
1,344921E-36
6,445973E-44
6,445973E-44
6,445973E-44
6,445973E-44
6,445973E-44
6,445973E-44
6,445973E-44
5,745324E-44
5,745324E-44
3,783506E-44
3,783506E-44
3,082857E-44
3,082857E-44
3,082857E-44
3,513155E-19
0,017083
0,017083
0,017083
0,03435194
0,03435194
0,03435194
0,03435194
0,03435194
0,03435194
0,03435194
0,03435194
0,03435194
0,03435194
0,01726892
0,01726892
0,03463354
0,03463354
0,05180949
0,05180949
0,06893867
0,06893867
0,103259
0,103259
0,12048
0,12048
0,12048
0,12048
0,1722144
0,1894865
0,2069806
0,2414132
0,2414132
0,2414381
0,3278666
0,4308853
0,5172082
0,6721905
0,6895955
0,8105487
0,862177
0,8621448
0,8106159
0,741597
0,655097
0,5692281
0,3793447
0,3105867
0,03463736
4,203895E-45
4,203895E-45
1,344921E-36
1,344921E-36
1,344921E-36
1,344921E-36
1,344921E-36
1,344921E-36
1,344921E-36
1,344921E-36
1,344921E-36
1,344921E-36
1,344921E-36
1,344921E-36
1,344921E-36
1,344921E-36
1,344921E-36
1,344921E-36
1,344921E-36
1,344921E-36
1,344921E-36
1,344921E-36
1,344921E-36
1,344921E-36
1,344921E-36
1,344921E-36
5,184804E-44
5,184804E-44
5,184804E-44
6,445973E-44
6,445973E-44
6,445973E-44
6,445973E-44
6,445973E-44
6,445973E-44
6,445973E-44
6,445973E-44
6,445973E-44
6,445973E-44
6,445973E-44
6,445973E-44
6,445973E-44
6,445973E-44
5,184804E-44
3,783506E-44
3,783506E-44
3,783506E-44
3,783506E-44
3,513155E-19
3,513155E-19
3,513155E-19
3,513155E-19
3,513155E-19
3,513155E-19
3,513155E-19
3,513155E-19
1,75927E-13
1,75927E-13
1,75927E-13
1,75927E-13
1,75927E-13
1,75927E-13
1,75927E-13
1,75927E-13
1,75927E-13
1,75927E-13
1,401298E-45
1,401298E-45
2,382207E-44
5,184804E-44
0,01736462
0,01736462
0,01736462
0,05173122
0,06900022
0,08622096
0,08622096
0,103397
0,12048
0,1551139
0,1551139
0,1551139
0,1551139
0,1894865
0,2066408
0,3449136
0,465584
0,5517786
0,6724017
0,6893641
0,8449758
0,9139654
0,8965886
0,8278159
0,7758983
0,637606
0,5517347
0,3967585
0,3280004
0,03463736
4,203895E-45
4,203895E-45
4,203895E-45
4,203895E-45
4,203895E-45
4,203895E-45
4,203895E-45
4,203895E-45
4,203895E-45
4,203895E-45
4,203895E-45
4,203895E-45
1,121039E-44
1,121039E-44
1,121039E-44
1,121039E-44
1,121039E-44
1,121039E-44
2,382207E-44
4,203895E-44
4,203895E-44
4,203895E-44
4,203895E-44
5,184804E-44
5,184804E-44
5,184804E-44
5,184804E-44
5,184804E-44
5,184804E-44
6,445973E-44
6,445973E-44
6,445973E-44
6,445973E-44
6,445973E-44
6,445973E-44
6,445973E-44
6,445973E-44
6,445973E-44
6,445973E-44
5,745324E-44
5,745324E-44
5,745324E-44
5,745324E-44
1,401298E-45
3,082857E-44
3,082857E-44
3,513155E-19
3,513155E-19
3,513155E-19
3,513155E-19
3,513155E-19
3,513155E-19
3,513155E-19
3,513155E-19
1,75927E-13
1,75927E-13
1,75927E-13
1,75927E-13
1,75927E-13
1,75927E-13
1,75927E-13
1,75927E-13
1,75927E-13
1,75927E-13
1,75927E-13
1,75927E-13
1,401298E-45
1,401298E-45
1,401298E-45
3,363116E-44
3,363116E-44
5,184804E-44
6,445973E-44
0,03449383
0,03449383
0,05173122
0,05173122
0,06890713
0,08612807
0,1035024
0,1207713
0,1551139
0,1722683
0,2067155
0,2241009
0,3105743
0,396862
0,534781
0,6724017
0,7066006
0,8622105
0,9310483
0,9136721
0,8448061
0,793066
0,6548645
0,5347363
0,3450828
0,2932887
0,01734237
4,203895E-45
4,203895E-45
4,203895E-45
4,203895E-45
4,203895E-45
4,203895E-45
4,203895E-45
4,203895E-45
4,203895E-45
4,203895E-45
4,203895E-45
9,809089E-45
1,121039E-44
1,121039E-44
1,121039E-44
1,121039E-44
3,082857E-44
3,082857E-44
3,363116E-44
4,203895E-44
5,184804E-44
5,184804E-44
5,184804E-44
5,184804E-44
6,445973E-44
6,445973E-44
6,445973E-44
6,445973E-44
6,445973E-44
6,445973E-44
6,445973E-44
6,445973E-44
6,445973E-44
6,445973E-44
6,445973E-44
6,445973E-44
6,445973E-44
5,745324E-44
5,745324E-44
5,745324E-44
5,745324E-44
3,082857E-44
3,082857E-44
3,082857E-44
3,082857E-44
3,082857E-44
3,513155E-19
3,513155E-19
3,513155E-19
3,513155E-19
3,513155E-19
3,513155E-19
3,513155E-19
3,513155E-19
1,75927E-13
1,75927E-13
1,75927E-13
1,75927E-13
1,75927E-13
1,75927E-13
1,75927E-13
1,75927E-13
1,75927E-13
1,75927E-13
0
0
0
0
1,401298E-45
1,401298E-45
1,401298E-45
2,382207E-44
2,382207E-44
0,01736462
0,01736462
0,03449383
0,03449383
0,03449383
0,05173122
0,06910553
0,08632634
0,1206691
0,1378234
0,1894466
0,2068322
0,2588728
0,3794657
0,5518535
0,6724017
0,7408054
0,8964159
0,9136721
0,9136721
0,8619839
0,7586498
0,6377434
0,5692076
0,3794819
0,3276878
0,01734237
4,203895E-45
4,203895E-45
4,203895E-45
4,203895E-45
4,203895E-45
4,203895E-45
4,203895E-45
4,203895E-45
4,203895E-45
1,121039E-44
1,121039E-44
1,121039E-44
1,121039E-44
1,121039E-44
3,082857E-44
3,363116E-44
3,363116E-44
3,363116E-44
5,184804E-44
5,184804E-44
5,184804E-44
6,445973E-44
6,445973E-44
6,445973E-44
6,445973E-44
6,445973E-44
6,445973E-44
6,445973E-44
6,445973E-44
6,445973E-44
6,445973E-44
6,445973E-44
6,445973E-44
6,445973E-44
5,745324E-44
5,745324E-44
5,745324E-44
5,745324E-44
3,082857E-44
3,082857E-44
3,082857E-44
3,082857E-44
3,082857E-44
3,082857E-44
3,513155E-19
3,513155E-19
3,513155E-19
3,513155E-19
3,513155E-19
3,513155E-19
3,513155E-19
3,513155E-19
1,75927E-13
1,75927E-13
1,75927E-13
1,75927E-13
1,75927E-13
1,75927E-13
1,75927E-13
1,75927E-13
1,75927E-13
1,75927E-13
0
0
0
0
0
0
0
0
0
2,382207E-44
2,382207E-44
2,382207E-44
5,184804E-44
6,445973E-44
0,01736462
0,05186819
0,05186819
0,05186819
0,069089
0,1034094
0,1205635
0,1550112
0,207045
0,2762619
0,3448687
0,5001588
0,6720389
0,7581217
0,913732
0,9311669
0,8964165
0,8444232
0,7412388
0,62046
0,5690259
0,4135804
0,3273434
4,203895E-45
4,203895E-45
4,203895E-45
4,203895E-45
4,203895E-45
4,203895E-45
4,203895E-45
4,203895E-45
4,203895E-45
4,203895E-45
1,121039E-44
1,121039E-44
1,121039E-44
1,121039E-44
1,121039E-44
3,082857E-44
3,363116E-44
4,203895E-44
4,203895E-44
5,184804E-44
6,445973E-44
6,445973E-44
6,445973E-44
6,445973E-44
6,445973E-44
6,445973E-44
6,445973E-44
6,445973E-44
6,445973E-44
6,445973E-44
6,445973E-44
6,445973E-44
6,445973E-44
6,445973E-44
6,445973E-44
5,745324E-44
5,745324E-44
3,082857E-44
3,082857E-44
1,401298E-45
3,082857E-44
3,082857E-44
3,082857E-44
3,513155E-19
3,513155E-19
3,513155E-19
3,513155E-19
3,513155E-19
3,513155E-19
3,513155E-19
3,513155E-19
3,513155E-19
3,513155E-19
1,75927E-13
1,75927E-13
1,75927E-13
1,75927E-13
1,75927E-13
1,75927E-13
1,75927E-13
1,75927E-13
1,75927E-13
1,75927E-13
0
0
0
0
0
0
0
0
0
0
0
2,382207E-44
5,184804E-44
5,184804E-44
0,01736462
0,034739
0,034739
0,05186819
0,069089
0,08632634
0,1208417
0,1723725
0,2241888
0,2760037
0,3621104
0,5520859
0,6553566
0,7412792
0,9309857
0,9482978
0,9135459
0,8444232
0,741144
0,6377695
0,6035091
0,3964815
0,3102438
4,203895E-45
4,203895E-45
4,203895E-45
4,203895E-45
4,203895E-45
4,203895E-45
4,203895E-45
9,809089E-45
9,809089E-45
9,809089E-45
1,121039E-44
1,121039E-44
3,082857E-44
3,082857E-44
3,363116E-44
4,203895E-44
4,203895E-44
6,445973E-44
6,445973E-44
6,445973E-44
6,445973E-44
6,445973E-44
6,445973E-44
6,445973E-44
6,445973E-44
6,445973E-44
6,445973E-44
6,445973E-44
6,445973E-44
6,445973E-44
6,445973E-44
5,745324E-44
5,745324E-44
5,745324E-44
3,363116E-44
3,082857E-44
1,401298E-45
1,401298E-45
3,082857E-44
3,082857E-44
3,513155E-19
3,513155E-19
3,513155E-19
3,513155E-19
3,513155E-19
3,513155E-19
3,513155E-19
3,513155E-19
3,513155E-19
3,513155E-19
3,513155E-19
3,513155E-19
1,75927E-13
1,75927E-13
1,75927E-13
1,75927E-13
1,75927E-13
1,75927E-13
1,75927E-13
1,75927E-13
1,75927E-13
1,75927E-13
1,75927E-13
0
0
0
0
0
0
0
0
0
0
0
2,382207E-44
2,382207E-44
2,382207E-44
5,184804E-44
0,01737434
0,01737434
0,05165763
0,06902218
0,08625964
0,1208417
0,1897833
0,2586994
0,3103567
0,3793638
0,4830188
0,6035055
0,7412703
0,9309857
0,9482978
0,9309103
0,8616203
0,7583436
0,6723105
0,6206858
0,4308773
0,3617409
0,01710048
4,203895E-45
4,203895E-45
4,203895E-45
4,203895E-45
4,203895E-45
4,203895E-45
9,809089E-45
1,121039E-44
1,121039E-44
3,082857E-44
3,363116E-44
3,363116E-44
3,363116E-44
5,184804E-44
6,445973E-44
6,445973E-44
6,445973E-44
6,445973E-44
6,445973E-44
6,445973E-44
6,445973E-44
6,445973E-44
6,445973E-44
6,445973E-44
6,445973E-44
6,445973E-44
6,445973E-44
5,745324E-44
5,745324E-44
3,783506E-44
3,783506E-44
3,363116E-44
3,082857E-44
1,401298E-45
3,082857E-44
3,082857E-44
3,082857E-44
3,082857E-44
3,082857E-44
3,513155E-19
3,513155E-19
3,513155E-19
3,513155E-19
3,513155E-19
3,513155E-19
3,513155E-19
3,513155E-19
3,513155E-19
3,513155E-19
1,75927E-13
1,75927E-13
1,75927E-13
1,75927E-13
1,75927E-13
1,75927E-13
1,75927E-13
1,75927E-13
1,75927E-13
1,75927E-13
1,75927E-13
0
0
0
0
0
0
0
0
0
0
0
0
0
2,382207E-44
0,01737434
0,01737434
0,01737434
0,01737434
0,01737434
0,03452838
0,05189302
0,06906848
0,138333
0,2073365
0,2586994
0,3276187
0,3793656
0,5001956
0,63802
0,7758265
0,9308348
0,930935
0,8965071
0,8445792
0,7583436
0,6895337
0,6379069
0,4308237
0,3616878
0,01710048
4,203895E-45
4,203895E-45
4,203895E-45
4,203895E-45
4,203895E-45
4,203895E-45
9,809089E-45
3,363116E-44
3,363116E-44
3,363116E-44
3,363116E-44
5,184804E-44
5,184804E-44
5,184804E-44
6,445973E-44
6,445973E-44
6,445973E-44
6,445973E-44
6,445973E-44
6,445973E-44
6,445973E-44
6,445973E-44
6,445973E-44
6,445973E-44
6,445973E-44
5,745324E-44
5,745324E-44
5,745324E-44
5,745324E-44
3,082857E-44
3,082857E-44
3,082857E-44
3,082857E-44
1,401298E-45
3,082857E-44
3,513155E-19
3,513155E-19
3,513155E-19
3,513155E-19
3,513155E-19
3,513155E-19
3,513155E-19
3,513155E-19
3,513155E-19
3,513155E-19
3,513155E-19
3,513155E-19
1,75927E-13
1,75927E-13
1,75927E-13
1,75927E-13
1,75927E-13
1,75927E-13
1,75927E-13
1,75927E-13
1,75927E-13
1,75927E-13
1,75927E-13
0
0
0
0
0
0
0
0
0
0
0
0
0
0
0
0
0,01737434
0,01737434
0,01737434
0,01737434
0,01737434
0,03452838
0,05189302
0,06906848
0,121204
0,190167
0,2587923
0,3277108
0,3964854
0,4827354
0,6207241
0,7759866
0,9136796
0,930935
0,8965071
0,8445792
0,7583436
0,6548312
0,5687664
0,4135588
0,3616358
0,01710048
4,203895E-45
4,203895E-45
4,203895E-45
4,203895E-45
3,082857E-44
3,082857E-44
3,082857E-44
3,363116E-44
3,363116E-44
4,203895E-44
4,203895E-44
5,184804E-44
5,184804E-44
5,184804E-44
6,445973E-44
6,445973E-44
6,445973E-44
6,445973E-44
6,445973E-44
6,445973E-44
6,445973E-44
6,445973E-44
6,445973E-44
6,445973E-44
6,445973E-44
5,745324E-44
3,363116E-44
1,401298E-45
1,401298E-45
1,401298E-45
1,401298E-45
1,401298E-45
1,401298E-45
3,513155E-19
3,513155E-19
3,513155E-19
3,513155E-19
3,513155E-19
3,513155E-19
3,513155E-19
3,513155E-19
3,513155E-19
3,513155E-19
3,513155E-19
3,513155E-19
1,75927E-13
1,75927E-13
1,75927E-13
1,75927E-13
1,75927E-13
1,75927E-13
1,75927E-13
1,75927E-13
1,75927E-13
1,75927E-13
1,75927E-13
0
0
0
0
0
0
0
0
0
0
0
0
0
0
0
0
0
1,121039E-44
0,01737434
0,01737434
0,01737434
0,03452838
0,03452838
0,03452838
0,05188968
0,06906504
0,1038393
0,190167
0,2588599
0,3450618
0,4309512
0,5516702
0,6553491
0,7933347
0,8791949
0,8790394
0,8446588
0,7586129
0,6897426
0,6205403
0,5515441
0,3966236
0,3447008
0,01710048
4,203895E-45
4,203895E-45
9,809089E-45
9,809089E-45
3,082857E-44
3,363116E-44
3,363116E-44
3,363116E-44
3,363116E-44
5,184804E-44
5,184804E-44
6,445973E-44
6,445973E-44
6,445973E-44
6,445973E-44
6,445973E-44
6,445973E-44
6,445973E-44
6,445973E-44
6,445973E-44
6,445973E-44
6,445973E-44
6,445973E-44
5,745324E-44
3,082857E-44
3,082857E-44
3,082857E-44
1,401298E-45
1,401298E-45
1,401298E-45
1,401298E-45
1,401298E-45
3,082857E-44
3,513155E-19
3,513155E-19
3,513155E-19
3,513155E-19
3,513155E-19
3,513155E-19
3,513155E-19
3,513155E-19
3,513155E-19
3,513155E-19
3,513155E-19
3,513155E-19
1,75927E-13
1,75927E-13
1,75927E-13
1,75927E-13
1,75927E-13
1,75927E-13
1,75927E-13
1,75927E-13
1,75927E-13
1,75927E-13
1,75927E-13
0
0
0
0
0
0
0
0
0
0
0
0
0
0
0
0
0,01737434
0,01737434
0,01737434
0,01737434
0,01737434
0,03452838
0,03452838
0,03452838
0,05188968
0,06906504
0,1210671
0,2246174
0,2759361
0,3449094
0,4135795
0,5515339
0,6725067
0,8108836
0,8451197
0,8446063
0,8272689
0,7584593
0,7068283
0,6377775
0,5514407
0,3789981
0,3444179
0,01710048
4,203895E-45
4,203895E-45
3,363116E-44
3,363116E-44
3,363116E-44
3,363116E-44
3,363116E-44
3,363116E-44
3,363116E-44
5,184804E-44
5,184804E-44
6,445973E-44
6,445973E-44
6,445973E-44
6,445973E-44
6,445973E-44
6,445973E-44
6,445973E-44
6,445973E-44
6,445973E-44
5,745324E-44
3,783506E-44
3,783506E-44
3,783506E-44
3,082857E-44
1,401298E-45
1,401298E-45
1,401298E-45
1,401298E-45
1,401298E-45
1,401298E-45
3,513155E-19
3,513155E-19
3,513155E-19
3,513155E-19
3,513155E-19
3,513155E-19
3,513155E-19
3,513155E-19
3,513155E-19
3,513155E-19
3,513155E-19
3,513155E-19
1,75927E-13
1,75927E-13
1,75927E-13
1,75927E-13
1,75927E-13
1,75927E-13
1,75927E-13
1,75927E-13
1,75927E-13
1,75927E-13
1,75927E-13
0
0
0
0
0
0
0
0
0
0
0
0
0
0
0
0
0
0
0,01737434
0,01737434
0,01737434
0,01737434
0,01737434
0,03452838
0,03452838
0,03452838
0,06927837
0,1038647
0,1556535
0,2417926
0,2759361
0,3623259
0,4481852
0,5859779
0,6897604
0,7763475
0,8105825
0,8446063
0,8099816
0,7411692
0,7068283
0,6205016
0,5342329
0,3446335
0,3273482
0,01710048
4,203895E-45
4,203895E-45
3,363116E-44
3,363116E-44
3,363116E-44
3,363116E-44
5,184804E-44
5,184804E-44
5,184804E-44
6,445973E-44
6,445973E-44
6,445973E-44
6,445973E-44
6,445973E-44
6,445973E-44
6,445973E-44
6,445973E-44
6,445973E-44
5,745324E-44
5,745324E-44
5,745324E-44
3,783506E-44
3,783506E-44
3,783506E-44
3,082857E-44
1,401298E-45
1,401298E-45
1,401298E-45
3,513155E-19
3,513155E-19
3,513155E-19
3,513155E-19
3,513155E-19
3,513155E-19
3,513155E-19
3,513155E-19
3,513155E-19
3,513155E-19
3,513155E-19
3,513155E-19
3,513155E-19
1,75927E-13
1,75927E-13
1,75927E-13
1,75927E-13
1,75927E-13
1,75927E-13
1,75927E-13
1,75927E-13
1,75927E-13
1,75927E-13
1,75927E-13
0
0
0
0
0
0
0
0
0
0
0
0
0
0
0
0
0
0
0
0
0,01737434
0,01737434
0,01737434
0,01737434
0,01737434
0,03452838
0,03452838
0,05170389
0,1211114
0,1555652
0,1899681
0,2589969
0,2931397
0,3796405
0,5000166
0,6378093
0,7068749
0,7415569
0,7757908
0,8446063
0,8099816
0,7411692
0,7068283
0,5862361
0,4826806
0,3100928
0,3100928
0,01710048
3,082857E-44
3,082857E-44
3,363116E-44
3,363116E-44
4,203895E-44
4,203895E-44
5,184804E-44
5,184804E-44
5,184804E-44
6,445973E-44
6,445973E-44
6,445973E-44
6,445973E-44
6,445973E-44
6,445973E-44
6,445973E-44
6,445973E-44
6,445973E-44
5,745324E-44
3,783506E-44
3,783506E-44
3,082857E-44
1,401298E-45
1,401298E-45
1,401298E-45
1,401298E-45
1,401298E-45
1,401298E-45
3,513155E-19
3,513155E-19
3,513155E-19
3,513155E-19
3,513155E-19
3,513155E-19
3,513155E-19
3,513155E-19
3,513155E-19
3,513155E-19
3,513155E-19
1,75927E-13
1,75927E-13
1,75927E-13
1,75927E-13
1,75927E-13
1,75927E-13
1,75927E-13
1,75927E-13
1,75927E-13
1,75927E-13
1,75927E-13
1,75927E-13
0
0
0
0
0
0
0
0
0
0
0
0
0
0
0
0
0
0
1,121039E-44
1,121039E-44
1,121039E-44
0,01737434
0,01737434
0,01737434
0,03452838
0,03452838
0,03452838
0,05191718
0,1035429
0,1555617
0,1900153
0,2417063
0,3108194
0,3280166
0,414041
0,5344187
0,6207259
0,7069193
0,7412715
0,7583808
0,8101809
0,7755557
0,6893032
0,6204293
0,51722
0,4654261
0,2927467
0,2927467
0,01710048
3,363116E-44
3,363116E-44
3,363116E-44
3,363116E-44
5,184804E-44
5,184804E-44
5,184804E-44
5,184804E-44
5,184804E-44
6,445973E-44
6,445973E-44
6,445973E-44
6,445973E-44
6,445973E-44
6,445973E-44
6,445973E-44
6,445973E-44
6,445973E-44
5,745324E-44
3,783506E-44
3,783506E-44
1,401298E-45
1,401298E-45
1,401298E-45
3,513155E-19
3,513155E-19
3,513155E-19
3,513155E-19
3,513155E-19
3,513155E-19
3,513155E-19
3,513155E-19
3,513155E-19
3,513155E-19
3,513155E-19
3,513155E-19
3,513155E-19
3,513155E-19
3,513155E-19
1,75927E-13
1,75927E-13
1,75927E-13
1,75927E-13
1,75927E-13
1,75927E-13
1,75927E-13
1,75927E-13
1,75927E-13
1,75927E-13
1,75927E-13
1,75927E-13
0
0
0
0
0
0
0
0
0
0
0
0
0
0
0
0
0
0
0,01737434
0,01737434
0,01737434
0,01737434
0,01737434
0,01737434
0,03452838
0,03452838
0,03452838
0,06927837
0,1209041
0,1555617
0,1900153
0,241621
0,3105521
0,3449558
0,4654001
0,6032875
0,672462
0,7245094
0,7414999
0,7584745
0,7930049
0,7755557
0,6722198
0,5861329
0,5000077
0,4654261
0,2756194
0,2756194
0,01710048
3,363116E-44
3,363116E-44
3,363116E-44
3,363116E-44
5,184804E-44
5,184804E-44
5,184804E-44
6,445973E-44
6,445973E-44
6,445973E-44
6,445973E-44
6,445973E-44
6,445973E-44
6,445973E-44
6,445973E-44
6,445973E-44
5,745324E-44
5,745324E-44
5,745324E-44
3,082857E-44
1,401298E-45
1,401298E-45
3,513155E-19
3,513155E-19
3,513155E-19
3,513155E-19
3,513155E-19
3,513155E-19
3,513155E-19
3,513155E-19
3,513155E-19
3,513155E-19
3,513155E-19
3,513155E-19
3,513155E-19
3,513155E-19
3,513155E-19
1,75927E-13
1,75927E-13
1,75927E-13
1,75927E-13
1,75927E-13
1,75927E-13
1,75927E-13
1,75927E-13
1,75927E-13
1,75927E-13
1,75927E-13
1,75927E-13
0
0
0
0
0
0
0
0
0
0
0
0
0
0
0
0
0
0
0,01737434
0,01737434
0,01737434
0,01737434
0,01737434
0,01737434
0,01737434
0,01737434
0,03452838
0,03452838
0,03452838
0,08666385
0,1553323
0,1897797
0,2071903
0,2587655
0,3793192
0,4137217
0,4826683
0,6553435
0,6728501
0,7075358
0,7069871
0,7067688
0,7411886
0,7239293
0,620595
0,5517049
0,4484333
0,4138528
0,2583505
0,2583505
0,01710048
3,363116E-44
3,363116E-44
5,184804E-44
5,184804E-44
5,184804E-44
5,184804E-44
5,184804E-44
6,445973E-44
6,445973E-44
6,445973E-44
6,445973E-44
6,445973E-44
6,445973E-44
5,745324E-44
5,745324E-44
5,745324E-44
5,745324E-44
5,745324E-44
5,745324E-44
4,203895E-45
1,401298E-45
1,401298E-45
3,513155E-19
3,513155E-19
3,513155E-19
3,513155E-19
3,513155E-19
3,513155E-19
3,513155E-19
3,513155E-19
3,513155E-19
3,513155E-19
3,513155E-19
3,513155E-19
3,513155E-19
1,75927E-13
1,75927E-13
1,75927E-13
1,75927E-13
1,75927E-13
1,75927E-13
1,75927E-13
1,75927E-13
1,75927E-13
1,75927E-13
1,75927E-13
1,75927E-13
0
0
0
0
0
0
0
0
0
0
0
0
0
0
0
0
0
0
1,121039E-44
1,121039E-44
0,01737434
0,01737434
0,01737434
0,01737434
0,01737434
0,01737434
0,01737434
0,01737434
0,03452838
0,05175623
0,06893168
0,1210671
0,1898428
0,2417063
0,259021
0,2760793
0,3793192
0,4657333
0,5520452
0,6382784
0,6210584
0,6727858
0,7242066
0,7067615
0,6894455
0,6721871
0,6033204
0,5344309
0,4484333
0,4138528
0,2583505
0,2583505
0,01710048
3,363116E-44
3,363116E-44
0,01720389
0,01720389
0,01720389
0,01720389
0,01720389
0,01720389
6,445973E-44
6,445973E-44
6,445973E-44
6,445973E-44
6,445973E-44
5,745324E-44
5,745324E-44
5,745324E-44
3,783506E-44
3,513155E-19
3,513155E-19
3,513155E-19
3,513155E-19
3,513155E-19
3,513155E-19
3,513155E-19
3,513155E-19
3,513155E-19
3,513155E-19
3,513155E-19
3,513155E-19
3,513155E-19
3,513155E-19
3,513155E-19
3,513155E-19
1,75927E-13
1,75927E-13
1,75927E-13
1,75927E-13
1,75927E-13
1,75927E-13
1,75927E-13
1,75927E-13
1,75927E-13
1,75927E-13
1,75927E-13
1,75927E-13
0
0
0
0
0
0
0
0
0
0
0
0
0
0
0
0
0
0
0
0
1,121039E-44
1,121039E-44
0,01737434
0,01737434
0,01737434
0,01737434
0,01737434
0,01737434
0,03452838
0,05175088
0,06913956
0,08636744
0,1035429
0,1555617
0,1897408
0,2243321
0,2760119
0,3450609
0,4139349
0,5002558
0,5864891
0,6555848
0,6383783
0,6728781
0,7413861
0,740928
0,6549476
0,6378775
0,5861362
0,4482138
0,3620544
0,3449519
0,2239306
0,2239306
0,01710048
0,01720389
0,01720389
0,01720389
0,01720389
0,01720389
0,01720389
0,01720389
0,01720389
0,01720389
0,01720389
6,445973E-44
6,445973E-44
6,445973E-44
5,745324E-44
5,745324E-44
3,513155E-19
3,513155E-19
3,513155E-19
3,513155E-19
3,513155E-19
3,513155E-19
3,513155E-19
3,513155E-19
3,513155E-19
3,513155E-19
3,513155E-19
3,513155E-19
3,513155E-19
3,513155E-19
3,513155E-19
3,513155E-19
1,75927E-13
1,75927E-13
1,75927E-13
1,75927E-13
1,75927E-13
1,75927E-13
1,75927E-13
1,75927E-13
1,75927E-13
1,75927E-13
1,75927E-13
1,75927E-13
0
0
0
0
0
0
0
0
0
0
0
0
0
0
0
0
0
0
0
0
0
0,01737434
0,01737434
0,01737434
0,01737434
0,01737434
0,01737434
0,01737434
0,01737434
0,01737434
0,05175623
0,06897881
0,1036395
0,1383864
0,1552302
0,1724056
0,206916
0,2760977
0,4140399
0,4486661
0,4829743
0,534685
0,6555796
0,6900921
0,655412
0,6382411
0,7413608
0,7581283
0,6549476
0,5687462
0,4826336
0,3965296
0,3620544
0,3449519
0,1892593
0,1721588
1,401298E-45
0,01720389
0,03439407
0,03439407
0,03439407
0,03439407
0,03439407
0,03439407
0,01720389
0,01720389
0,01720389
6,445973E-44
3,513155E-19
3,513155E-19
3,513155E-19
3,513155E-19
3,513155E-19
3,513155E-19
3,513155E-19
3,513155E-19
3,513155E-19
3,513155E-19
3,513155E-19
3,513155E-19
3,513155E-19
3,513155E-19
3,513155E-19
3,513155E-19
3,513155E-19
3,082857E-44
3,082857E-44
3,082857E-44
1,75927E-13
1,75927E-13
1,75927E-13
1,75927E-13
1,75927E-13
1,75927E-13
1,75927E-13
1,75927E-13
1,75927E-13
1,75927E-13
1,75927E-13
1,75927E-13
0
0
0
0
0
0
0
0
0
0
0
0
0
0
0
0
0
0
0
0
0
0,01737434
0,01737434
0,01737434
0,01737434
0,01737434
0,01737434
0,01737434
0,01737434
0,01737434
0,06914499
0,1037287
0,1210008
0,1558801
0,1898679
0,2417738
0,2762847
0,3109055
0,4140399
0,4659339
0,5346211
0,5689439
0,6380255
0,6899054
0,6896732
0,6554002
0,6895615
0,6890156
0,6376349
0,5172238
0,4311106
0,3444021
0,2926578
0,2755552
0,1548627
0,137762
1,401298E-45
0,03439407
0,05160742
0,05160742
0,05160742
0,05160742
0,05160742
0,05160742
0,01720389
0,01720389
0,01720389
6,445973E-44
3,513155E-19
3,513155E-19
3,513155E-19
3,513155E-19
3,513155E-19
3,513155E-19
3,513155E-19
3,513155E-19
3,513155E-19
3,513155E-19
3,513155E-19
3,513155E-19
3,513155E-19
3,513155E-19
3,513155E-19
3,513155E-19
3,513155E-19
3,082857E-44
3,082857E-44
3,082857E-44
1,75927E-13
1,75927E-13
1,75927E-13
1,75927E-13
1,75927E-13
1,75927E-13
1,75927E-13
1,75927E-13
1,75927E-13
1,75927E-13
0
0
0
0
0
0
0
0
0
0
0
0
0
0
0
0
0
0
0
1,121039E-44
1,121039E-44
1,121039E-44
1,121039E-44
0,01737434
0,01737434
0,01737434
0,01737434
0,01737434
0,01737434
0,05182462
0,06897881
0,06897881
0,08636744
0,1037287
0,1210008
0,1731946
0,2416147
0,2762058
0,3107002
0,3279887
0,4140399
0,5003761
0,5863203
0,6037203
0,6555088
0,7071382
0,741302
0,6893358
0,6719747
0,6375907
0,603282
0,4826537
0,3964788
0,3270559
0,2580938
0,240991
0,1548627
0,137762
1,401298E-45
0,03440357
0,03440357
0,05160742
0,05160742
0,05160742
0,05160742
0,05160742
0,01720389
0,01720389
0,01720389
3,513155E-19
3,513155E-19
3,513155E-19
3,513155E-19
3,513155E-19
3,513155E-19
3,513155E-19
3,513155E-19
3,513155E-19
3,513155E-19
3,513155E-19
3,513155E-19
3,513155E-19
3,513155E-19
3,513155E-19
3,513155E-19
3,082857E-44
3,082857E-44
3,082857E-44
1,75927E-13
1,75927E-13
1,75927E-13
1,75927E-13
1,75927E-13
1,75927E-13
1,75927E-13
1,75927E-13
1,75927E-13
1,75927E-13
0
0
0
0
0
0
0
0
0
0
0
0
0
0
0
0
0
0
0
0
0
1,121039E-44
1,121039E-44
0,01737434
0,01737434
0,01737434
0,01737434
0,01737434
0,01737434
0,03460225
0,03460225
0,05182462
0,06897881
0,08625093
0,1036395
0,1211203
0,1726924
0,207182
0,2762006
0,3109055
0,379575
0,4141787
0,4486661
0,53509
0,6903257
0,6729925
0,6900511
0,7070377
0,7068478
0,7065592
0,654771
0,5687168
0,5343345
0,4134055
0,3616894
0,3098189
0,2235396
0,2064368
0,1376608
0,1205604
1,401298E-45
0,03440357
0,05144621
0,08582557
0,1031205
0,1031205
0,08582557
0,08582557
0,0860686
0,0688931
0,03448955
0,03448955
0,03448955
3,513155E-19
3,513155E-19
3,513155E-19
3,513155E-19
3,513155E-19
3,513155E-19
3,513155E-19
3,513155E-19
3,513155E-19
3,513155E-19
3,082857E-44
3,082857E-44
3,082857E-44
3,082857E-44
3,082857E-44
1,75927E-13
1,75927E-13
1,75927E-13
1,75927E-13
1,75927E-13
1,75927E-13
1,75927E-13
1,75927E-13
1,75927E-13
1,75927E-13
0
0
0
0
0
0
0
0
0
0
0
0
0
0
0
0
0
0
0
0
0
0
0
1,121039E-44
1,121039E-44
0,03459677
0,03459677
0,03459677
0,03459677
0,03459677
0,03459677
0,05182462
0,05182462
0,06896881
0,1035114
0,1554774
0,1554774
0,155597
0,2072005
0,2762261
0,3450032
0,3622922
0,3624814
0,4657847
0,5345507
0,5690758
0,7244744
0,6900451
0,7072728
0,741519
0,7067659
0,6720604
0,6031931
0,5170521
0,4655552
0,3790227
0,3271532
0,2754466
0,1892607
0,1721603
0,1033387
0,1033387
0
0,03423278
0,05144621
0,08582557
0,1204628
0,1204628
0,103168
0,103168
0,1204535
0,1032781
0,03448955
0,03448955
0,03448955
3,513155E-19
3,513155E-19
3,513155E-19
3,513155E-19
3,513155E-19
3,513155E-19
3,513155E-19
3,513155E-19
3,513155E-19
3,513155E-19
3,082857E-44
3,082857E-44
3,082857E-44
1,75927E-13
1,75927E-13
1,75927E-13
1,75927E-13
1,75927E-13
1,75927E-13
1,75927E-13
1,75927E-13
1,75927E-13
1,75927E-13
0
0
0
0
0
0
0
0
0
0
0
0
0
0
0
0
0
0
0
0
0
0
0
0
0,01737434
0,01737434
0,01737434
0,05182462
0,05182462
0,05182462
0,05182462
0,05182462
0,05182462
0,08647253
0,1037446
0,1382213
0,1556098
0,1729714
0,2073993
0,2247083
0,2589836
0,2761031
0,3622249
0,3968561
0,4314716
0,5174341
0,6207026
0,6033477
0,6898993
0,7071143
0,7068453
0,7066901
0,6720175
0,6373856
0,5339086
0,465253
0,3963476
0,327372
0,2928497
0,2411435
0,1720833
0,1377514
0,05202678
0,05202678
0
0,03421805
0,1378453
0,1897423
0,1897423
0,2069465
0,2242319
0,2242319
0,1896458
0,1377485
0,0860686
0,0688931
0,0516798
0,03439407
0,01720389
3,513155E-19
3,513155E-19
3,513155E-19
3,513155E-19
3,513155E-19
3,783506E-44
3,783506E-44
3,082857E-44
3,082857E-44
3,082857E-44
3,082857E-44
1,75927E-13
1,75927E-13
1,75927E-13
1,75927E-13
1,75927E-13
1,75927E-13
1,75927E-13
1,75927E-13
1,75927E-13
1,75927E-13
0
0
0
0
0
0
0
0
0
0
0
0
0
0
0
0
0
0
0
0
0
1,121039E-44
1,121039E-44
1,121039E-44
0,01737434
0,01737434
0,01737434
0,05182462
0,0693185
0,0693185
0,0693185
0,0693185
0,08659063
0,1208887
0,1382775
0,1729714
0,1729714
0,1727723
0,2072004
0,2247083
0,2760666
0,3104755
0,4140789
0,4659525
0,4832565
0,5517192
0,7240745
0,7068117
0,6898617
0,7414722
0,6725666
0,6376811
0,5854865
0,5164646
0,4825627
0,4480865
0,3617161
0,2753425
0,2235527
0,1892124
0,1548627
0,1031658
0,03466209
0,03466209
0
0,1034102
0,1897423
0,2068572
0,2068572
0,2414069
0,2759235
0,2759235
0,2241062
0,1896027
0,1552651
0,120694
0,06885511
0,0516798
0,0516798
0,0171902
3,783506E-44
3,783506E-44
3,783506E-44
3,783506E-44
3,783506E-44
3,783506E-44
3,082857E-44
3,082857E-44
1,75927E-13
1,75927E-13
1,75927E-13
1,75927E-13
1,75927E-13
1,75927E-13
1,75927E-13
1,75927E-13
1,75927E-13
1,75927E-13
1,75927E-13
1,75927E-13
0
0
0
0
0
0
0
0
0
0
0
0
0
0
0
0
0
1,121039E-44
1,121039E-44
1,121039E-44
1,121039E-44
0,01722784
0,01722784
0,03445031
0,05182462
0,05182462
0,05182462
0,05182462
0,08646265
0,08646265
0,103795
0,120949
0,1382213
0,1382213
0,1556098
0,1557489
0,1901056
0,207323
0,276067
0,3103699
0,3622249
0,4141249
0,465895
0,5864882
0,6210742
0,6552742
0,7756198
0,7411435
0,7240289
0,7411572
0,6891177
0,5855889
0,5338401
0,4993441
0,3790163
0,29266
0,2755579
0,241064
0,2064497
0,172112
0,1033387
0,06874263
0,01740239
0,01740239
0
0,08618736
0,1723476
0,2242347
0,2586378
0,2929418
0,3274586
0,3103589
0,2585549
0,2411665
0,2238005
0,1721146
0,1031515
0,1031515
0,06885511
0,03447584
0,03447584
0,0171902
3,783506E-44
3,783506E-44
3,783506E-44
3,783506E-44
1,75927E-13
1,75927E-13
1,75927E-13
1,75927E-13
1,75927E-13
1,75927E-13
1,75927E-13
1,75927E-13
1,75927E-13
1,75927E-13
1,75927E-13
1,75927E-13
0
0
0
0
0
0
0
0
0
0
0
0
0
0
0
0
0
0
0
1,121039E-44
0,01722784
0,01722784
0,01722784
0,01722784
0,03460225
0,05182462
0,05182462
0,05182462
0,0693185
0,0693185
0,08646265
0,1037348
0,1210671
0,1382213
0,1555357
0,1728967
0,1900871
0,2074563
0,276067
0,3105185
0,3105185
0,3449071
0,4654287
0,5171465
0,6038187
0,6554428
0,7584433
0,7926253
0,7580004
0,7406235
0,6891824
0,6547942
0,6027894
0,551211
0,430689
0,3790028
0,327272
0,2580965
0,2409934
0,2236275
0,1893208
0,1378998
0,06925826
0,03466209
0,01740239
0,01740239
0
0,1209644
0,1897134
0,2586507
0,2930533
0,3102291
0,3102291
0,3274329
0,344732
0,344732
0,2928867
0,2581522
0,2410522
0,2238272
0,137914
0,1205482
0,06885511
0,0171902
3,783506E-44
3,783506E-44
1,75927E-13
1,75927E-13
1,75927E-13
1,75927E-13
1,75927E-13
1,75927E-13
1,75927E-13
1,75927E-13
1,75927E-13
1,75927E-13
1,75927E-13
1,75927E-13
0
0
0
0
0
0
0
0
0
0
0
0
0
0
0
0
0
0
0,01722244
0,01722244
0,01722244
0,01722244
0,03445031
0,05182462
0,05182462
0,0693185
0,0693185
0,0693185
0,08659063
0,1037348
0,1037348
0,1037348
0,1382432
0,1727115
0,1900726
0,1728505
0,1902391
0,2248305
0,2418843
0,2418843
0,2931869
0,3276387
0,3791257
0,4652755
0,6036665
0,6034227
0,6381726
0,6377357
0,7236111
0,7407079
0,7233947
0,7061944
0,6375752
0,6202863
0,585734
0,5168729
0,4308082
0,3791093
0,2927999
0,2235527
0,1721293
0,1721293
0,1377794
0,08618766
0,03476701
0,01740239
3,783506E-44
3,783506E-44
0
0,08610162
0,138193
0,2589052
0,3105035
0,3448998
0,3792447
0,3792447
0,3617877
0,3617367
0,3619533
0,396467
0,3621915
0,3274569
0,2929633
0,241096
0,1722028
0,1205918
0,06899633
0,01728309
1,75927E-13
1,75927E-13
1,75927E-13
1,75927E-13
1,75927E-13
1,75927E-13
1,75927E-13
1,75927E-13
1,75927E-13
1,75927E-13
0
0
0
0
0
0
0
0
0
0
0
0
0
0
0
0
0,01722784
0,01722784
0,01722784
0,01722784
0,03445031
0,03445031
0,03445031
0,03445031
0,03445031
0,05182462
0,08630124
0,103795
0,103795
0,103795
0,1210671
0,1210671
0,1384285
0,1383602
0,155536
0,1728505
0,1902391
0,2074145
0,2074145
0,2936619
0,3451596
0,3796065
0,448193
0,4827325
0,5864893
0,603692
0,6210224
0,6723096
0,7236117
0,7406495
0,7580232
0,7406061
0,7236109
0,6892236
0,6202775
0,5687
0,4824153
0,4305731
0,3616872
0,2756553
0,224015
0,1892124
0,1377794
0,08619747
0,05199845
0,03476701
0,01736462
3,783506E-44
3,363116E-44
3,363116E-44
0
0,1032807
0,1552525
0,2416057
0,2761622
0,3455868
0,4142673
0,4312819
0,3791104
0,3963148
0,4481546
0,4138312
0,3967317
0,3793854
0,379499
0,379499
0,3104034
0,2413047
0,1552502
0,103506
0,06893402
0,03445828
0,03445828
0,03445828
0,01723742
0,01723742
0,01723742
0,01723742
0,01723742
1,75927E-13
4,203895E-45
4,203895E-45
4,203895E-45
4,203895E-45
0
0
0
0
0
0
0
0
0
0
0
0
0,01722784
0,01722784
0,01722784
0,01722784
0,03445031
0,03445031
0,05194408
0,0693185
0,08659063
0,08659063
0,1210671
0,1210671
0,1210671
0,1210671
0,1556044
0,1556044
0,1556044
0,2074145
0,2246827
0,2418099
0,27641
0,2935095
0,3102808
0,3793657
0,4830063
0,5864365
0,6035517
0,6376493
0,7586694
0,7754909
0,7065324
0,7237219
0,7408974
0,7060669
0,689112
0,6718202
0,654865
0,6029851
0,5511355
0,4823426
0,3964049
0,3103706
0,2412176
0,189169
0,1549084
0,1035888
0,06925826
0,03463381
0,03463381
0,01740239
3,783506E-44
3,783506E-44
3,363116E-44
3,363116E-44
0
0,06916128
0,08623067
0,2418196
0,2764064
0,3630661
0,3974443
0,4490601
0,4832531
0,5004019
0,5003536
0,4830246
0,4656489
0,430809
0,4480982
0,4137741
0,3966744
0,3966744
0,3104034
0,2928456
0,2239157
0,1379824
0,1032743
0,08608411
0,05178016
0,03449705
0,01723742
0,01723742
0,01723742
3,783506E-44
4,203895E-45
4,203895E-45
4,203895E-45
4,203895E-45
4,203895E-45
4,203895E-45
4,203895E-45
0
0
0
0,01722784
0,01722784
0,03445031
0,03445031
0,03445031
0,03445031
0,06921636
0,06921636
0,06921636
0,08636042
0,1037348
0,1210671
0,1210671
0,1210671
0,1382432
0,1382432
0,1382432
0,1382432
0,1555576
0,1383351
0,1728505
0,1900256
0,2244781
0,2589663
0,3455486
0,3797186
0,4315135
0,4657337
0,5173059
0,5169241
0,6203116
0,6549135
0,7242315
0,7584915
0,7411252
0,7063426
0,7406253
0,7058236
0,7062337
0,7235184
0,6721529
0,6202528
0,5857217
0,5339928
0,4478149
0,4133184
0,3099854
0,1894192
0,1205863
0,103457
0,06899607
0,05199845
0,03476701
0,01740239
0,01740239
0,01740239
3,783506E-44
3,783506E-44
3,363116E-44
3,363116E-44
0
0,0518539
0,08633807
0,2419606
0,2762048
0,3457986
0,36303
0,4147526
0,4835182
0,5351345
0,5870176
0,6040086
0,5520039
0,4999038
0,4997782
0,4997782
0,4997782
0,4481581
0,4138827
0,4309659
0,3448629
0,2932899
0,2242468
0,1898178
0,1554396
0,1208981
0,08619118
0,06900115
0,06900115
0,05172488
0,05172488
0,05172488
0,05172488
0,05172488
0,03446525
0,03446525
0,03446525
0,03446525
0,05168767
0,05168767
0,05168767
0,05168767
0,05178279
0,05178279
0,06892697
0,06892697
0,1036927
0,1036927
0,1036927
0,1036927
0,1210671
0,138336
0,1556505
0,1556505
0,1900863
0,1728638
0,1728638
0,1900847
0,2418316
0,2764651
0,3106681
0,397041
0,4316409
0,4315903
0,4662287
0,4659546
0,5864801
0,6206419
0,6898781
0,6894608
0,7068052
0,775621
0,7582224
0,7235883
0,7752026
0,758027
0,7752562
0,7577366
0,6893351
0,6547776
0,6204751
0,5687495
0,4652027
0,4133605
0,3101135
0,2411484
0,2064968
0,1207473
0,06919984
0,06919984
0,03463381
0,03463381
0,01740239
0,01740239
3,783506E-44
3,363116E-44
3,363116E-44
3,363116E-44
3,363116E-44
3,363116E-44
0
0,103939
0,138547
0,2422135
0,2765442
0,380211
0,4146179
0,449297
0,4840743
0,5012998
0,5700142
0,6386432
0,6559102
0,6384635
0,6037177
0,6209415
0,6207007
0,603631
0,5342792
0,482631
0,4652425
0,447988
0,3616678
0,3272389
0,2928703
0,2584613
0,2237544
0,1375961
0,1375961
0,08612119
0,08612119
0,0689459
0,08594345
0,1032156
0,08595574
0,0687349
0,0687349
0,0687349
0,1030603
0,1035566
0,1035566
0,1035566
0,120889
0,120889
0,1552541
0,17243
0,17243
0,17243
0,1898044
0,2070724
0,2070724
0,2243414
0,2587566
0,241519
0,3104688
0,2932456
0,3103997
0,3621956
0,4137477
0,4484595
0,4828343
0,5349059
0,5864015
0,5860927
0,5685981
0,6028625
0,6548203
0,6719398
0,7066042
0,6892861
0,7237949
0,7581394
0,7580123
0,7408362
0,7408518
0,7236661
0,6893835
0,6719645
0,6375956
0,6031989
0,5860783
0,482699
0,3272246
0,2754262
0,1898774
0,1382984
0,06922372
0,06922372
0,05199845
0,05199845
0,03463381
0,03463381
0,01740239
0,01740239
3,363116E-44
3,363116E-44
3,363116E-44
3,082857E-44
3,082857E-44
3,082857E-44
0
0,1036868
0,1553953
0,2596107
0,2768717
0,3972485
0,4143175
0,4314468
0,4488686
0,5007426
0,552884
0,6217372
0,7422238
0,7767007
0,7939864
0,8112738
0,7763585
0,7935347
0,7758946
0,7069438
0,6895549
0,6207601
0,6207601
0,6035816
0,6035816
0,5692707
0,4482831
0,3792189
0,3449237
0,2935115
0,3106119
0,2589042
0,2238912
0,2411633
0,2583077
0,2582625
0,2239116
0,2411131
0,2582164
0,2412185
0,2583452
0,2929757
0,3448875
0,3448875
0,3795455
0,3795455
0,3623227
0,3796402
0,4143592
0,4316275
0,4316275
0,4316275
0,4316275
0,4487494
0,4487494
0,466152
0,5178213
0,5523807
0,5869024
0,5869024
0,621262
0,621262
0,6724271
0,7063395
0,6891972
0,7064087
0,7238554
0,7583405
0,7582369
0,7410804
0,7581211
0,7582327
0,7753626
0,7407631
0,6895396
0,6551412
0,620467
0,620467
0,5684804
0,4821784
0,361573
0,2755252
0,1895639
0,1379187
0,06922372
0,06922372
0,03476701
0,01740239
0,01740239
0,01740239
3,513155E-19
3,513155E-19
3,513155E-19
3,513155E-19
3,363116E-44
3,363116E-44
3,363116E-44
3,082857E-44
3,082857E-44
3,082857E-44
0
0,1210035
0,1382259
0,2419328
0,2593183
0,3284112
0,345673
0,3800038
0,3972633
0,4489001
0,5005552
0,5525916
0,5871782
0,6386658
0,7246503
0,8107978
0,8968087
0,9140913
0,9312832
0,9312832
0,9485087
0,9141003
0,9141003
0,8969487
0,8969487
0,9141673
0,8797149
0,8797149
0,8624302
0,8624302
0,8621641
0,8449408
0,7759354
0,7413716
0,7413716
0,6727281
0,6556007
0,6209565
0,6209565
0,6036146
0,6035663
0,6037518
0,6037518
0,6037518
0,620926
0,620926
0,6037046
0,6037046
0,6037046
0,6208576
0,6379276
0,672459
0,672459
0,6898474
0,7242718
0,7242718
0,741497
0,7242698
0,7588412
0,7588122
0,7588494
0,810308
0,7930256
0,8101531
0,8447
0,8273038
0,8097842
0,7754555
0,792751
0,792751
0,7753626
0,7234957
0,6722686
0,6375657
0,5855443
0,5167211
0,4649854
0,3962097
0,3442401
0,2583333
0,1894115
0,1378263
0,1036386
0,06927799
0,03476701
0,03476701
0,01736462
1,75927E-13
1,75927E-13
1,75927E-13
1,75927E-13
1,75927E-13
1,75927E-13
1,75927E-13
1,75927E-13
1,75927E-13
1,75927E-13
3,082857E-44
3,082857E-44
3,082857E-44
0
0,06875294
0,08597534
0,2071442
0,2071442
0,2937579
0,3111435
0,3283451
0,3628747
0,397104
0,4143252
0,5176957
0,5176957
0,5697039
0,5697039
0,621523
0,7419754
0,7936344
0,8452239
0,8967285
0,9140713
0,931262
0,9484791
0,9657652
0,9657652
0,9657652
0,9830043
0,9830043
0,9999999
0,9999999
0,9999999
0,9999999
0,9999999
0,9999999
0,9999999
0,9999999
0,9999999
0,9999999
0,9999999
0,9999999
0,9999999
0,9999999
0,9827766
0,9827766
0,9827766
0,9827766
0,9827766
0,9827766
0,9827766
0,9827766
0,9827766
0,9655477
0,9655477
0,9655477
0,9484032
0,9484032
0,9484032
0,9136391
0,8962663
0,8962663
0,8962663
0,8789329
0,8617549
0,8617549
0,8271276
0,7754827
0,7754827
0,7754827
0,7580935
0,7408267
0,6892979
0,6375219
0,5689752
0,5344368
0,4479532
0,3619278
0,2582051
0,2411046
0,1724448
0,1035973
0,06927799
0,05191335
1,75927E-13
1,75927E-13
1,75927E-13
1,75927E-13
1,75927E-13
1,75927E-13
1,75927E-13
1,75927E-13
1,75927E-13
1,75927E-13
1,75927E-13
1,75927E-13
1,75927E-13
1,75927E-13
1,75927E-13
1,75927E-13
1,75927E-13
1,75927E-13
1,75927E-13
0,05137203
0,05137203
0,1552463
0,1552463
0,2073238
0,2073238
0,2766032
0,2938718
0,3629127
0,3802973
0,4146321
0,4489541
0,4834979
0,5007259
0,5349733
0,5865403
0,6039039
0,6556151
0,7073476
0,8107411
0,8452491
0,862471
0,9312329
0,9485725
0,9657652
0,9830043
0,9830043
0,9999999
0,9999999
0,9999999
0,9999999
0,9999999
0,9999999
0,9827766
0,9827766
0,9827766
0,9827766
0,9827766
0,9827766
0,9827766
0,9827766
0,9827766
0,9827766
0,9827766
0,9827766
0,9655477
0,9655477
0,9655477
0,9655477
0,9655477
0,9655477
0,9655477
0,9655477
0,9484032
0,9484032
0,8966276
0,861863
0,8444872
0,8444872
0,8444872
0,8099994
0,7926371
0,7754827
0,7754827
0,7583548
0,7237847
0,6894243
0,6894243
0,6030008
0,4652788
0,4307354
0,3786562
0,3615532
0,2924036
0,1893041
0,1378083
0,1205133
0,05191335
0,05191335
0,03468804
0,01740239
1,75927E-13
1,75927E-13
1,75927E-13
1,75927E-13
1,75927E-13
1,75927E-13
1,75927E-13
1,75927E-13
1,75927E-13
1,75927E-13
1,75927E-13
1,75927E-13
1,75927E-13
1,75927E-13
1,75927E-13
1,75927E-13
1,75927E-13
1,75927E-13
1,75927E-13
0,01710048
0,01710048
0,06870458
0,06870458
0,1033011
0,1033011
0,1377463
0,1550183
0,2243865
0,259197
0,311176
0,32849
0,32849
0,3972065
0,4317577
0,4836071
0,5180491
0,5351667
0,552237
0,6209936
0,6553649
0,6727307
0,7242351
0,7762572
0,8451692
0,8795817
0,9140584
0,9140584
0,9657652
0,9827604
0,9827604
0,9827604
0,9827604
0,9655384
0,9655384
0,9655384
0,9655384
0,9655384
0,9655384
0,9827766
0,9827766
0,9827766
0,9827766
0,9827766
0,9655061
0,9482837
0,9311386
0,9311386
0,9139624
0,9139624
0,9139624
0,879195
0,879195
0,879195
0,86182
0,8100743
0,8100743
0,7583824
0,7583824
0,7412276
0,6894431
0,6548225
0,6201609
0,5336048
0,4994016
0,4650639
0,4306264
0,413511
0,39629
0,2925367
0,2067298
0,1896101
0,155351
0,08649137
0,06908906
0,01728565
0,01728565
0,01728565
0,01728565
0,01728565
1,75927E-13
1,75927E-13
1,75927E-13
1,75927E-13
1,75927E-13
1,75927E-13
1,75927E-13
1,75927E-13
1,75927E-13
1,75927E-13
1,75927E-13
1,75927E-13
1,75927E-13
1,75927E-13
1,75927E-13
1,75927E-13
1,75927E-13
1,75927E-13
1,75927E-13
1,75927E-13
0
0,01710048
0,03422786
0,03422786
0,05137203
0,05137203
0,06864104
0,06864104
0,06864104
0,08597343
0,1205106
0,137947
0,1725152
0,2069413
0,2415983
0,3107642
0,3972735
0,3972735
0,4315199
0,4315199
0,4316122
0,483494
0,5177971
0,6213698
0,6729993
0,7589179
0,8104829
0,8104829
0,8794739
0,8968413
0,8968739
0,8968739
0,8968739
0,8797715
0,8969942
0,9142119
0,9312118
0,913942
0,8796205
0,8796205
0,8624165
0,8624165
0,8453153
0,827823
0,8105516
0,8105516
0,7413067
0,7066497
0,7066497
0,7238878
0,7238878
0,7065714
0,6718503
0,6545832
0,6374073
0,6374073
0,6202244
0,5857369
0,5338959
0,4822262
0,4648373
0,4476156
0,4132951
0,3615713
0,3615713
0,3100305
0,2758682
0,2587538
0,2415399
0,1721184
0,1378453
0,1205624
0,1033007
0,05180591
0,03452031
1,75927E-13
1,75927E-13
1,75927E-13
1,75927E-13
1,75927E-13
1,75927E-13
1,75927E-13
1,75927E-13
1,75927E-13
1,75927E-13
1,75927E-13
1,75927E-13
1,75927E-13
1,75927E-13
1,75927E-13
1,75927E-13
1,75927E-13
1,75927E-13
1,75927E-13
1,75927E-13
1,75927E-13
1,75927E-13
1,75927E-13
1,75927E-13
1,75927E-13
0
0,01710048
0,01710048
0,01710048
0,03424462
0,03424462
0,03424462
0,03424462
0,05151356
0,06884604
0,08602187
0,1034586
0,1380266
0,1552987
0,1726733
0,2244533
0,2937009
0,2937009
0,3280061
0,3451607
0,3625346
0,3971311
0,4142305
0,483085
0,483085
0,5174903
0,5347574
0,5520201
0,5865275
0,6730852
0,7076796
0,7247623
0,7934061
0,793435
0,8452993
0,8625216
0,8795931
0,8794962
0,8451748
0,8451748
0,8451481
0,8451481
0,828045
0,8105516
0,7760631
0,7760631
0,7068195
0,654988
0,654988
0,6722237
0,6722237
0,6549059
0,6031168
0,5686963
0,5686963
0,534165
0,4995925
0,4651676
0,4133281
0,3443041
0,3443041
0,3097938
0,2411451
0,2063693
0,1721228
0,1377399
0,103491
0,05175348
0,05175348
0,03457807
0,03457807
3,363116E-44
3,363116E-44
3,363116E-44
3,363116E-44
3,363116E-44
3,363116E-44
3,363116E-44
3,363116E-44
3,363116E-44
3,363116E-44
3,363116E-44
3,082857E-44
3,082857E-44
3,082857E-44
3,082857E-44
3,082857E-44
3,082857E-44
3,082857E-44
3,082857E-44
3,082857E-44
3,082857E-44
0
0
0
0
0
0
0
0
3
