0
0
0
0
0
0
0
0
0
0
0
4,203895E-45
4,203895E-45
4,203895E-45
0,05928376
0,05928376
0,05928376
0,05928376
0,05928376
0,05928376
0,05928376
5,605194E-45
5,605194E-45
5,605194E-45
4,203895E-45
4,203895E-45
4,203895E-45
1,280425E-30
1,280425E-30
1,280425E-30
1,883963E-30
1,883963E-30
1,883963E-30
1,883963E-30
6,03535E-31
6,03535E-31
6,03535E-31
0
0
0
0
0
0
0
0
0
0
0
0
0
0
0
0
0
0
0
0
0
0
0
0
0
0
0
0
0
0
0
0
0
0
0
0
0
0
0
0
0
0
0
0
0
0
0
0
0
0
0,1174807
0,2934145
0,4115284
0,8815059
0,823235
0,823235
0,6465172
0,5873055
0,5873055
0,5873055
0,5873055
0,5873055
1,401298E-45
0
0
0
0
0
0
0
0
4,203895E-45
4,203895E-45
4,203895E-45
0,05928376
0,05928376
0,05928376
0,05928376
0,05928376
0,05928376
0,05928376
0,05928376
0,05928376
0,05928376
7,006492E-45
7,006492E-45
7,006492E-45
1,280425E-30
1,280425E-30
1,280425E-30
1,280425E-30
1,883963E-30
1,883963E-30
1,883963E-30
1,883963E-30
1,883963E-30
1,883963E-30
6,03535E-31
6,03535E-31
6,03535E-31
5,605194E-45
5,605194E-45
0
0
0
0
0
0
0
0
0
0
0
0
0
0
0
0
0
0
0
0
0
0
0
0
0
0
0
0
0
0
0
0
0
0
0
0
0
0
0
0
0
0
0
0
0,1174807
0,2934145
0,4115284
0,5287051
0,7639447
0,8815059
0,9407164
0,9407164
0,9407164
0,9407164
0,9407164
0,9407164
0,9407164
0,9407164
0,9407164
0,9407164
1,401298E-45
0
0
0
0
0
0
0
0
4,203895E-45
0,05928376
0,05928376
0,05928376
0,05928376
0,05928376
0,05928376
0,05928376
0,05928376
0,05928376
0,05928376
0,05928376
0,05928376
7,006492E-45
7,006492E-45
7,006492E-45
1,280425E-30
1,280425E-30
1,280425E-30
1,280425E-30
1,883963E-30
1,883963E-30
1,883963E-30
1,883963E-30
1,883963E-30
1,883963E-30
6,03535E-31
6,03535E-31
6,03535E-31
5,605194E-45
5,605194E-45
0
0
0
0
0
0
0
0
0
0
0
0
0
0
0
0
0
0
0
0
0
0
0
0
0
0
0
0
0
0
0
0
0
0
0
0
0
0
0
0
0,1174807
0,1759824
0,1759824
0,2940965
0,3525684
0,6467183
0,7642794
0,8821947
0,9407164
0,9407164
0,9407164
0,9407164
0,9407164
0,9999999
0,9999999
0,9999999
0,9407164
0,9407164
0,9407164
0,9407164
2,802597E-45
0
0
0
0
0
0
0
0
4,203895E-45
0,05928376
0,05928376
0,05928376
0,05928376
0,05928376
0,05928376
0,05928376
0,05928376
0,05928376
0,05928376
0,05928376
0,05928376
7,006492E-45
1,280425E-30
1,280425E-30
1,280425E-30
1,280425E-30
1,280425E-30
1,280425E-30
1,883963E-30
1,883963E-30
1,883963E-30
1,883963E-30
1,883963E-30
1,883963E-30
6,03535E-31
6,03535E-31
6,03535E-31
5,605194E-45
5,605194E-45
0
0
0
0
0
0
0
0
0
0
0
0
0
0
0
0
0
0
0
0
0
0
0
0
0
0
0
0
0
0
0
0
0
0
0
0
0
0
0
0
0,1174807
0,2345116
0,2345116
0,3526255
0,4703084
0,7644519
0,8820121
0,9407164
0,9407164
0,9407164
0,9407164
0,9999999
0,9999999
0,9999999
0,9999999
0,9999999
0,9999999
0,9999999
0,9999999
0,9999999
2,802597E-45
0
0
0
0
0
0
0
0
4,203895E-45
0,05928376
0,05928376
0,05928376
0,05928376
0,05928376
0,05928376
0,05928376
0,05928376
0,05928376
0,05928376
0,05928376
0,05928376
7,006492E-45
1,280425E-30
1,280425E-30
1,280425E-30
1,280425E-30
1,280425E-30
1,280425E-30
1,883963E-30
1,883963E-30
1,883963E-30
1,883963E-30
1,883963E-30
1,883963E-30
6,03535E-31
6,03535E-31
6,03535E-31
5,605194E-45
5,605194E-45
0
0
0
0
0
0
0
0
0
0
0
0
0
0
0
0
0
0
0
0
0
0
0
0
0
0
0
0
0
0
0
0
0
0
0
0
0
0
0
2,662467E-44
0,2355948
0,4115284
0,5295837
0,5295837
0,7059711
0,8231557
0,9407164
0,9407164
0,9407164
0,9407164
0,9407164
0,9999999
0,9999999
0,9999999
0,9999999
0,9999999
0,9999999
0,9999999
0,9999999
0,9999999
2,802597E-45
0
0
0
0
0
0
0
0
4,203895E-45
0,05928376
0,05928376
0,05928376
0,05928376
0,05928376
0,05928376
0,05928376
0,05928376
0,05928376
7,006492E-45
7,006492E-45
7,006492E-45
7,006492E-45
1,280425E-30
1,280425E-30
1,280425E-30
1,280425E-30
1,883963E-30
1,883963E-30
1,883963E-30
1,883963E-30
1,883963E-30
1,883963E-30
6,03535E-31
6,03535E-31
6,03535E-31
6,03535E-31
6,03535E-31
0
0
0
0
0
0
0
0
0
0
0
0
0
0
0
0
0
0
0
0
0
0
0
0
0
0
0
0
0
0
0
0
0
0
0
0
0
0
0,05875152
0,1757822
0,1757822
0,2938381
0,4706811
0,5880557
0,7059292
0,7059292
0,7646338
0,8231557
0,9407164
0,9407164
0,9999999
0,9999999
0,9999999
0,9999999
0,9999999
0,9999999
0,9999999
0,9999999
0,9414707
0,8243356
0,7651259
0,7651259
2,802597E-45
0
0
0
0
0
0
0
0
4,203895E-45
0,05928376
0,05928376
0,05928376
0,05928376
0,05928376
0,05928376
0,05928376
0,05928376
0,05928376
7,006492E-45
7,006492E-45
7,006492E-45
7,006492E-45
1,280425E-30
1,280425E-30
1,280425E-30
1,280425E-30
1,883963E-30
1,883963E-30
1,883963E-30
1,883963E-30
1,883963E-30
1,883963E-30
6,03535E-31
6,03535E-31
6,03535E-31
6,03535E-31
6,03535E-31
0
0
0
0
0
0
0
0
0
0
0
0
0
0
0
0
0
0
0
0
0
0
0
0
0
0
0
0
0
0
0
0
0
0
1,401298E-44
2,662467E-44
2,662467E-44
2,662467E-44
0,2953809
0,4712436
0,4712436
0,5299061
0,5885553
0,7646338
0,7646338
0,8821947
0,8821947
0,9407164
0,9407164
0,9407164
0,9999999
0,9999999
0,9999999
0,9999999
0,9999999
0,9999999
0,9999999
0,9999999
0,7646272
0,4712276
0,4120163
0,4120163
2,802597E-45
0
0
0
0
0
0
0,05928376
0,05928376
0,05928376
0,05928376
0,05928376
0,05928376
0,05928376
0,05928376
0,05928376
0,05928376
0,05928376
0,05928376
7,006492E-45
1,280425E-30
1,280425E-30
1,280425E-30
1,280425E-30
1,883963E-30
1,883963E-30
1,883963E-30
1,883963E-30
1,883963E-30
1,883963E-30
1,883963E-30
1,883963E-30
1,883963E-30
6,03535E-31
6,03535E-31
6,03535E-31
0
0
0
0
0
0
0
0
0
0
0
0
0
0
0
0
0
0
0
0
0
0
0
0
0
0
0
0
0
0
0
2,662467E-44
2,662467E-44
2,662467E-44
2,662467E-44
2,662467E-44
2,662467E-44
0,05875152
0,1764919
0,1764919
0,35391
0,4712436
0,529715
0,5883784
0,6470274
0,7646338
0,8231557
0,9407164
0,9407164
0,9407164
0,9999999
0,9999999
0,9999999
0,9999999
0,9999999
0,9999999
0,9999999
1
1
1
0,7058764
0,3539551
0,2354601
0,2354601
2,802597E-45
0
0
0
0
0
0
0,05928376
0,05928376
0,05928376
0,05928376
0,05928376
0,05928376
0,05928376
0,05928376
0,05928376
0,05928376
0,05928376
0,05928376
7,006492E-45
1,280425E-30
1,280425E-30
1,280425E-30
1,280425E-30
1,883963E-30
1,883963E-30
1,883963E-30
1,883963E-30
1,883963E-30
1,883963E-30
1,883963E-30
1,883963E-30
1,883963E-30
6,03535E-31
6,03535E-31
6,03535E-31
0
0
0
0
0
0
0
0
0
0
0
0
0
0
0
0
0
0
0
0
0
0
0
0
0
0
0
0
2,662467E-44
2,662467E-44
2,662467E-44
2,662467E-44
2,662467E-44
0,05921116
0,1177404
0,1177404
0,1177404
0,2945478
0,3530496
0,4115209
0,5295461
0,6472808
0,6472808
0,6472808
0,7645353
0,8232394
0,8817604
0,9407164
0,9407164
0,9407164
0,9999999
0,9999999
0,9999999
0,9999999
0,9999999
1
1
1
0,9415282
0,9415282
0,6474047
0,2948467
0,1763521
0,1763521
2,802597E-45
0
0
0
0
0
0
0,05928376
0,05928376
0,05928376
0,05928376
0,05928376
0,05928376
0,05928376
0,05928376
0,05928376
0,05928376
7,006492E-45
7,006492E-45
7,006492E-45
1,280425E-30
1,280425E-30
1,280425E-30
1,280425E-30
1,883963E-30
1,883963E-30
1,883963E-30
1,883963E-30
1,883963E-30
1,883963E-30
6,03535E-31
6,03535E-31
6,03535E-31
6,03535E-31
6,03535E-31
6,03535E-31
0
0
0
0
0
0
0
0
0
0
0
0
0
0
0
0
0
0
0
0
0
0
0
0
0
0
0
0
2,662467E-44
2,662467E-44
0,1177404
0,1177404
0,1177404
0,1177404
0,2942976
0,2942976
0,2942976
0,5299061
0,5888099
0,7059292
0,7059292
0,7645353
0,8232394
0,8232394
0,8232394
0,8232394
0,8817604
0,9407164
0,9407164
0,9407164
0,9999999
0,9999999
0,9999999
0,9999999
0,9999999
1
1
1
0,82426
0,7650496
0,3527384
0,0585016
0,0585016
0,0585016
0
0
0
0
0
0
0
0,05928376
0,05928376
0,05928376
0,05928376
0,05928376
0,05928376
0,05928376
0,05928376
0,05928376
0,05928376
7,006492E-45
7,006492E-45
7,006492E-45
1,280425E-30
1,280425E-30
1,883963E-30
1,883963E-30
1,883963E-30
1,883963E-30
1,883963E-30
1,883963E-30
1,883963E-30
1,883963E-30
6,03535E-31
6,03535E-31
6,03535E-31
6,03535E-31
0
0
0
0
0
0
0
0
0
0
0
0
0
0
0
0
0
0
0
0
0
0
0
0
0
0
0
2,662467E-44
2,662467E-44
0,05921116
0,05921116
0,05921116
0,176242
0,2351899
0,2351899
0,2351899
0,5299773
0,5299773
0,5884486
0,6472808
0,7058856
0,8232394
0,8232394
0,8232394
0,8232394
0,8232394
0,8821947
0,8821947
0,8815059
0,8815059
0,9407164
0,9407164
0,9999999
0,9999999
1
1
1
1
0,9410976
0,9410976
0,7653571
0,7061462
0,3527384
0,0585016
0,0585016
0,0585016
0
0
0
0
0
0,05928376
0,05928376
0,05928376
0,05928376
0,05928376
0,05928376
0,05928376
0,05928376
0,05928376
0,05928376
0,05928376
0,05928376
7,006492E-45
1,280425E-30
1,280425E-30
1,280425E-30
1,280425E-30
1,883963E-30
1,883963E-30
1,883963E-30
1,883963E-30
1,883963E-30
1,883963E-30
1,883963E-30
1,883963E-30
6,03535E-31
6,03535E-31
6,03535E-31
6,03535E-31
0
0
0
0
0
0
0
0
0
0
0
0
0
0
0
0
0
0
0
0
0
0
0
0
2,662467E-44
2,662467E-44
2,662467E-44
2,662467E-44
2,662467E-44
0,1177404
0,1764031
0,1764031
0,2938075
0,4118631
0,4118631
0,5291664
0,6472808
0,7645353
0,8232394
0,8232394
0,8232394
0,8232394
0,8232394
0,8232394
0,8232394
0,8817604
0,9407164
0,9407164
0,8815059
0,8815059
0,9999999
0,9999999
0,9999999
0,9999999
1
1
1
1
0,8825676
0,8825676
0,5304943
0,4712836
0,1764048
0,0585016
0,0585016
0,0585016
0
0
0
0
0
0,05928376
0,05928376
0,05928376
0,05928376
0,05928376
0,05928376
0,05928376
0,05928376
0,05928376
0,05928376
0,05928376
0,05928376
7,006492E-45
1,280425E-30
1,280425E-30
1,280425E-30
1,280425E-30
1,883963E-30
1,883963E-30
1,883963E-30
1,883963E-30
1,883963E-30
1,883963E-30
1,883963E-30
1,883963E-30
6,03535E-31
5,605194E-45
5,605194E-45
0
0
0
0
0
0
0
0
0
0
0
0
0
0
0
0
0
0
0
0
0
0
2,662467E-44
2,662467E-44
2,662467E-44
2,662467E-44
0,05852922
0,05852922
0,1177404
0,1177404
0,1177404
0,2353509
0,2353509
0,4699786
0,5290857
0,5290857
0,6466225
0,705985
0,8232394
0,8232394
0,8232394
0,8232394
0,8232394
0,8232394
0,9407164
0,9407164
0,8815059
0,8815059
0,8815059
0,8817677
0,8817677
0,9410515
0,9999999
0,9999999
0,9999999
1
1
1
1
0,8825676
0,8825676
0,4715392
0,4123281
0,1174495
0,0585016
0,0585016
0,0585016
0
0
0
0
0
0,05928376
0,05928376
0,05928376
0,05928376
0,05928376
0,05928376
0,05928376
0,05928376
0,05928376
0,05928376
7,006492E-45
7,006492E-45
7,006492E-45
1,280425E-30
1,883963E-30
1,883963E-30
1,883963E-30
1,883963E-30
1,883963E-30
1,883963E-30
1,883963E-30
1,883963E-30
1,883963E-30
1,883963E-30
1,883963E-30
6,03535E-31
5,605194E-45
5,605194E-45
0
0
0
0
0
0
0
0
0
0
0
0
0
0
0
0
0
0
2,662467E-44
2,662467E-44
2,662467E-44
2,662467E-44
0,05852922
0,05852922
0,05852922
0,1177404
0,1177404
0,1177404
0,1764031
0,2348747
0,3522791
0,4703352
0,4703352
0,6471542
0,6471542
0,6471542
0,7645907
0,7645907
0,8817604
0,8817604
0,8817604
0,8815059
0,8815059
0,8815059
0,8815059
0,8815059
0,8225574
0,8225574
0,8225574
0,8817677
0,8817677
0,9410515
0,9999999
0,9999999
0,9999999
1
1
1
0,8829224
0,7062793
0,6469963
0,3530443
0,3530443
0,1174495
0,0585016
0,0585016
0,0585016
0
0
0
0
0
0,05928376
0,05928376
0,05928376
0,05928376
0,05928376
0,05928376
0,05928376
0,05928376
0,05928376
0,05928376
7,006492E-45
7,006492E-45
7,006492E-45
1,280425E-30
1,883963E-30
1,883963E-30
1,883963E-30
1,883963E-30
1,883963E-30
1,883963E-30
1,883963E-30
1,883963E-30
1,883963E-30
6,03535E-31
5,605194E-45
5,605194E-45
0
0
0
0
0
0
0
0
0
0
0
0
0
0
0
0
0
0
0
0
2,662467E-44
2,662467E-44
2,662467E-44
2,662467E-44
0,1764031
0,1764031
0,1764031
0,1764031
0,2937772
0,2937772
0,4118334
0,4118334
0,5883027
0,5883027
0,6471345
0,7645907
0,8232394
0,8817604
0,9407164
0,9407164
0,8815059
0,8815059
0,8815059
0,8815059
0,8815059
0,8225574
0,8225574
0,8225574
0,7634497
0,7634497
0,7634497
0,9407164
0,9407164
0,9999997
0,9999997
0,9999999
0,9999999
1
1
1
0,7657391
0,5890946
0,4704496
0,2936821
0,2936821
0,05894797
1,343695E-14
1,343695E-14
1,343695E-14
0
0
0
0
0
0,05928376
0,05928376
0,05928376
0,05928376
0,05928376
0,05928376
0,05928376
0,05928376
0,05928376
0,05928376
7,006492E-45
7,006492E-45
7,006492E-45
1,280425E-30
1,883963E-30
1,883963E-30
1,883963E-30
1,883963E-30
1,883963E-30
1,883963E-30
1,883963E-30
1,883963E-30
1,883963E-30
6,03535E-31
5,605194E-45
5,605194E-45
0
0
0
0
0
0
0
0
0
0
0
0
0
0
0
0
0
0
0
0
0,1171918
0,1171918
0,1764031
0,1764031
0,2353057
0,2353057
0,2353057
0,2942538
0,4114299
0,4700355
0,5879744
0,5879744
0,7645907
0,7645907
0,8231117
0,8231117
0,8817604
0,8817604
0,8815059
0,8815059
0,8815059
0,8815059
0,7638947
0,7638947
0,7638947
0,7047868
0,7047868
0,7047868
0,8225574
0,8225574
0,8818409
0,9999997
0,9999997
0,9999997
0,9999997
0,9999999
0,9999999
1
1
1
0,7657391
0,5890946
0,4704496
0,2347338
0,2347338
1,343695E-14
1,343695E-14
1,343695E-14
1,343695E-14
0
0
0
0
0
0,05928376
0,05928376
0,05928376
0,05928376
0,05928376
0,05928376
0,05928376
0,05928376
0,05928376
0,05928376
1,280425E-30
1,280425E-30
1,883963E-30
1,883963E-30
1,883963E-30
1,883963E-30
1,883963E-30
1,883963E-30
1,883963E-30
1,883963E-30
1,883963E-30
1,883963E-30
1,883963E-30
6,03535E-31
1,401298E-45
0
0
0
0
0
0
0
0
0
0
0
0
0
0
0
0
0
0
0,05852922
0,05852922
0,1177404
0,1764031
0,1764031
0,1764031
0,1764031
0,2353057
0,3524818
0,4113133
0,4702615
0,5287632
0,5873679
0,6464771
0,6464771
0,7640288
0,7640288
0,8225502
0,8815059
0,8815059
0,8815059
0,8815059
0,8229751
0,8229751
0,8229751
0,7053658
0,7638947
0,7638947
0,7047868
0,6462848
0,6462848
0,8232673
0,8232673
0,9410515
0,9999997
0,9999997
0,9999997
0,9999997
0,9999999
0,9999999
1
0,9414707
0,9414707
0,7072088
0,5304466
0,353049
0,1173332
0,1173332
1,343695E-14
1,343695E-14
1,343695E-14
1,343695E-14
0
0
0
0,05928376
0,05928376
0,05928376
0,05928376
0,05928376
0,05928376
0,05928376
0,05928376
0,05928376
0,05928376
0,05928376
0,05928376
1,280425E-30
1,280425E-30
1,883963E-30
1,883963E-30
1,883963E-30
1,883963E-30
1,883963E-30
1,883963E-30
1,883963E-30
1,883963E-30
1,883963E-30
1,883963E-30
1,883963E-30
6,03535E-31
1,401298E-45
0
0
0
0
0
0
0
0
0
0
0
0
0
0
0,05852922
0,1171918
0,1171918
0,1171918
0,1171918
0,1171918
0,2351073
0,2351073
0,2351073
0,293579
0,293579
0,4699313
0,4699313
0,5873679
0,6464771
0,7049977
0,7643608
0,7643608
0,7643608
0,8815059
0,8815059
0,8815059
0,8229751
0,8229751
0,8229751
0,8229751
0,7053658
0,7053658
0,6468934
0,5877854
0,5874124
0,5871791
0,4690657
0,4694668
0,5281717
0,7051525
0,8232673
0,9410515
0,9999997
0,9999999
0,9999999
0,9999999
0,9999999
0,9999999
1
0,9414707
0,9414707
0,5893974
0,4126343
0,2352367
0,1173332
0,1173332
1,343695E-14
1,343695E-14
1,343695E-14
1,343695E-14
0
0
0
0,05928376
0,05928376
0,05928376
0,05928376
0,05928376
0,05928376
0,05928376
0,05928376
0,05928376
0,05928376
0,05928376
0,05928376
1,280425E-30
1,280425E-30
1,883963E-30
1,883963E-30
1,883963E-30
1,883963E-30
1,883963E-30
1,883963E-30
1,883963E-30
1,883963E-30
1,883963E-30
1,883963E-30
1,280425E-30
5,605194E-45
0
0
0
0
0
0
0
0
0
0
0
0
0
0,05866263
0,05866263
0,1758962
0,1758962
0,1758962
0,1758962
0,2351073
0,2351073
0,293579
0,4114299
0,4114299
0,4114299
0,4700355
0,5876449
0,6461657
0,7639535
0,7639535
0,7639535
0,8820674
0,8228564
0,8228564
0,8815059
0,8815059
0,8815059
0,8229751
0,7643132
0,7643132
0,6471372
0,4701788
0,4701788
0,4701788
0,4701788
0,4705035
0,5289758
0,4695233
0,4106527
0,4693574
0,6461964
0,8232673
0,9410515
0,9999997
0,9999999
0,9999999
0,9999999
0,9999999
0,9415282
0,9415282
0,8243936
0,7651818
0,4119471
0,2355635
0,1174495
0,0585016
0,0585016
1,343695E-14
1,343695E-14
1,343695E-14
1,343695E-14
0
0
0
0,05928376
0,05928376
0,05928376
0,05928376
0,05928376
0,05928376
0,05928376
0,05928376
0,05928376
7,006492E-45
7,006492E-45
7,006492E-45
1,883963E-30
1,883963E-30
1,883963E-30
1,883963E-30
1,883963E-30
1,883963E-30
1,883963E-30
1,883963E-30
1,883963E-30
1,883963E-30
6,03535E-31
6,03535E-31
1,401298E-45
0
0
0
0
0
0
0
0
0,05866263
0,05866263
0,05866263
0,05866263
0,1171918
0,1171918
0,1171918
0,1171918
0,1758962
0,2940556
0,2940556
0,3525271
0,4114299
0,4700355
0,4700355
0,5291421
0,5291421
0,6464957
0,6464957
0,7049977
0,7049977
0,7639535
0,7047416
0,7633916
0,8815059
0,822843
0,822843
0,7643132
0,7053658
0,7053658
0,587991
0,587991
0,587991
0,4706806
0,4115733
0,4115733
0,4115733
0,3527415
0,3531499
0,4116222
0,3521708
0,4691739
0,5278783
0,6461964
0,8232673
0,9410515
0,9999997
0,9999999
0,9999999
0,9999999
0,9999999
0,9415282
0,8828657
0,7657313
0,7065198
0,4119471
0,2355635
0,1174495
0,0585016
0,0585016
1,220748E-27
2,662467E-44
2,662467E-44
2,662467E-44
0
0
0
0,05928376
0,05928376
0,05928376
0,05928376
0,05928376
0,05928376
0,05928376
0,05928376
0,05928376
7,006492E-45
7,006492E-45
7,006492E-45
1,883963E-30
1,883963E-30
1,883963E-30
1,883963E-30
1,883963E-30
1,883963E-30
1,883963E-30
1,883963E-30
1,883963E-30
1,883963E-30
6,03535E-31
6,03535E-31
1,401298E-45
0
0
0
0
0
0,1171918
0,1171918
0,1171918
0,1171918
0,1171918
0,1171918
0,1171918
0,1171918
0,234368
0,293579
0,293579
0,3524818
0,4114299
0,4700355
0,4700355
0,5291421
0,5291421
0,5876641
0,6461657
0,6461657
0,7049977
0,7639535
0,7639535
0,8233151
0,8233151
0,7054417
0,7055617
0,7643132
0,7643132
0,7058408
0,7058408
0,6468934
0,6468934
0,4706806
0,4115733
0,4115733
0,4115733
0,3530717
0,2945505
0,2945505
0,1176046
0,1760809
0,2345529
0,2932156
0,4691739
0,5278783
0,6461964
0,8232673
0,9410515
0,9999997
0,9999999
0,9999999
1
1
0,9415282
0,8828657
0,7068287
0,647617
0,3530443
0,2355635
0,1174495
0,0585016
0,0585016
1,220748E-27
2,662467E-44
2,662467E-44
2,662467E-44
0
0
0
0,05928376
0,05928376
0,05928376
0,05928376
0,05928376
0,05928376
0,05928376
0,05928376
0,05928376
7,006492E-45
7,006492E-45
7,006492E-45
1,883963E-30
1,883963E-30
1,883963E-30
1,883963E-30
1,883963E-30
1,883963E-30
1,883963E-30
1,883963E-30
1,883963E-30
1,883963E-30
6,03535E-31
6,03535E-31
1,401298E-45
0
0,05852922
0,05852922
0,05852922
0,05852922
0,1171918
0,1758962
0,1758962
0,1758962
0,1758962
0,1758962
0,1758962
0,2351073
0,293579
0,3525271
0,3525271
0,4114299
0,4114299
0,4700355
0,5285558
0,5876641
0,6466197
0,705451
0,7639535
0,7639535
0,8233151
0,8233151
0,764224
0,8229751
0,8229751
0,7643132
0,7056087
0,7056087
0,6466605
0,5881894
0,5881894
0,5881894
0,5296672
0,4121596
0,3530519
0,3530519
0,2942201
0,2348854
0,1759298
0,1759298
0,1171783
0,1760809
0,2345529
0,352578
0,5870383
0,6457419
0,8822935
0,9999997
0,9999997
0,9999997
0,9999999
0,9999999
1
1
0,9415282
0,8243442
0,6483068
0,5890946
0,3530443
0,2355635
0,1174495
0,0585016
0,0585016
1,220748E-27
2,662467E-44
2,662467E-44
2,662467E-44
0
0
0
0,05928376
0,05928376
0,05928376
0,05928376
0,05928376
0,05928376
0,05928376
0,05928376
0,05928376
7,006492E-45
7,006492E-45
7,006492E-45
1,883963E-30
1,883963E-30
1,883963E-30
1,883963E-30
1,883963E-30
1,883963E-30
1,883963E-30
1,883963E-30
1,883963E-30
1,280425E-30
5,605194E-45
1,401298E-45
1,401298E-45
0
0,05852922
0,1171918
0,1758962
0,1758962
0,1758962
0,1758962
0,1758962
0,1758962
0,293579
0,293579
0,3525271
0,4114299
0,4114299
0,4114299
0,4700355
0,4700355
0,5291421
0,5880983
0,6466197
0,7051215
0,7051215
0,8226023
0,7639401
0,7639401
0,822843
0,822843
0,7643132
0,7056087
0,7056087
0,6466605
0,5881894
0,5881894
0,5881894
0,5881894
0,4706806
0,4115733
0,3530519
0,2945505
0,2945505
0,2945505
0,1767633
0,1759298
0,1172807
0,1172807
0,05852922
0,1174319
0,2932572
0,4703902
0,7048503
0,7048503
0,8822935
0,9999997
0,9999997
0,9999997
0,9999999
0,9999999
1
1
0,9415282
0,8243442
0,6483068
0,5890946
0,3530443
0,2355635
0,1174495
0,0585016
0,0585016
1,220748E-27
2,662467E-44
2,662467E-44
2,662467E-44
0
0
0
0,05928376
0,05928376
0,05928376
0,05928376
0,05928376
0,05928376
0,05928376
0,05928376
0,05928376
6,03535E-31
1,883963E-30
1,883963E-30
1,883963E-30
1,883963E-30
1,883963E-30
1,883963E-30
1,883963E-30
1,883963E-30
1,883963E-30
1,883963E-30
1,883963E-30
1,280425E-30
0,05870447
0,1172337
0,1758962
0,1758962
0,1758962
0,1758962
0,1758962
0,2351073
0,2351073
0,293579
0,293579
0,3525271
0,3525271
0,3525271
0,3525271
0,4700355
0,4700355
0,5291421
0,5291421
0,5876641
0,5876641
0,705451
0,705451
0,7052899
0,7052899
0,6460238
0,5874942
0,5874942
0,7056087
0,7056087
0,6466605
0,5881894
0,5295832
0,5295832
0,4706806
0,4706806
0,4115733
0,3530519
0,3530519
0,3530519
0,3530519
0,2945505
0,2945505
0,2945505
0,1767633
0,1171783
0,05852922
0,05852922
0,1171918
0,1760945
0,3519197
0,588353
0,8228124
0,8228124
0,9410447
0,9999997
0,9999997
0,9999997
0,9999999
0,9999999
0,9414707
0,9414707
0,8829986
0,7658141
0,6483068
0,5890946
0,2940965
0,1766157
0,0585016
0,0585016
0,0585016
1,220748E-27
5,605194E-45
2,802597E-45
2,802597E-45
0
0
0
0,05928376
0,05928376
0,05928376
0,05928376
0,05928376
0,05928376
0,05928376
0,05928376
0,05928376
6,03535E-31
1,883963E-30
1,883963E-30
1,883963E-30
1,883963E-30
1,883963E-30
1,883963E-30
1,883963E-30
1,883963E-30
1,883963E-30
0,05852922
0,05852922
0,1171918
0,1758962
0,1758962
0,1758962
0,234368
0,234368
0,234368
0,234368
0,293579
0,293579
0,352185
0,352185
0,4111328
0,4700355
0,4700355
0,5291421
0,5880983
0,6466197
0,5879571
0,5879571
0,5879298
0,5879298
0,6467612
0,6467612
0,6467612
0,6467612
0,5883856
0,5883856
0,5883856
0,6471372
0,5885313
0,4706806
0,4706806
0,4706806
0,4115733
0,3530519
0,3530519
0,3530519
0,3530519
0,2940965
0,2940965
0,2352647
0,1174007
0,1174007
0,1174007
0,1174007
0,1171783
0,1171783
0,17565
0,2343128
0,3518209
0,4105253
0,6469584
0,8817677
0,8817677
0,9999997
0,9999997
0,9999997
0,9999997
0,9999999
0,9999999
0,9414707
0,9414707
0,8829986
0,6474232
0,5299157
0,4113414
0,2347338
0,05875152
1,343695E-14
1,343695E-14
1,343695E-14
1,220748E-27
5,605194E-45
1,401298E-45
1,401298E-45
0
0
0
0,05928376
0,05928376
0,05928376
0,05928376
0,05928376
0,05928376
0,05928376
0,05928376
0,05928376
6,03535E-31
1,883963E-30
0,05852922
0,05852922
0,05852922
0,05852922
0,05852922
0,05852922
0,05852922
0,1171918
0,234368
0,234368
0,234368
0,234368
0,234368
0,234368
0,234368
0,293579
0,293579
0,352185
0,352185
0,5291421
0,5291421
0,5291421
0,5291421
0,5880983
0,6466197
0,5879571
0,5879298
0,5879298
0,6467612
0,6467612
0,6467612
0,6467612
0,7647726
0,6475969
0,5883856
0,5883856
0,6471372
0,4706806
0,4706806
0,4706806
0,4706806
0,4115733
0,3530519
0,3530519
0,3530519
0,3530519
0,2940965
0,2352647
0,2352647
0,1174007
0,1174007
0,1174007
0,05864911
0
0
0
0,05852922
0,1171783
0,17565
0,2343128
0,3518209
0,4105253
0,6469584
0,8817677
0,8817677
0,9999997
0,9999997
0,9999997
0,9999997
0,9999999
0,9999999
0,882808
0,8242036
0,6478156
0,4709024
0,4119998
0,3526372
0,2347338
0,05875152
1,343695E-14
1,343695E-14
1,343695E-14
2,662467E-44
4,203895E-45
1,401298E-45
1,401298E-45
0
0
0
0,05928376
0,05928376
0,05928376
0,05928376
0,05928376
0,05928376
0,05928376
0,05928376
0,05928376
6,03535E-31
1,883963E-30
0,05852922
0,05852922
0,05852922
0,05852922
0,05852922
0,1757053
0,1757053
0,234368
0,234368
0,234368
0,293579
0,293579
0,293579
0,293579
0,293579
0,293579
0,3525271
0,4700878
0,4700878
0,6466002
0,6466002
0,7051215
0,7051215
0,7051215
0,7639535
0,7052899
0,6467612
0,5880566
0,6467062
0,7060691
0,6475969
0,5883856
0,5883856
0,5883856
0,5294383
0,5294383
0,5881894
0,4706806
0,4706806
0,4121596
0,3532044
0,2940965
0,2940965
0,2352647
0,2352647
0,1767633
0,1767633
0,1767633
0,1767633
0,1174007
0,1174007
0,1174007
0,05864911
0
0
0
0,05852922
0,1171783
0,17565
0,2931446
0,4691739
0,5278783
0,7643123
0,8817677
0,8817677
0,9999997
0,9999997
0,9999997
0,9999997
0,9999999
0,9415282
0,8243356
0,7657313
0,6478156
0,4122534
0,2943955
0,1762813
0,1173332
1,343695E-14
1,343695E-14
1,343695E-14
1,343695E-14
2,662467E-44
4,203895E-45
1,401298E-45
1,401298E-45
0
0
0
0,05928376
0,05928376
0,05928376
0,05928376
0,1178131
0,1178131
0,1178131
0,1178131
0,1178131
0,1172337
0,1172337
0,1172337
0,1758962
0,1758962
0,1758962
0,1758962
0,293579
0,293579
0,293579
0,293579
0,293579
0,3525271
0,3525271
0,3525271
0,3525271
0,3525271
0,4700355
0,5291421
0,5880983
0,6466197
0,7051215
0,7051215
0,7051215
0,6464591
0,5292242
0,6467062
0,6467062
0,6467062
0,6467062
0,5874942
0,6468568
0,5883856
0,5294383
0,5295832
0,5295832
0,5295832
0,5295832
0,4710625
0,3530519
0,3530519
0,3530519
0,2940965
0,2940965
0,2940965
0,2352647
0,2352647
0,1767633
0,1767633
0,1767633
0,1767633
0
0
0
0
0
0
0
0,05852922
0,1171783
0,17565
0,2931446
0,4691739
0,5278783
0,7643123
0,8817677
0,8817677
0,9999997
0,9999997
0,9999997
0,9999997
0,9999999
0,9415282
0,7658141
0,7072088
0,5892938
0,4122534
0,2943955
0,1762813
0,1173332
1,343695E-14
1,343695E-14
1,343695E-14
1,343695E-14
2,662467E-44
4,203895E-45
1,401298E-45
1,401298E-45
0
0
0
0,1178131
0,1178131
0,1178131
0,1178131
0,1178131
0,1178131
0,1765175
0,1765175
0,1765175
0,234368
0,293579
0,293579
0,293579
0,293579
0,293579
0,293579
0,293579
0,293579
0,3525271
0,3525271
0,3525271
0,3525271
0,3525271
0,5289909
0,5880983
0,5880983
0,7051215
0,7051215
0,6464169
0,6464169
0,5292242
0,5880566
0,5880566
0,5880566
0,4703741
0,5290228
0,5290228
0,5883856
0,5883856
0,5294383
0,5295832
0,5295832
0,4704754
0,4704754
0,4119546
0,3530519
0,3530519
0,3530519
0,2940965
0,2940965
0,2940965
0,2940965
0,2355948
0,2355948
0,1767633
0,1767633
0,1767633
0,1174007
0,1174007
0,1174007
0
0
0
0
0
0
0
0,1174319
0,1760809
0,2345529
0,3520471
0,527675
0,58638
0,8228124
0,9410515
0,9410515
0,9999997
0,9999999
0,9999999
0,9999999
0,9999999
0,9415282
0,7658141
0,7072088
0,5892938
0,4122534
0,2943955
0,1762813
0,1173332
1,343695E-14
1,343695E-14
1,343695E-14
1,343695E-14
2,662467E-44
4,203895E-45
0
0
0
0
0
0,1178131
0,1178131
0,1178131
0,1178131
0,1178131
0,1770242
0,3528631
0,3528631
0,3528631
0,293579
0,293579
0,293579
0,293579
0,293579
0,293579
0,293579
0,293579
0,293579
0,3525271
0,4114299
0,5289909
0,5880983
0,5880983
0,6466002
0,7054315
0,7054315
0,7639535
0,7052899
0,646586
0,646586
0,5880566
0,5290228
0,5290228
0,5883856
0,5883856
0,5883856
0,5883856
0,5297799
0,5297799
0,4117242
0,4704754
0,4115733
0,4115733
0,3526176
0,2940965
0,2940965
0,2940965
0,2940965
0,2355948
0,2355948
0,1767633
0,1767633
0,1767633
0,1174007
0,1174007
0,1174007
0,05875152
0,05875152
0,05875152
0,05875152
0
0
0
0
0
0
0
0,1760945
0,2347437
0,2932156
0,3520471
0,527675
0,58638
0,8228124
0,9410515
0,9410515
0,9999997
0,9999999
0,9999999
0,9999999
0,9999999
0,9415282
0,7658141
0,7072088
0,5892938
0,3534216
0,2355635
0,1174495
0,0585016
1,343695E-14
1,343695E-14
1,343695E-14
1,343695E-14
2,662467E-44
4,203895E-45
0
0
0
0,05852922
0,05852922
0,1178131
0,1178131
0,1770242
0,2942005
0,2942005
0,2942005
0,3528631
0,3528631
0,3528631
0,293579
0,293579
0,293579
0,293579
0,293579
0,3525349
0,4114829
0,4114829
0,4114829
0,4114829
0,5288872
0,6463243
0,7054315
0,7054315
0,7054315
0,7639535
0,6467767
0,5290365
0,5290228
0,5290228
0,5290228
0,5883856
0,5883856
0,5883856
0,5294383
0,5294383
0,5294383
0,5294383
0,4118765
0,4118765
0,3527691
0,4115202
0,2355948
0,2355948
0,2355948
0,2355948
0,2355948
0,2355948
0,1767633
0,1767633
0,1767633
0,1174007
0,1174007
0,05875152
0,05875152
0,05875152
0,05875152
0,05875152
0
0
0
0
0
0
0
0
0
0
0,1760945
0,2347437
0,2932156
0,3520471
0,527675
0,58638
0,8817604
0,9999997
0,9999997
0,9999997
0,9999999
0,9999999
0,9999999
0,9999999
0,9415282
0,7658141
0,6479265
0,5300111
0,3534216
0,1770618
0,05894797
1,343695E-14
1,343695E-14
1,343695E-14
1,343695E-14
1,343695E-14
2,662467E-44
4,203895E-45
0
0
0
1,401298E-44
1,401298E-44
0,2349891
0,2349891
0,2942005
0,3528631
0,3528631
0,3528631
0,3528631
0,3528631
0,3528631
0,3525271
0,3525271
0,3525271
0,3525271
0,3525271
0,4114829
0,5294936
0,5294936
0,5880983
0,5880983
0,588071
0,6469028
0,7054232
0,6468961
0,6468961
0,5882344
0,5882344
0,5290228
0,5290228
0,5290228
0,5290228
0,5294383
0,5294383
0,5294383
0,5294383
0,4708323
0,4708323
0,4117242
0,3526176
0,2940965
0,2940965
0,2940965
0,2355948
0,2355948
0,2355948
0,2355948
0,2355948
0,2355948
0,118114
0,118114
0,118114
0,05875152
0,05875152
0,05875152
0
0
0
0
0
0
0
0
0
0
0
0
0
0
0,1760945
0,2347437
0,3519197
0,4695027
0,6451315
0,6451315
0,8817604
0,9999997
0,9999997
0,9999997
0,9999999
0,9999999
0,9413375
0,9413375
0,8828657
0,7069126
0,5890234
0,4711075
0,2355711
0,118114
1,343695E-14
1,343695E-14
1,343695E-14
1,220748E-27
3,082857E-44
2,662467E-44
2,662467E-44
4,203895E-45
0
0
0
0,1171762
0,1171762
0,2943338
0,2943338
0,2943338
0,2943338
0,2943338
0,2943338
0,3532816
0,3532816
0,3532816
0,2939978
0,2939978
0,4703574
0,5294662
0,5294662
0,588071
0,588071
0,5297264
0,5297264
0,5882344
0,5882344
0,5882344
0,5290228
0,5290228
0,5290228
0,5290228
0,5290228
0,5290228
0,470075
0,470075
0,470075
0,5294383
0,4708323
0,4708323
0,4704754
0,3526176
0,2940965
0,2940965
0,2355948
0,2355948
0,2355948
0,2355948
0,2355948
0,2355948
0,118114
0,118114
0,118114
0,118114
0,05875152
0,05875152
0,05875152
0
0
0
0
0
0
0
0
0
0
0
0
0
0
0
0
0
0,1760945
0,2347437
0,3519197
0,5288654
0,7044935
0,7044935
0,8817604
0,9999997
0,9999997
0,9999997
0,9999999
0,9999999
0,9413375
0,9413375
0,8241608
0,6482072
0,5303182
0,4711075
0,2355711
0,118114
1,343695E-14
1,343695E-14
1,343695E-14
1,220748E-27
3,082857E-44
2,662467E-44
2,662467E-44
4,203895E-45
0
0
0
0,1763455
0,1763455
0,2943338
0,2943338
0,2943338
0,2943338
0,2943338
0,2943338
0,4122373
0,4122373
0,5296409
0,5294662
0,5294662
0,588071
0,6469028
0,5881975
0,5881975
0,5880566
0,4703741
0,4703741
0,5290228
0,5290228
0,5290228
0,5290228
0,5290228
0,5290228
0,5290228
0,5290228
0,5290228
0,5294383
0,4118765
0,4118765
0,3526176
0,3526176
0,2940965
0,2940965
0,2355948
0,2355948
0,2355948
0,2355948
0,2355948
0,1767633
0,1767633
0,1767633
0,1767633
0,05875152
0,05875152
0,05875152
0,05875152
0,05875152
0,05875152
0,05875152
0
0
0
0
0
0
0
0
0
0
0
0
0
0
0
0
0
0,1760945
0,293349
0,4105253
0,646579
0,763602
0,763602
0,8817604
0,9999997
0,9999997
0,9999997
0,9999999
0,9999999
0,9413375
0,9413375
0,8241608
0,6482072
0,4122047
0,3529938
0,117457
1,343695E-14
1,343695E-14
1,343695E-14
1,343695E-14
1,220748E-27
3,082857E-44
2,662467E-44
2,662467E-44
4,203895E-45
0
0
0
0,05866263
0,05866263
0,2356292
0,2356292
0,2356292
0,4126402
0,5300456
0,5300456
0,5300456
0,5300456
0,6474823
0,5881975
0,5876369
0,5876369
0,5874942
0,5290228
0,5290228
0,5290228
0,5290228
0,5290228
0,5290228
0,5290228
0,5290228
0,5290228
0,5290228
0,5883856
0,4703294
0,4703294
0,293866
0,3526176
0,3526176
0,2940965
0,2355948
0,1767633
0,1767633
0,1767633
0,1767633
0,1767633
0,1767633
0,1767633
0,1767633
0,118114
0,05875152
0,05875152
0,05875152
0,05875152
0,05875152
0,05875152
0,05875152
0
0
0
0
0
0
0
0
0
0
0
0
0
0
0
0
0,05890267
0,1175517
0,1175517
0,1175517
0,2932452
0,4103719
0,5275479
0,763602
0,8228853
0,8228853
0,9410447
0,9999997
0,9999997
0,9999997
0,9999999
0,9999999
0,9413375
0,8827317
0,7655563
0,5896029
0,4122047
0,3529938
0,117457
1,343695E-14
1,343695E-14
1,343695E-14
1,343695E-14
1,220748E-27
3,082857E-44
2,662467E-44
2,662467E-44
4,203895E-45
0
0
0
0,05866263
0,05866263
0,1768943
0,1768943
0,1768943
0,2949575
0,4711934
0,4711934
0,5298433
0,5298433
0,5884495
0,5291643
0,5291643
0,5291643
0,5290228
0,5290228
0,5290228
0,5290228
0,5290228
0,5290228
0,470075
0,470075
0,470075
0,470075
0,470075
0,5294383
0,4703294
0,4703294
0,293866
0,2937859
0,2937859
0,2352647
0,1767633
0,1767633
0,1767633
0,1767633
0,1767633
0,118114
0,118114
0,118114
0,118114
0,118114
0,05875152
0,05875152
0,05875152
0,05875152
0,05875152
0,05875152
0,05875152
0
0
0
0
0
0
0
0
0
0
0
0
0
0
0
0
0,1174319
0,1760809
0,1760809
0,1760809
0,2932452
0,4103719
0,5275479
0,763602
0,8228853
0,8228853
0,9410447
0,9999997
0,9999997
0,9999997
0,9999999
0,9999999
0,9413375
0,8827317
0,7069067
0,5309536
0,3535559
0,2943443
0,117457
1,343695E-14
1,343695E-14
1,343695E-14
1,343695E-14
1,220748E-27
3,082857E-44
2,662467E-44
2,662467E-44
4,203895E-45
0
0
0
0,05894797
0,05894797
0,4123621
0,4123621
0,4710109
0,4710109
0,5298433
0,5298433
0,6469695
0,6469695
0,6469695
0,5290228
0,5290228
0,5290228
0,5290228
0,5290228
0,5290228
0,470075
0,470075
0,470075
0,470075
0,470075
0,470482
0,4113742
0,4113742
0,2353645
0,2353645
0,2353645
0,1768435
0,1767633
0,1767633
0,1767633
0,1767633
0,118114
0,118114
0,118114
0,118114
0,118114
0,118114
0,118114
0,118114
0,118114
0,05875152
0,05875152
0,05875152
0
0
0
0
0
0
0
0
0
0
0
0
0
0
0
0
0
0
0
0
0,1174319
0,1760809
0,1760809
0,1760809
0,2932452
0,4103719
0,5275479
0,763602
0,8818409
0,8818409
0,9999997
0,9999997
0,9999997
0,9999997
0,9999999
0,9410976
0,8239141
0,7653074
0,5894833
0,4718455
0,2944476
0,2352367
0,117457
1,343695E-14
1,343695E-14
1,343695E-14
1,343695E-14
1,220748E-27
3,082857E-44
2,662467E-44
2,662467E-44
4,203895E-45
0
0
0
0,2359138
0,2945629
0,4711804
0,4711804
0,4711804
0,5883067
0,5883067
0,5883067
0,5883067
0,5883067
0,5883067
0,5290228
0,5290228
0,5290228
0,5290228
0,5290228
0,5290228
0,470075
0,470075
0,470482
0,4113742
0,29397
0,2353645
0,2353645
0,2353645
0,2941159
0,1767633
0,1767633
0,1767633
0,118114
0,118114
0,118114
0,118114
0,118114
0,118114
0,118114
0,118114
0,118114
0,118114
0,05875152
0,05875152
0,05875152
0
0
0
0
0
0
0
0
0
0
0
0
0
0
0
0
0
0
0
0
0
0
0
0,1174319
0,2347437
0,2347437
0,2932156
0,3517169
0,4688435
0,5275479
0,763602
0,8818409
0,8818409
0,9999997
0,9999997
0,9999997
0,9999997
0,9999999
0,9410976
0,8239141
0,7653074
0,5301985
0,3540604
0,235946
0,176735
0,05895543
1,343695E-14
1,343695E-14
1,343695E-14
1,343695E-14
1,220748E-27
3,082857E-44
2,662467E-44
2,662467E-44
4,203895E-45
0
0
0
0,2357247
0,294374
0,5883067
0,5883067
0,5883067
0,5883067
0,5883067
0,5883067
0,5883067
0,5883067
0,5883067
0,5290228
0,5290228
0,4700676
0,4111195
0,470482
0,470482
0,29397
0,29397
0,2353645
0,2353645
0,2353645
0,2352842
0,1767633
0,1767633
0,1767633
0,1767633
0,1767633
0,1767633
0,118114
0,118114
0,118114
0,118114
0,118114
0,118114
0,05875152
0,05875152
0,05875152
0,05875152
0,05875152
0,05875152
0,05875152
0
0
0
0
0
0
0
0
0
0
0
0
0
0
0
0
0
0
0
0
0
0
0
0,1174319
0,2347437
0,2347437
0,2932156
0,3517169
0,4688435
0,5275479
0,763602
0,9410515
0,9410515
0,9999997
0,9999997
0,9999997
0,9999997
0,9999999
0,8825676
0,7653835
0,7067784
0,4716695
0,3540604
0,1769905
0,1177796
1,343695E-14
1,343695E-14
1,343695E-14
1,343695E-14
1,343695E-14
1,220748E-27
3,082857E-44
2,662467E-44
2,662467E-44
4,203895E-45
0
0
0
0,294246
0,294246
0,4707093
0,4707093
0,5293592
0,5293592
0,5293592
0,5293592
0,5293592
0,470075
0,470075
0,470075
0,470075
0,4111195
0,4111195
0,470482
0,470482
0,29397
0,2351384
0,2352842
0,118114
0,118114
0,118114
0,118114
0,118114
0,118114
0,118114
0,118114
0,118114
0,118114
0,118114
0,118114
0,118114
0,118114
0,118114
0,05875152
0,05875152
0,05875152
0,05875152
0
0
0
0
0
0
0
0
0
0
0
0
0
0
0
0
0
0
0
0
0
0
0
0
0
0
0,1174319
0,2347437
0,2347437
0,4107516
0,5280043
0,6451315
0,6451315
0,763602
0,9410515
0,9410515
0,9999997
0,9999997
0,9999997
0,9999997
0,9999999
0,8825676
0,7653835
0,7067784
0,4716695
0,3540604
0,1769905
0,1177796
1,343695E-14
1,343695E-14
1,343695E-14
1,343695E-14
1,343695E-14
1,220748E-27
3,082857E-44
2,662467E-44
2,662467E-44
4,203895E-45
0
0
0
0,176391
0,176391
0,3528518
0,3528518
0,3528518
0,3528518
0,3528518
0,3528518
0,3528518
0,2935676
0,2935676
0,23446
0,2938223
0,2938223
0,1764697
0,1764697
0,1178642
0,05936252
0,05936252
0,118114
0,118114
0,118114
0,118114
0,118114
0,118114
0,118114
0,118114
0,118114
0,118114
0,118114
0,118114
0,118114
0,05875152
0,05875152
0,05875152
0,05875152
0,05875152
0,05875152
0,05875152
0
0
0
0
0
0
0
0
0
0
0
0
0
0
0
0
0
0
0
0
0
0
0
0
0
0
0,1174319
0,2347437
0,2347437
0,4107516
0,5280043
0,6451315
0,6451315
0,763602
0,9410515
0,9410515
0,9999997
0,9999997
0,9999997
0,9413375
0,9413375
0,7654333
0,7069126
0,6483068
0,4124587
0,2948489
0,1177796
0,1177796
1,343695E-14
1,343695E-14
1,343695E-14
1,343695E-14
1,343695E-14
1,220748E-27
3,082857E-44
2,662467E-44
2,662467E-44
4,203895E-45
0
0
0
0,1178892
0,1178892
0,2937435
0,2937435
0,2937435
0,2937435
0,2937435
0,2937435
0,2937435
0,23446
0,23446
0,23446
0,3525741
0,2354667
0,118114
0,118114
0,118114
0,118114
0,118114
0,118114
0,118114
0,118114
0,118114
0,118114
0,118114
0,118114
0,118114
0,118114
0,118114
0,05875152
0,05875152
0,05875152
0,05875152
0,05875152
0,05875152
0
0
0
0
0
0
0
0
0
0
0
0
0
0
0
0
0
0
0
0
0
5,605194E-45
5,605194E-45
5,605194E-45
5,605194E-45
5,605194E-45
5,605194E-45
0,05890267
0,05890267
0,05890267
0,1174319
0,2347437
0,2347437
0,4693574
0,5866098
0,6451315
0,6451315
0,8225502
0,9999997
0,9999997
0,9999997
0,9999997
0,9999997
0,9413375
0,9413375
0,7654333
0,7069126
0,6483068
0,4124587
0,2948489
0,1177796
0,1177796
1,343695E-14
1,343695E-14
1,343695E-14
1,343695E-14
1,343695E-14
1,220748E-27
2,382207E-44
4,203895E-45
4,203895E-45
4,203895E-45
0
0
0
0,05928376
0,05928376
0,1178892
0,1178892
0,1178892
0,1178892
0,1178892
0,1178892
0,1178892
0,1767195
0,118114
0,118114
0,118114
0,118114
0,118114
0,118114
0,118114
0,118114
0,118114
0,118114
0,118114
0,118114
0,118114
0,118114
0,118114
0,05875152
0,05875152
0,05875152
0,05875152
0,05875152
0,05875152
0,05875152
6,03535E-31
6,03535E-31
6,03535E-31
6,03535E-31
6,03535E-31
6,03535E-31
6,03535E-31
6,03535E-31
6,03535E-31
6,03535E-31
6,03535E-31
6,03535E-31
6,03535E-31
6,03535E-31
6,03535E-31
6,03535E-31
6,03535E-31
6,03535E-31
6,03535E-31
6,03535E-31
6,03535E-31
6,03535E-31
6,03535E-31
6,03535E-31
6,03535E-31
6,03535E-31
6,03535E-31
6,03535E-31
6,03535E-31
6,03535E-31
0,1175517
0,1175517
0,1175517
0,2345827
0,2932452
0,2932452
0,5278589
0,5866098
0,6451315
0,6451315
0,8225502
0,9999997
0,9999997
0,9999997
0,9999997
0,9999997
0,9413375
0,9413375
0,7067292
0,6482072
0,5308511
0,2948751
0,1772659
0,05894797
0,05894797
1,343695E-14
1,343695E-14
1,343695E-14
1,343695E-14
1,343695E-14
1,220748E-27
2,382207E-44
4,203895E-45
4,203895E-45
4,203895E-45
0
0
0
0,05928376
0,05928376
0,05928376
0,05928376
0,05928376
0,1180353
0,1180353
0,1180353
0,1180353
0,1773978
0,1773978
0,1773978
0,1773978
0,1773978
0,1773978
0,1773978
0,118114
0,118114
0,118114
0,118114
0,118114
0,118114
0,118114
0,118114
0,118114
0,05875152
0,05875152
0,05875152
0,05875152
6,03535E-31
6,03535E-31
6,03535E-31
6,03535E-31
6,03535E-31
6,03535E-31
6,03535E-31
6,03535E-31
6,03535E-31
6,03535E-31
6,03535E-31
6,03535E-31
6,03535E-31
6,03535E-31
6,03535E-31
6,03535E-31
6,03535E-31
6,03535E-31
6,03535E-31
6,03535E-31
6,03535E-31
6,03535E-31
6,03535E-31
6,03535E-31
6,03535E-31
6,03535E-31
6,03535E-31
6,03535E-31
6,03535E-31
6,03535E-31
6,03535E-31
6,03535E-31
6,03535E-31
0,1175517
0,1175517
0,1175517
0,2345827
0,2932452
0,2932452
0,5278589
0,5866098
0,6451315
0,7044147
0,8818327
0,9999997
0,9999997
0,9999999
0,9410976
0,9410976
0,8824351
0,8238293
0,6481242
0,5896029
0,5308511
0,2948751
0,118318
1,343695E-14
1,343695E-14
1,343695E-14
1,343695E-14
1,343695E-14
1,343695E-14
1,343695E-14
1,220748E-27
2,382207E-44
4,203895E-45
4,203895E-45
4,203895E-45
0
0
0
0,05928376
0,05928376
0,1180353
0,1180353
0,1180353
0,1773978
0,1773978
0,1773978
0,1773978
0,1773978
0,1773978
0,1773978
0,1773978
0,1773978
0,1773978
0,1773978
0,1773978
0,1773978
0,1773978
0,1773978
0,1773978
0,1773978
0,1186463
0,1186463
0,1186463
0,05928376
0,05928376
0,05928376
6,03535E-31
6,03535E-31
6,03535E-31
6,03535E-31
6,03535E-31
6,03535E-31
6,03535E-31
6,03535E-31
6,03535E-31
6,03535E-31
6,03535E-31
6,03535E-31
6,03535E-31
6,03535E-31
6,03535E-31
6,03535E-31
6,03535E-31
6,03535E-31
6,03535E-31
6,03535E-31
6,03535E-31
6,03535E-31
6,03535E-31
6,03535E-31
6,03535E-31
6,03535E-31
6,03535E-31
6,03535E-31
6,03535E-31
6,03535E-31
6,03535E-31
6,03535E-31
6,03535E-31
6,03535E-31
0,1175517
0,1175517
0,1175517
0,2345827
0,2932452
0,2932452
0,5278589
0,5866098
0,6451315
0,7044147
0,8818327
0,9999997
0,9999997
0,9999999
0,9410976
0,9410976
0,8824351
0,7651808
0,5301902
0,4716695
0,4129183
0,2948751
0,118318
1,343695E-14
1,343695E-14
1,343695E-14
1,343695E-14
1,343695E-14
1,343695E-14
1,343695E-14
1,220748E-27
2,382207E-44
4,203895E-45
4,203895E-45
4,203895E-45
0
0
0
1,343695E-14
1,343695E-14
0,1773978
0,1773978
0,1773978
0,1773978
0,1773978
0,1773978
0,1773978
0,1773978
0,1773978
0,1773978
0,1773978
0,1773978
0,1773978
0,1773978
0,1773978
0,1773978
0,1773978
0,1773978
0,1773978
0,1773978
0,05928376
0,05928376
0,05928376
0,05928376
0,05928376
0,05928376
0,05928376
0,05928376
0,05928376
0,05928376
0,05928376
0,05928376
0,05928376
0,05928376
0,05928376
0,05928376
0,05928376
0,05928376
6,03535E-31
6,03535E-31
6,03535E-31
6,03535E-31
1,883963E-30
1,883963E-30
1,883963E-30
1,883963E-30
1,883963E-30
1,883963E-30
1,883963E-30
1,883963E-30
1,883963E-30
1,883963E-30
1,883963E-30
1,883963E-30
1,883963E-30
1,883963E-30
1,883963E-30
1,883963E-30
1,883963E-30
1,883963E-30
0,1175517
0,1175517
0,1175517
0,2345827
0,2932452
0,3517664
0,58638
0,7044935
0,7044935
0,7637769
0,8818327
0,9999997
0,9999997
0,9999999
0,9410976
0,9410976
0,8824351
0,7651808
0,4716891
0,4131679
0,3544167
0,236374
0,118318
1,343695E-14
1,343695E-14
1,343695E-14
1,343695E-14
1,220748E-27
1,220748E-27
1,220748E-27
1,220748E-27
2,382207E-44
4,203895E-45
4,203895E-45
4,203895E-45
0
0
0
0,118114
0,118114
0,118114
0,118114
0,1773978
0,1773978
0,1773978
0,1773978
0,1773978
0,1773978
0,1773978
0,1773978
0,1773978
0,1773978
0,1773978
0,1773978
0,1773978
0,1773978
0,1773978
0,05928376
0,05928376
0,05928376
0,05928376
0,05928376
0,05928376
0,05928376
0,05928376
0,05928376
0,05928376
0,05928376
0,05928376
0,05928376
0,05928376
0,05928376
0,05928376
0,05928376
0,05928376
0,05928376
0,05928376
0,05928376
0,05928376
0,05928376
0,05928376
0,05928376
0,05928376
0,05928376
0,05928376
0,05928376
0,05928376
0,05928376
0,05928376
0,05928376
0,05928376
0,05928376
0,05928376
0,05928376
0,05928376
0,05928376
0,05928376
0,05928376
0,05928376
0,05928376
0,1768356
0,1768356
0,1768356
0,3523383
0,4110006
0,4695217
0,6456633
0,7637769
0,7637769
0,7637769
0,8818327
0,9999997
0,9999997
0,9999999
0,9410976
0,9410976
0,8239141
0,7066583
0,4131679
0,4131679
0,3544167
0,236374
0,118318
1,343695E-14
1,343695E-14
1,343695E-14
1,343695E-14
1,220748E-27
1,220748E-27
1,220748E-27
1,220748E-27
2,382207E-44
4,203895E-45
4,203895E-45
4,203895E-45
0
0
0
0,05936252
0,05936252
0,118114
0,118114
0,1773978
0,1773978
0,1773978
0,1773978
0,1773978
0,1773978
0,1773978
0,1773978
0,1773978
0,1773978
0,1773978
0,1186463
0,1186463
0,1186463
0,1186463
0,05928376
0,05928376
0,05928376
0,05928376
0,05928376
0,05928376
0,05928376
0,05928376
0,05928376
0,05928376
0,05928376
0,05928376
0,05928376
0,05928376
0,05928376
0,05928376
0,05928376
0,05928376
0,05928376
0,05928376
0,05928376
0,05928376
0,05928376
0,05928376
0,05928376
0,05928376
0,05928376
0,05928376
0,05928376
0,05928376
0,05928376
0,05928376
0,05928376
0,05928376
0,05928376
0,05928376
0,05928376
0,05928376
0,05928376
0,05928376
0,05928376
0,05928376
0,05928376
0,1768356
0,1768356
0,1768356
0,3523383
0,4110006
0,4695217
0,6456633
0,7637769
0,8229888
0,8229888
0,9410447
0,9999997
0,9999997
0,9999999
0,9410976
0,9410976
0,8239141
0,7066583
0,4131679
0,4131679
0,3544167
0,236374
0,118318
1,343695E-14
1,343695E-14
1,343695E-14
1,343695E-14
1,220748E-27
1,220748E-27
1,220748E-27
1,220748E-27
2,382207E-44
4,203895E-45
4,203895E-45
4,203895E-45
0
0
0
0,05936252
0,05936252
0,05936252
0,05936252
0,05936252
0,05936252
0,05936252
0,05936252
0,05936252
0,05936252
0,05936252
0,05936252
0,05936252
0,05936252
0,05936252
1,280425E-30
0,05928376
0,05928376
0,05928376
0,05928376
0,05928376
0,05928376
0,05928376
0,05928376
0,05928376
0,05928376
0,05928376
0,05928376
0,05928376
0,05928376
0,05928376
0,05928376
0,05928376
0,05928376
0,05928376
0,05928376
0,05928376
0,05928376
0,05928376
0,05928376
0,05928376
0,05928376
0,05928376
0,05928376
0,05928376
0,05928376
0,05928376
0,05928376
0,05928376
0,05928376
0,05928376
0,05928376
0,05928376
0,05928376
0,05928376
0,05928376
0,05928376
0,05928376
0,05928376
0,05928376
0,05928376
0,05928376
0,1768356
0,1768356
0,1768356
0,3523383
0,4110006
0,4695217
0,6456633
0,7637769
0,8229888
0,8229888
0,9410447
0,9999997
0,9999997
0,9999999
0,9410976
0,8826254
0,7654417
0,6481866
0,4131679
0,4131679
0,2950544
0,1770115
0,05895543
1,343695E-14
1,343695E-14
1,343695E-14
1,343695E-14
1,220748E-27
3,082857E-44
3,082857E-44
3,082857E-44
2,382207E-44
4,203895E-45
4,203895E-45
4,203895E-45
0
0
0
0,05936252
0,05936252
0,05936252
0,05936252
0,05936252
0,05936252
0,05936252
0,05936252
0,05936252
0,05936252
0,05936252
0,05936252
1,280425E-30
1,280425E-30
1,280425E-30
1,280425E-30
1,280425E-30
1,280425E-30
1,280425E-30
1,280425E-30
1,280425E-30
1,280425E-30
1,280425E-30
1,280425E-30
1,280425E-30
1,280425E-30
0,05928376
0,05928376
0,05928376
0,05928376
0,05928376
0,05928376
0,05928376
0,05928376
0,05928376
0,05928376
0,05928376
0,05928376
0,05928376
0,05928376
0,05928376
0,05928376
0,05928376
0,05928376
0,05928376
0,05928376
0,05928376
0,05928376
0,05928376
0,05928376
0,05928376
0,05928376
0,05928376
0,05928376
0,05928376
0,05928376
0,05928376
0,05928376
0,05928376
0,05928376
0,05928376
0,05928376
0,1768356
0,1768356
0,1768356
0,3523383
0,4110006
0,4695217
0,6456633
0,7637769
0,8229888
0,8229888
0,9410447
0,9999997
0,9999997
0,9999999
0,9410976
0,8826254
0,7654417
0,6481866
0,4131679
0,3539571
0,2358431
0,1770115
0,05895543
1,343695E-14
1,343695E-14
1,343695E-14
1,343695E-14
1,220748E-27
3,082857E-44
3,082857E-44
3,082857E-44
2,382207E-44
4,203895E-45
4,203895E-45
4,203895E-45
0
0
0
1,280425E-30
1,280425E-30
0,05936252
0,05936252
0,05936252
0,05936252
0,05936252
0,05936252
0,05936252
0,05936252
0,05936252
0,05936252
1,280425E-30
1,280425E-30
1,280425E-30
1,280425E-30
1,280425E-30
1,280425E-30
1,280425E-30
1,280425E-30
1,280425E-30
1,280425E-30
1,280425E-30
1,280425E-30
1,280425E-30
1,280425E-30
1,280425E-30
1,280425E-30
1,280425E-30
1,280425E-30
1,280425E-30
1,280425E-30
1,280425E-30
1,280425E-30
1,280425E-30
1,280425E-30
1,280425E-30
0,05928376
0,05928376
0,05928376
0,05928376
0,05928376
0,05928376
0,05928376
0,05928376
0,05928376
0,05928376
0,05928376
0,05928376
0,05928376
0,05928376
0,05928376
0,05928376
0,05928376
0,05928376
0,05928376
0,05928376
0,05928376
0,05928376
0,05928376
0,05928376
0,05928376
0,1768356
0,1768356
0,235667
0,469775
0,528438
0,5869597
0,6456633
0,7637769
0,8819438
0,8819438
0,9999997
0,9999997
0,9999997
0,9999999
0,9410976
0,8826254
0,7654417
0,6481866
0,4131679
0,3539571
0,2358431
0,1770115
0,05895543
1,343695E-14
1,343695E-14
1,343695E-14
1,343695E-14
1,220748E-27
3,082857E-44
3,082857E-44
3,082857E-44
2,382207E-44
4,203895E-45
4,203895E-45
4,203895E-45
0
0
0
1,280425E-30
1,280425E-30
0,05936252
0,05936252
0,05936252
0,05936252
0,05936252
0,05936252
0,05936252
0,05936252
0,05936252
0,05936252
1,280425E-30
1,280425E-30
1,280425E-30
1,280425E-30
1,280425E-30
1,280425E-30
1,280425E-30
1,280425E-30
1,280425E-30
1,280425E-30
1,280425E-30
1,280425E-30
1,280425E-30
1,280425E-30
1,280425E-30
1,280425E-30
1,280425E-30
1,280425E-30
1,280425E-30
1,280425E-30
1,280425E-30
1,280425E-30
1,280425E-30
1,280425E-30
1,280425E-30
1,280425E-30
1,280425E-30
1,280425E-30
1,280425E-30
1,280425E-30
1,280425E-30
1,280425E-30
1,280425E-30
1,280425E-30
1,280425E-30
1,280425E-30
1,280425E-30
7,006492E-45
7,006492E-45
7,006492E-45
7,006492E-45
5,605194E-45
5,605194E-45
5,605194E-45
5,605194E-45
5,605194E-45
5,605194E-45
5,605194E-45
5,605194E-45
5,605194E-45
0,1175517
0,1175517
0,1763835
0,4104915
0,4691539
0,527675
0,6456633
0,7637769
0,8819438
0,8819438
0,9999997
0,9999997
0,9999997
0,9999999
0,8824917
0,8240209
0,6475524
0,5889038
0,4131679
0,3539571
0,2358431
0,1770115
0,05895543
1,343695E-14
1,343695E-14
1,343695E-14
1,343695E-14
1,220748E-27
3,082857E-44
3,082857E-44
3,082857E-44
2,382207E-44
4,203895E-45
4,203895E-45
4,203895E-45
0
0
0
5,605194E-45
5,605194E-45
1,280425E-30
1,280425E-30
1,280425E-30
1,280425E-30
1,280425E-30
1,280425E-30
1,280425E-30
1,280425E-30
1,280425E-30
1,280425E-30
1,280425E-30
1,280425E-30
1,280425E-30
1,280425E-30
1,280425E-30
1,280425E-30
1,280425E-30
1,280425E-30
1,280425E-30
1,280425E-30
1,280425E-30
1,280425E-30
1,280425E-30
1,280425E-30
1,280425E-30
1,280425E-30
1,280425E-30
5,605194E-45
5,605194E-45
5,605194E-45
5,605194E-45
5,605194E-45
5,605194E-45
5,605194E-45
5,605194E-45
5,605194E-45
5,605194E-45
5,605194E-45
5,605194E-45
5,605194E-45
5,605194E-45
5,605194E-45
5,605194E-45
5,605194E-45
5,605194E-45
5,605194E-45
5,605194E-45
5,605194E-45
5,605194E-45
5,605194E-45
5,605194E-45
5,605194E-45
5,605194E-45
5,605194E-45
5,605194E-45
5,605194E-45
5,605194E-45
5,605194E-45
5,605194E-45
0,05847178
0,1760236
0,2346861
0,293518
0,5278589
0,5278589
0,58638
0,6456633
0,7637769
0,8819438
0,8819438
0,9999997
0,9999997
0,9999997
0,9999999
0,8824917
0,8240209
0,6475524
0,5889038
0,4131679
0,3539571
0,2358431
0,1770115
0,05895543
1,343695E-14
1,343695E-14
1,343695E-14
1,343695E-14
1,220748E-27
3,082857E-44
3,082857E-44
3,082857E-44
2,382207E-44
4,203895E-45
4,203895E-45
4,203895E-45
0
0
0
5,605194E-45
5,605194E-45
5,605194E-45
5,605194E-45
5,605194E-45
5,605194E-45
5,605194E-45
5,605194E-45
5,605194E-45
5,605194E-45
5,605194E-45
5,605194E-45
4,203895E-45
4,203895E-45
4,203895E-45
2,802597E-45
1,401298E-45
4,203895E-45
4,203895E-45
4,203895E-45
4,203895E-45
4,203895E-45
4,203895E-45
4,203895E-45
4,203895E-45
4,203895E-45
4,203895E-45
4,203895E-45
4,203895E-45
4,203895E-45
5,605194E-45
5,605194E-45
5,605194E-45
5,605194E-45
5,605194E-45
5,605194E-45
5,605194E-45
5,605194E-45
5,605194E-45
5,605194E-45
5,605194E-45
5,605194E-45
5,605194E-45
5,605194E-45
5,605194E-45
5,605194E-45
5,605194E-45
5,605194E-45
5,605194E-45
5,605194E-45
5,605194E-45
5,605194E-45
5,605194E-45
5,605194E-45
5,605194E-45
5,605194E-45
5,605194E-45
5,605194E-45
5,605194E-45
5,605194E-45
5,605194E-45
0,05847178
0,1760236
0,2346861
0,293518
0,5278589
0,5871418
0,6456633
0,6456633
0,8227257
0,940892
0,940892
0,9999997
0,9999997
0,9999997
0,9999999
0,8824917
0,8240209
0,6475524
0,5300719
0,3543367
0,2951253
0,1180559
0,1180559
1,343695E-14
1,343695E-14
1,343695E-14
1,343695E-14
1,343695E-14
1,220748E-27
3,082857E-44
3,082857E-44
3,082857E-44
2,382207E-44
4,203895E-45
4,203895E-45
4,203895E-45
0
0
0
5,605194E-45
5,605194E-45
5,605194E-45
5,605194E-45
5,605194E-45
5,605194E-45
5,605194E-45
5,605194E-45
5,605194E-45
5,605194E-45
5,605194E-45
5,605194E-45
5,605194E-45
5,605194E-45
5,605194E-45
5,605194E-45
5,605194E-45
5,605194E-45
5,605194E-45
5,605194E-45
5,605194E-45
5,605194E-45
5,605194E-45
5,605194E-45
5,605194E-45
5,605194E-45
5,605194E-45
5,605194E-45
5,605194E-45
5,605194E-45
5,605194E-45
5,605194E-45
5,605194E-45
5,605194E-45
5,605194E-45
5,605194E-45
5,605194E-45
5,605194E-45
5,605194E-45
5,605194E-45
5,605194E-45
5,605194E-45
5,605194E-45
5,605194E-45
5,605194E-45
5,605194E-45
5,605194E-45
5,605194E-45
5,605194E-45
5,605194E-45
5,605194E-45
5,605194E-45
5,605194E-45
5,605194E-45
5,605194E-45
5,605194E-45
5,605194E-45
5,605194E-45
5,605194E-45
5,605194E-45
5,605194E-45
0,05847178
0,2345251
0,293188
0,3520194
0,5278589
0,5871418
0,6456633
0,6456633
0,8818327
0,9999997
0,9999997
0,9999997
0,9999997
0,9415282
0,9415282
0,8240209
0,7653149
0,5888488
0,4713676
0,3543367
0,2951253
0,1180559
0,1180559
1,343695E-14
1,343695E-14
1,343695E-14
1,343695E-14
1,343695E-14
1,220748E-27
3,082857E-44
3,082857E-44
3,082857E-44
2,382207E-44
4,203895E-45
4,203895E-45
4,203895E-45
0
0
0
5,605194E-45
5,605194E-45
5,605194E-45
5,605194E-45
5,605194E-45
5,605194E-45
5,605194E-45
5,605194E-45
5,605194E-45
5,605194E-45
5,605194E-45
5,605194E-45
5,605194E-45
5,605194E-45
5,605194E-45
5,605194E-45
5,605194E-45
5,605194E-45
5,605194E-45
5,605194E-45
5,605194E-45
5,605194E-45
5,605194E-45
5,605194E-45
5,605194E-45
5,605194E-45
5,605194E-45
5,605194E-45
5,605194E-45
5,605194E-45
5,605194E-45
5,605194E-45
5,605194E-45
5,605194E-45
5,605194E-45
5,605194E-45
5,605194E-45
5,605194E-45
5,605194E-45
5,605194E-45
5,605194E-45
5,605194E-45
5,605194E-45
5,605194E-45
5,605194E-45
5,605194E-45
5,605194E-45
5,605194E-45
5,605194E-45
5,605194E-45
5,605194E-45
5,605194E-45
5,605194E-45
5,605194E-45
5,605194E-45
5,605194E-45
5,605194E-45
5,605194E-45
0,05864911
0,05864911
0,05864911
0,1171209
0,2345251
0,293188
0,3520194
0,5278589
0,5871418
0,6456633
0,6456633
0,8818327
0,9999997
0,9999997
0,9999997
0,9999997
0,9415282
0,8828657
0,7653571
0,7066527
0,5888488
0,4713676
0,3543367
0,2951253
0,1180559
0,1180559
1,343695E-14
1,343695E-14
1,343695E-14
1,343695E-14
1,343695E-14
1,220748E-27
3,082857E-44
3,082857E-44
3,082857E-44
2,382207E-44
4,203895E-45
4,203895E-45
4,203895E-45
0
0
0
5,605194E-45
5,605194E-45
5,605194E-45
5,605194E-45
5,605194E-45
5,605194E-45
5,605194E-45
5,605194E-45
5,605194E-45
5,605194E-45
5,605194E-45
5,605194E-45
5,605194E-45
5,605194E-45
5,605194E-45
5,605194E-45
5,605194E-45
5,605194E-45
5,605194E-45
5,605194E-45
5,605194E-45
5,605194E-45
5,605194E-45
5,605194E-45
5,605194E-45
5,605194E-45
5,605194E-45
5,605194E-45
5,605194E-45
5,605194E-45
5,605194E-45
5,605194E-45
5,605194E-45
5,605194E-45
5,605194E-45
5,605194E-45
5,605194E-45
5,605194E-45
5,605194E-45
5,605194E-45
5,605194E-45
5,605194E-45
5,605194E-45
5,605194E-45
5,605194E-45
5,605194E-45
5,605194E-45
5,605194E-45
5,605194E-45
5,605194E-45
5,605194E-45
5,605194E-45
5,605194E-45
5,605194E-45
5,605194E-45
5,605194E-45
5,605194E-45
5,605194E-45
0,05864911
0,05864911
0,05864911
0,1171209
0,2345251
0,293188
0,4105406
0,58638
0,6456633
0,6456633
0,6456633
0,8818327
0,9999997
0,9999997
0,9999997
0,9999997
0,9415282
0,8828657
0,706074
0,6473691
0,5888488
0,4713676
0,3543367
0,1770695
1,343695E-14
1,343695E-14
1,343695E-14
1,343695E-14
1,343695E-14
1,343695E-14
1,343695E-14
1,220748E-27
3,082857E-44
3,082857E-44
3,082857E-44
2,382207E-44
4,203895E-45
0
0
0
0
0
2,802597E-45
2,802597E-45
5,605194E-45
5,605194E-45
5,605194E-45
5,605194E-45
5,605194E-45
5,605194E-45
5,605194E-45
5,605194E-45
5,605194E-45
5,605194E-45
5,605194E-45
5,605194E-45
5,605194E-45
5,605194E-45
5,605194E-45
5,605194E-45
5,605194E-45
5,605194E-45
5,605194E-45
5,605194E-45
5,605194E-45
5,605194E-45
5,605194E-45
5,605194E-45
5,605194E-45
5,605194E-45
5,605194E-45
5,605194E-45
5,605194E-45
5,605194E-45
5,605194E-45
5,605194E-45
5,605194E-45
5,605194E-45
5,605194E-45
5,605194E-45
5,605194E-45
5,605194E-45
5,605194E-45
5,605194E-45
5,605194E-45
5,605194E-45
5,605194E-45
5,605194E-45
5,605194E-45
5,605194E-45
5,605194E-45
5,605194E-45
5,605194E-45
5,605194E-45
5,605194E-45
5,605194E-45
5,605194E-45
5,605194E-45
5,605194E-45
5,605194E-45
0,05864911
0,05864911
0,05864911
0,1171209
0,2345251
0,293188
0,4105406
0,58638
0,6456633
0,6456633
0,6456633
0,8818327
0,9999997
0,9999997
0,9999997
0,9999997
0,882879
0,8242162
0,5889235
0,5302185
0,4716974
0,4128657
0,3543367
0,1770695
1,343695E-14
1,343695E-14
1,343695E-14
1,343695E-14
1,343695E-14
1,343695E-14
1,343695E-14
1,220748E-27
3,082857E-44
3,082857E-44
3,082857E-44
2,382207E-44
4,203895E-45
0
0
0
0
0
2,802597E-45
2,802597E-45
2,802597E-45
2,802597E-45
2,802597E-45
2,802597E-45
2,802597E-45
2,802597E-45
2,802597E-45
2,802597E-45
2,802597E-45
2,802597E-45
5,605194E-45
5,605194E-45
5,605194E-45
5,605194E-45
5,605194E-45
5,605194E-45
5,605194E-45
5,605194E-45
5,605194E-45
5,605194E-45
5,605194E-45
5,605194E-45
5,605194E-45
5,605194E-45
5,605194E-45
5,605194E-45
5,605194E-45
5,605194E-45
5,605194E-45
5,605194E-45
5,605194E-45
5,605194E-45
5,605194E-45
5,605194E-45
5,605194E-45
5,605194E-45
5,605194E-45
5,605194E-45
5,605194E-45
5,605194E-45
5,605194E-45
5,605194E-45
5,605194E-45
5,605194E-45
5,605194E-45
5,605194E-45
5,605194E-45
5,605194E-45
5,605194E-45
5,605194E-45
5,605194E-45
5,605194E-45
5,605194E-45
5,605194E-45
5,605194E-45
5,605194E-45
0,1171209
0,1171209
0,1171209
0,1171209
0,2345251
0,293188
0,4105406
0,58638
0,6456633
0,6456633
0,6456633
0,8818327
0,9999997
0,9999997
0,9999999
0,9999999
0,882879
0,8242162
0,5304021
0,4716974
0,4716974
0,4128657
0,3543367
0,1770695
1,343695E-14
1,343695E-14
1,343695E-14
1,343695E-14
1,343695E-14
1,343695E-14
1,343695E-14
1,220748E-27
3,082857E-44
3,082857E-44
3,082857E-44
2,382207E-44
4,203895E-45
0
0
0
0
0
2,802597E-45
2,802597E-45
2,802597E-45
2,802597E-45
2,802597E-45
2,802597E-45
2,802597E-45
2,802597E-45
2,802597E-45
2,802597E-45
0
0
5,605194E-45
5,605194E-45
5,605194E-45
5,605194E-45
5,605194E-45
5,605194E-45
5,605194E-45
5,605194E-45
5,605194E-45
5,605194E-45
5,605194E-45
5,605194E-45
5,605194E-45
5,605194E-45
5,605194E-45
5,605194E-45
5,605194E-45
5,605194E-45
5,605194E-45
5,605194E-45
5,605194E-45
5,605194E-45
5,605194E-45
5,605194E-45
5,605194E-45
5,605194E-45
5,605194E-45
5,605194E-45
5,605194E-45
5,605194E-45
5,605194E-45
5,605194E-45
5,605194E-45
5,605194E-45
5,605194E-45
5,605194E-45
5,605194E-45
5,605194E-45
5,605194E-45
5,605194E-45
5,605194E-45
5,605194E-45
5,605194E-45
5,605194E-45
5,605194E-45
5,605194E-45
0,1171209
0,1171209
0,1171209
0,1171209
0,2345251
0,293188
0,4105406
0,58638
0,6456633
0,6456633
0,7048745
0,9410447
0,9999997
0,9999997
0,9999999
0,9999999
0,882879
0,8242162
0,5304021
0,4716974
0,4716974
0,4128657
0,3543367
0,1770695
1,343695E-14
1,343695E-14
1,343695E-14
1,343695E-14
1,343695E-14
1,343695E-14
1,343695E-14
1,220748E-27
3,082857E-44
3,082857E-44
3,082857E-44
2,382207E-44
4,203895E-45
0
0
0
0
0
0
0
0
0
0
0
0
0
0
0
0
0
0
0
0
0
0
0
0
0
0
0
0
0
0
0
0
0
0
0
0
0
0
0
0
0
0
0
0
0
0
0
0
0
0
0
0
0
0
0
0
0
0
0
0
0
0
0
0,1171209
0,1171209
0,1171209
0,1171209
0,2345251
0,293188
0,4105406
0,6451315
0,7044147
0,7044147
0,7636261
0,9410447
0,9999997
0,9415282
0,9415282
0,9415282
0,882879
0,8242162
0,5304021
0,4716974
0,4716974
0,4128657
0,3543367
0,1770695
1,343695E-14
1,343695E-14
1,343695E-14
1,267212E-22
1,267212E-22
4,893478E-27
4,098379E-27
1,220748E-27
3,082857E-44
3,082857E-44
3,082857E-44
2,382207E-44
4,203895E-45
0
0
0
0
0
0
0
0
0
0
0
0
0
0
0
0
0
0
0
0
0
0
0
0
0
0
0
0
0
0
0
0
0
0
0
0
0
0
0
0
0
0
0
0
0
0
0
0
0
0
0
0
0
0
0
0
0
0
0
0
0
0
0
0,1760236
0,1760236
0,1760236
0,1760236
0,2345251
0,293188
0,4698242
0,7044147
0,7044147
0,7044147
0,7636261
0,9410447
0,9999997
0,9415282
0,9415282
0,9415282
0,882879
0,8242162
0,5304021
0,4716974
0,4124864
0,3536547
0,2951253
0,1770695
1,343695E-14
1,343695E-14
1,343695E-14
1,267212E-22
1,267212E-22
4,893478E-27
4,098379E-27
1,220748E-27
3,082857E-44
3,082857E-44
3,082857E-44
2,382207E-44
4,203895E-45
0
0
0
0
0
0
0
0
0
0
0
0
0
0
0
0
0
0
0
0
0
0
0
0
0
0
0
0
0
0
0
0
0
0
0
0
0
0
0
0
0
0
0
0
0
0
0
0
0
0
0
0
0
0
0
0
0
0
0
0
0
0
0
0,1760236
0,1760236
0,1760236
0,1760236
0,2345251
0,293188
0,4698242
0,7044147
0,7044147
0,7044147
0,7636261
0,9410447
0,9999997
0,9415282
0,9415282
0,882244
0,8235951
0,7649332
0,5304021
0,4716974
0,4124864
0,3536547
0,2951253
0,1770695
1,343695E-14
1,343695E-14
1,343695E-14
1,267212E-22
1,267212E-22
4,893478E-27
4,098379E-27
1,220748E-27
3,082857E-44
3,082857E-44
3,082857E-44
2,382207E-44
4,203895E-45
0
0
0
0
0
0
0
0
0
0
0
0
0
0
0
0
0
0
0
0
0
0
0
0
0
0
0
0
0
0
0
0
0
0
0
0
0
0
0
0
0
0
0
0
0
0
0
0
0
0
0
0
0
0
0
0
0
0
0
0
0
0
0
0,1760236
0,1760236
0,1760236
0,2347279
0,29323
0,3518922
0,5285287
0,7044147
0,7044147
0,7044147
0,7636261
0,9410447
0,9999997
0,9415282
0,9415282
0,882244
0,8235951
0,7649332
0,5304021
0,4716974
0,4124864
0,2949027
0,236374
0,118318
1,343695E-14
1,343695E-14
1,343695E-14
1,267212E-22
1,267212E-22
4,893478E-27
4,098379E-27
1,220748E-27
3,082857E-44
3,082857E-44
3,082857E-44
2,382207E-44
4,203895E-45
0
0
0
0
0
0
0
0
0
0
0
0
0
0
0
0
0
0
0
0
0
0
0
0
0
0
0
0
0
0
0
0
0
0
0
0
0
0
0
0
0
0
0
0
0
0
0
0
0
0
0
0
0
0
0
0
0
0
0
0
0
0
0
0,1760236
0,1760236
0,1760236
0,2347279
0,3518353
0,4104978
0,5871342
0,7044147
0,7044147
0,7044147
0,7636261
0,9410447
0,9999997
0,9415282
0,9415282
0,8233425
0,7059883
0,6473258
0,4716974
0,4716974
0,4124864
0,2949027
0,236374
0,118318
1,343695E-14
1,343695E-14
1,343695E-14
1,267212E-22
1,267198E-22
3,672725E-27
2,877632E-27
3,082857E-44
3,082857E-44
3,082857E-44
3,082857E-44
2,382207E-44
4,203895E-45
0
0
0
0
0
0
0
0
0
0
0
0
0
0
0
0
0
0
0
0
0
0
0
0
0
0
0
0
0
0
0
0
0
0
0
0
0
0
0
0
0
0
0
0
0
0
0
0
0
0
0
0
0
0
0
0
0
0
0
0
0
0
0
0,1760236
0,1760236
0,1760236
0,2347279
0,3518353
0,4104978
0,5871342
0,7637769
0,8227257
0,8227257
0,8819364
0,9410447
0,9999997
0,9415282
0,9415282
0,8233425
0,7059883
0,6473258
0,4716974
0,4716974
0,4124864
0,2949027
0,236374
0,118318
1,343695E-14
1,343695E-14
1,343695E-14
1,267201E-22
1,26719E-22
2,877632E-27
2,877632E-27
3,082857E-44
3,082857E-44
3,082857E-44
3,082857E-44
2,382207E-44
4,203895E-45
0
0
0
0
0
0
0
0
0
0
0
0
0
0
0
0
0
0
0
0
0
0
0
0
0
0
0
0
0
0
0
0
0
0
0
0
0
0
0
0
0
0
0
0
0
0
0
0
0
0
0
0
0
0
0
0
0
0
0
0
0
0
0
0,1760236
0,1760236
0,1760236
0,2347279
0,3518353
0,4104978
0,5871342
0,7637769
0,8227257
0,8227257
0,8819364
0,9410447
0,9999997
0,9415282
0,9415282
0,8233425
0,7059883
0,6473258
0,4716974
0,4716974
0,3535379
0,2359552
0,1774259
0,118318
1,343695E-14
1,343695E-14
1,343695E-14
1,267201E-22
1,26719E-22
2,877632E-27
2,877632E-27
3,082857E-44
3,082857E-44
3,082857E-44
3,082857E-44
2,382207E-44
4,203895E-45
0
0
0
0
0
0
0
0
0
0
0
0
0
0
0
0
0
0
0
0
0
0
0
0
0
0
0
0
0
0
0
0
0
0
0
0
0
0
0
0
0
0
0
0
0
0
0
0
0
0
0
0
0
0
0
0
0
0
0
0
0
0
0
0,1760236
0,1760236
0,1760236
0,2940117
0,4111187
0,4697817
0,5871342
0,7637769
0,8227257
0,8227257
0,8819364
0,9410447
0,9999999
0,9415282
0,9415282
0,7647356
0,6473824
0,5887202
0,4716974
0,4716974
0,3535379
0,2359552
0,1774259
0,118318
1,343695E-14
1,343695E-14
1,343695E-14
1,267201E-22
1,26719E-22
2,877632E-27
2,877632E-27
3,082857E-44
3,082857E-44
3,082857E-44
3,082857E-44
2,382207E-44
4,203895E-45
0
0
0
0
0
0
0
0
0
0
0
0
0
0
0
0
0
0
0
0
0
0
0
0
0
0
0
0
0
0
0
0
0
0
0
0
0
0
0
0
0
0
0
0
0
0
0
0
0
0
0
0
0
0
0
0
0
0
0
0
0
0
0
0,1760236
0,1760236
0,2346861
0,3526743
0,4697817
0,4697817
0,5871342
0,7637769
0,8227257
0,8227257
0,8819364
0,9410447
0,9999999
0,882244
0,882244
0,7647356
0,6473824
0,5887202
0,4716974
0,4716974
0,3535379
0,1765926
0,1180634
0,05895543
1,343695E-14
1,343695E-14
1,343695E-14
1,267201E-22
1,26719E-22
2,877632E-27
2,877632E-27
3,082857E-44
3,082857E-44
3,082857E-44
3,082857E-44
2,382207E-44
4,203895E-45
0
0
0
0
0
0
0
0
0
0
0
0
0
0
0
0
0
0
0
0
0
0
0
0
0
0
0
0
0
0
0
0
0
0
0
0
0
0
0
0
0
0
0
0
0
0
0
0
0
0
0
0
0
0
0
0
0
0
0
0
0
0
0
0,1760236
0,1760236
0,2346861
0,3526743
0,4697817
0,4697817
0,5871342
0,7637769
0,8227257
0,8227257
0,8819364
0,9410447
0,9999999
0,882244
0,882244
0,7647356
0,6473824
0,5887202
0,4716974
0,4716974
0,3535379
0,1765926
0,1180634
0,05895543
1,343695E-14
1,343695E-14
1,343695E-14
1,267201E-22
1,26719E-22
2,877632E-27
2,877632E-27
3,082857E-44
3,082857E-44
3,082857E-44
3,082857E-44
2,382207E-44
4,203895E-45
0
0
0
0
0
0
0
0
0
0
0
0
0
0
0
0
0
0
0
0
0
0
0
0
0
0
0
0
0
0
0
0
0
0
0
0
0
0
0
0
0
0
0
0
0
0
0
0
0
0
0
0
0
0
0
0
0
0
0
0
0
0
0
0,1760236
0,1760236
0,2346861
0,3526743
0,4697817
0,4697817
0,5871342
0,7637769
0,8227257
0,8227257
0,8819364
0,9410447
0,9999999
0,882244
0,8235816
0,706074
0,5887202
0,5887202
0,4716974
0,4716974
0,3535379
0,1765926
0,1180634
0,05895543
1,267212E-22
1,267212E-22
1,267212E-22
1,267175E-22
1,267163E-22
3,082857E-44
3,082857E-44
3,082857E-44
3,082857E-44
3,082857E-44
3,082857E-44
2,382207E-44
4,203895E-45
0
0
0
0
0
0
0
0
0
0
0
0
0
0
0
0
0
0
0
0
0
0
0
0
0
0
0
0
0
0
0
0
0
0
0
0
0
0
0
0
0
0
0
0
0
0
0
0
0
0
0
0
0
0
0
0
0
0
0
0
0
0
0
0,1760236
0,1760236
0,2346861
0,3526743
0,4697817
0,4697817
0,5871342
0,7637769
0,8227257
0,8227257
0,8819364
0,9410447
0,9999999
0,882244
0,8235816
0,706074
0,5887202
0,5887202
0,4716974
0,4716974
0,3535379
0,1765926
0,1180634
0,05895543
1,267212E-22
1,267212E-22
1,267212E-22
1,267175E-22
1,267163E-22
3,082857E-44
3,082857E-44
3,082857E-44
3,082857E-44
3,082857E-44
3,082857E-44
2,382207E-44
4,203895E-45
0
0
0
0
0
0
0
0
0
0
0
0
0
0
0
0
0
0
0
0
0
0
0
0
0
0
0
0
0
0
0
0
0
0
0
0
0
0
0
0
0
0
0
0
0
0
0
0
0
0
0
0
0
0
0
0
0
0
0
0
0
0
0
0,1760236
0,1760236
0,2346861
0,3526743
0,4697817
0,4697817
0,5871342
0,7637769
0,8227257
0,8227257
0,8819364
0,9410447
0,9999999
0,882244
0,8235816
0,706074
0,5887202
0,5887202
0,4716974
0,4716974
0,3535379
0,1765926
0,1180634
0,05895543
1,267212E-22
1,267212E-22
1,267212E-22
1,267175E-22
1,267163E-22
3,082857E-44
3,082857E-44
3,082857E-44
3,082857E-44
3,082857E-44
3,082857E-44
2,382207E-44
0
0
0
0
0
0
0
0
0
0
0
0
0
0
0
0
0
0
0
0
0
0
0
0
0
0
0
0
0
0
0
0
0
0
0
0
0
0
0
0
0
0
0
0
0
0
0
0
0
0
0
0
0
0
0
0
0
0
0
0
0,05890267
0,05890267
0,05890267
0,05890267
0,2345251
0,2345251
0,293188
0,4111756
0,528533
0,528533
0,6458863
0,7637769
0,8227257
0,8227257
0,8819364
0,9410447
0,9999999
0,882244
0,8235816
0,706074
0,5887202
0,5887202
0,4716974
0,4716974
0,3535379
0,1765926
0,1180634
0,05895543
1,267212E-22
1,267212E-22
1,267212E-22
1,267175E-22
1,267163E-22
3,082857E-44
3,082857E-44
3,082857E-44
3,082857E-44
3,082857E-44
3,082857E-44
2,382207E-44
0
0
0
0
0
0
0
0
0
0
0
0
0
0
0
0
0
0
0
0
0
0
0
0
0
0
0
0
0
0
0
0
0
0
0
0
0
0
0
0
0
0
0
0
0
0
0
0
0
0
0
0
0
0
0
0
0
0
0
0
0,05890267
0,05890267
0,05890267
0,05890267
0,2345251
0,2345251
0,293188
0,4111756
0,528533
0,528533
0,6458863
0,7637769
0,8818327
0,8818327
0,9410447
0,9410447
0,9999999
0,882244
0,8235816
0,6475722
0,5302185
0,5302185
0,4716974
0,4716974
0,3535379
0,1765926
0,1180634
0,05895543
1,267212E-22
1,267212E-22
1,267212E-22
1,267175E-22
1,267163E-22
3,082857E-44
3,082857E-44
3,082857E-44
3,082857E-44
3,082857E-44
3,082857E-44
2,382207E-44
0
0
0
0
0
0
0
0
0
0
0
0
0
0
0
0
0
0
0
0
0
0
0
0
0
0
0
0
0
0
0
0
0
0
0
0
0
0
0
0
0
0
0
0
0
0
0
0
0
0
0
0
0
0
0
0
0
0
0
0
0,05890267
0,05890267
0,05890267
0,05890267
0,29323
0,29323
0,3518922
0,4111756
0,528533
0,528533
0,6458863
0,7637769
0,8818327
0,8818327
0,9410447
0,8821426
0,9410976
0,8233425
0,7646794
0,6475722
0,5302185
0,4714667
0,4129459
0,4129459
0,2947867
0,1765926
0,1180634
0,05895543
1,267212E-22
1,267212E-22
1,267212E-22
1,267175E-22
1,267163E-22
3,082857E-44
3,082857E-44
3,082857E-44
3,082857E-44
3,082857E-44
3,082857E-44
2,382207E-44
0
0
0
0
0
0
0
0
0
0
0
0
0
0
0
0
0
0
0
0
0
0
0
0
0
0
0
0
0
0
0
0
0
0
0
0
0
0
0
0
0
0
0
0
0
0
0
0
0
0
0
0
0
0
0
0
0
0
0
0
0,05890267
0,05890267
0,05890267
0,05890267
0,29323
0,29323
0,3518922
0,4111756
0,528533
0,528533
0,6458863
0,7637769
0,8818327
0,8818327
0,9410447
0,8821426
0,9410976
0,8233425
0,7646794
0,6475722
0,5302185
0,4714667
0,4129459
0,4129459
0,2947867
0,1765926
0,1180634
0,05895543
1,267212E-22
1,267212E-22
1,267212E-22
1,267175E-22
1,267163E-22
3,082857E-44
3,082857E-44
3,082857E-44
3,082857E-44
3,082857E-44
3,082857E-44
2,382207E-44
0
0
0
0
0
0
0
0
0
0
0
0
0
0
0
0
0
0
0
0
0
0
0
0
0
0
0
0
0
0
0
0
0
0
0
0
0
0
0
0
0
0
0
0
0
0
0
0
0
0
0
0
0
0
0
0
0
0
0
0
0,05890267
0,05890267
0,05890267
0,05890267
0,29323
0,29323
0,3518922
0,4111756
0,528533
0,528533
0,6458863
0,7637769
0,8818327
0,8818327
0,9410447
0,8821426
0,9410976
0,8233425
0,7646794
0,6475722
0,5302185
0,4714667
0,4129459
0,4129459
0,2356791
0,1174846
0,05895543
0,05895543
1,267212E-22
1,267212E-22
1,267212E-22
1,267175E-22
1,267163E-22
3,082857E-44
3,082857E-44
3,082857E-44
2,382207E-44
2,382207E-44
2,382207E-44
2,382207E-44
0
0
0
0
0
0
0
0
0
0
0
0
0
0
0
0
0
0
0
0
0
0
0
0
0
0
0
0
0
0
0
0
0
0
0
0
0
0
0
0
0
0
0
0
0
0
0
0
0
0
0
0
0
0
0
0
0,05890267
0,05890267
0,05890267
0,05890267
0,05890267
0,05890267
0,05890267
0,05890267
0,29323
0,3525133
0,4111756
0,4111756
0,528533
0,528533
0,6458863
0,8229888
0,9410447
0,9410447
0,9410447
0,8821426
0,9410976
0,7646376
0,7059754
0,5888677
0,5302185
0,4714667
0,4129459
0,4129459
0,2356791
0,1174846
0,05895543
0,05895543
1,267212E-22
1,267198E-22
1,267198E-22
1,267163E-22
1,267163E-22
3,082857E-44
3,082857E-44
3,082857E-44
2,382207E-44
2,382207E-44
2,382207E-44
2,382207E-44
0
0
0
0
0
0
0
0
0
0
0
0
0
0
0
0
0
0
0
0
0
0
0
0
0
0
0
0
0
0
0
0
0
0
0
0
0
0
0
0
0
0
0
0
0
0
0
0
0
0
0
0
0
0
0
0
0,05890267
0,05890267
0,05890267
0,05890267
0,05890267
0,05890267
0,05890267
0,05890267
0,29323
0,3525133
0,4111756
0,4111756
0,528533
0,528533
0,6458863
0,8229888
0,9410447
0,9410447
0,9410447
0,8821426
0,9410976
0,7646376
0,7059754
0,5888677
0,5888677
0,5301159
0,4715948
0,4715948
0,2943281
0,1174846
0,05895543
0,05895543
1,267212E-22
1,267198E-22
1,267198E-22
1,267163E-22
1,267163E-22
3,082857E-44
3,082857E-44
3,082857E-44
2,382207E-44
2,382207E-44
2,382207E-44
2,382207E-44
0
0
0
0
0
0
0
0
0
0
0
0
0
0
0
0
0
0
0
0
0
0
0
0
0
0
0
0
0
0
0
0
0
0
0
0
0
0
0
0
0
0
0
0
0
0
0
0
0
0
0
0
0
0
0
0
0,05890267
0,05890267
0,05890267
0,05890267
0,05890267
0,05890267
0,05890267
0,05890267
0,2345804
0,2938647
0,352527
0,352527
0,5878961
0,5878961
0,7052479
0,8229888
0,9410447
0,9410447
0,9410447
0,8821426
0,9410976
0,7646376
0,7059754
0,5888677
0,5888677
0,4709051
0,4123839
0,4123839
0,2943281
0,1174846
0,05895543
0,05895543
1,267201E-22
1,26719E-22
1,26719E-22
1,267163E-22
1,267163E-22
3,082857E-44
3,082857E-44
3,082857E-44
2,382207E-44
2,382207E-44
2,382207E-44
2,382207E-44
0
0
0
0
0
0
0
0
0
0
0
0
0
0
0
0
0
0
0
0
0
0
0
0
0
0
0
0
0
0
0
0
0
0
0
0
0
0
0
0
0
0
0
0
0
0
0
0
0
0
0
0
0
0
0
0
0,05890267
0,05890267
0,05890267
0,05890267
0,05890267
0,05890267
0,05890267
0,05890267
0,2345804
0,2938647
0,352527
0,352527
0,5878961
0,5878961
0,7052479
0,7640857
0,8821426
0,8821426
0,8228586
0,8228586
0,8818134
0,7646376
0,7059754
0,5888677
0,5888677
0,4709051
0,4123839
0,4123839
0,2943281
0,1174846
0,05895543
0,05895543
1,267201E-22
1,26719E-22
1,26719E-22
1,267163E-22
1,267163E-22
3,082857E-44
3,082857E-44
3,082857E-44
2,382207E-44
2,382207E-44
2,382207E-44
2,382207E-44
0
0
0
0
0
0
0
0
0
0
0
0
0
0
0
0
0
0
0
0
0
0
0
0
0
0
0
0
0
0
0
0
0
0
0
0
0
0
0
0
0
0
0
0
0
0
0
0
0
0
0
0
0
0,05890267
0,05890267
0,05890267
0,05890267
0,05890267
0,05890267
0,05890267
0,1174043
0,1174043
0,1174043
0,1174043
0,2345804
0,2938647
0,352527
0,352527
0,5878961
0,5878961
0,7052479
0,7640857
0,8821426
0,8821426
0,8228586
0,8228586
0,8818134
0,7646376
0,7059754
0,5888677
0,5888677
0,4115423
0,3530212
0,3530212
0,2349654
0,1174846
0,05895543
0,05895543
1,267201E-22
1,26719E-22
1,26719E-22
1,267163E-22
1,267163E-22
3,082857E-44
3,082857E-44
3,082857E-44
2,382207E-44
2,382207E-44
2,382207E-44
2,382207E-44
1,401298E-44
0
0
0
0
0
0
0
0
0
0
0
0
0
0
0
0
0
0
0
0
0
0
0
0
0
0
0
0
0
0
0
0
0
0
0
0
0
0
0
0
0
0
0
0
0
0
0
0
0
0
0
0
0,05890267
0,05890267
0,05890267
0,05890267
0,05890267
0,05890267
0,05890267
0,1174043
0,1174043
0,1174043
0,1174043
0,2345804
0,2938647
0,352527
0,352527
0,5878961
0,5878961
0,7052479
0,7640857
0,8821426
0,8821426
0,8228586
0,8228586
0,8818134
0,7646376
0,7059754
0,6474724
0,6474724
0,4701477
0,3530212
0,3530212
0,2349654
0,1174846
0,05895543
0,05895543
1,267201E-22
1,26719E-22
1,26719E-22
1,267163E-22
1,267163E-22
3,082857E-44
3,082857E-44
3,082857E-44
2,382207E-44
2,382207E-44
2,382207E-44
2,382207E-44
1,401298E-44
0
0
0
0
0
0
0
0
0
0
0
0
0
0
0
0
0
0
0
0
0
0
0
0
0
0
0
0
0
0
0
0
0
0
0
0
0
0
0
0
0
0
0
0
0
0
0
0
0
0
0
0
0,05890267
0,05890267
0,05890267
0,05890267
0,05890267
0,05890267
0,05890267
0,1174043
0,1174043
0,1174043
0,1174043
0,2345804
0,3526155
0,4112783
0,4112783
0,5289931
0,5289931
0,6463463
0,7640857
0,8821426
0,8821426
0,8228586
0,8228586
0,8818134
0,7646376
0,7059754
0,6474724
0,6474724
0,4701477
0,3530212
0,3530212
0,2349654
0,1174846
0,05895543
0,05895543
1,267201E-22
1,26719E-22
1,26719E-22
1,267163E-22
1,267163E-22
3,082857E-44
3,082857E-44
3,082857E-44
2,382207E-44
2,382207E-44
2,382207E-44
2,382207E-44
1,401298E-44
0
0
0
0
0
0
0
0
0
0
0
0
0
0
0
0
0
0
0
0
0
0
0
0
0
0
0
0
0
0
0
0
0
0
0
0
0
0
0
0
0
0
0
0
0
0
0
0
0
0
0
0
0,05890267
0,05890267
0,05890267
0,05890267
0,05890267
0,05890267
0,05890267
0,1174043
0,1174043
0,1174043
0,1174043
0,2345804
0,3526155
0,4701102
0,4701102
0,5878245
0,5878245
0,6463463
0,7640857
0,8821426
0,8821426
0,8228586
0,7643573
0,8233118
0,7061357
0,6474724
0,6474724
0,6474724
0,4701477
0,3530212
0,3530212
0,2349654
0,1174846
0,05895543
0,05895543
1,267201E-22
1,26719E-22
1,26719E-22
1,267163E-22
1,267163E-22
3,082857E-44
3,082857E-44
3,082857E-44
2,382207E-44
1,401298E-44
1,401298E-44
1,401298E-44
1,401298E-44
0
0
0
0
0
0
0
0
0
0
0
0
0
0
0
0
0
0
0
0
0
0
0
0
0
0
0
0
0
0
0
0
0
0
0
0
0
0
0
0
0
0
0
0
0
0
0
0
0
0
0
0
0,05890267
0,05890267
0,05890267
0,05890267
0,05890267
0,05890267
0,05890267
0,1174043
0,1174043
0,1174043
0,1174043
0,2345804
0,3526155
0,4701102
0,4701102
0,529218
0,5883276
0,6468481
0,8231932
0,8821426
0,8821426
0,8228586
0,7643573
0,8233118
0,7061357
0,5887224
0,5887224
0,5887224
0,4701477
0,3530212
0,3530212
0,2349654
0,1174846
0,05895543
0,05895543
1,267201E-22
1,26719E-22
1,26719E-22
1,267163E-22
1,267163E-22
3,082857E-44
3,082857E-44
3,082857E-44
2,382207E-44
1,401298E-44
1,401298E-44
1,401298E-44
1,401298E-44
0
0
0
0
0
0
0
0
0
0
0
0
0
0
0
0
0
0
0
0
0
0
0
0
0
0
0
0
0
0
0
0
0
0
0
0
0
0
0
0
0
0
0
0
0
0
0
0
0
0
0
0
0,05890267
0,05890267
0,05890267
0,05890267
0,05890267
0,05890267
0,05890267
0,1174043
0,1174043
0,1174043
0,1174043
0,2345804
0,3526155
0,4701102
0,4701102
0,529218
0,5883276
0,6468481
0,8231932
0,8821426
0,8821426
0,8228586
0,7643573
0,8233118
0,7061357
0,5887224
0,5887224
0,5887224
0,4701477
0,2941899
0,2941899
0,1761338
0,1174846
0,05895543
0,05895543
1,267201E-22
1,26719E-22
1,26719E-22
1,267163E-22
1,267163E-22
2,382207E-44
2,382207E-44
2,382207E-44
2,382207E-44
1,401298E-44
1,401298E-44
1,401298E-44
1,401298E-44
0
0
0
0
0
0
0
0
0
0
0
0
0
0
0
0
0
0
0
0
0
0
0
0
0
0
0
0
0
0
0
0
0
0
0
0
0
0
0
0
0
0
0
0
0
0
0
0
0
0
0
0
0,05890267
0,05890267
0,05890267
0,05890267
0,05890267
0,05890267
0,05890267
0,1174043
0,175876
0,175876
0,175876
0,2345804
0,3526155
0,4701102
0,4701102
0,529218
0,5883276
0,6468481
0,8231932
0,8821426
0,8821426
0,8228586
0,7643573
0,8233118
0,7061357
0,5887224
0,5887224
0,5887224
0,4110403
0,2350818
0,2350818
0,1761338
0,1174846
0,05895543
0,05895543
1,267201E-22
1,26719E-22
1,26719E-22
1,267163E-22
1,267163E-22
2,382207E-44
2,382207E-44
2,382207E-44
2,382207E-44
1,401298E-44
1,401298E-44
1,401298E-44
1,401298E-44
0
0
0
0
0
0
0
0
0
0
0
0
0
0
0
0
0
0
0
0
0
0
0
0
0
0
0
0
0
0
0
0
0
0
0
0
0
0
0
0
0
0
0
0
0
0
0
0
0
0
0
0
0,05890267
0,05890267
0,05890267
0,05890267
0,05890267
0,05890267
0,05890267
0,1174043
0,175876
0,175876
0,175876
0,2345804
0,3526155
0,4701102
0,4701102
0,529218
0,6472744
0,7057959
0,8821426
0,8821426
0,8821426
0,8228586
0,7643573
0,8233118
0,7061357
0,5887224
0,5887224
0,5887224
0,4110403
0,2350818
0,2350818
0,1761338
0,1174846
0,05895543
0,05895543
1,267201E-22
1,26719E-22
1,26719E-22
1,267163E-22
1,267163E-22
2,382207E-44
2,382207E-44
2,382207E-44
2,382207E-44
1,401298E-44
1,401298E-44
1,401298E-44
1,401298E-44
0
0
0
0
0
0
0
0
0
0
0
0
0
0
0
0
0
0
0
0
0
0
0
0
0
0
0
0
0
0
0
0
0
0
0
0
0
0
0
0
0
0
0
0
0
0
0
0
0
0
0
0
0,05890267
0,05890267
0,05890267
0,1174043
0,1174043
0,1174043
0,1174043
0,1174043
0,175876
0,175876
0,175876
0,2345804
0,3526155
0,4701102
0,4701102
0,529218
0,6472744
0,7057959
0,8821426
0,8821426
0,8821426
0,8233425
0,7648401
0,7648401
0,7061357
0,5887224
0,5887224
0,5887224
0,4110403
0,2936873
0,2936873
0,2347392
0,1174846
0,05895543
0,05895543
1,267201E-22
1,26719E-22
1,26719E-22
1,267163E-22
1,267163E-22
2,382207E-44
2,382207E-44
2,382207E-44
2,382207E-44
1,401298E-44
1,401298E-44
1,401298E-44
1,401298E-44
0
0
0
0
0
0
0
0
0
0
0
0
0
0
0
0
0
0
0
0
0
0
0
0
0
0
0
0
0
0
0
0
0
0
0
0
0
0
0
0
0
0
0
0
0
0
0
0
0
0
0
0
0,05890267
0,05890267
0,05890267
0,1174043
0,1174043
0,1174043
0,1174043
0,1174043
0,175876
0,175876
0,175876
0,2345804
0,3526155
0,4701102
0,4701102
0,529218
0,6472744
0,7057959
0,8821426
0,8821426
0,8821426
0,8233425
0,7648401
0,7648401
0,7061357
0,5887224
0,5887224
0,5887224
0,4110403
0,2936873
0,2936873
0,2347392
0,1174846
0,05895543
0,05895543
1,267201E-22
1,26719E-22
1,26719E-22
1,267163E-22
1,267163E-22
2,382207E-44
2,382207E-44
2,382207E-44
2,382207E-44
1,401298E-44
1,401298E-44
1,401298E-44
1,401298E-44
0
0
0
0
0
0
0
0
0
0
0
0
0
0
0
0
0
0
0
0
0
0
0
0
0
0
0
0
0
0
0
0
0
0
0
0
0
0
0
0
0
0
0
0
0
0
0
0
0
0
0
0
0,05890267
0,05890267
0,05890267
0,1174043
0,1174043
0,1174043
0,1174043
0,1174043
0,175876
0,175876
0,175876
0,2345804
0,3526155
0,4701102
0,4701102
0,529218
0,6472744
0,7057959
0,8235361
0,8235361
0,8235361
0,8233425
0,7648401
0,7648401
0,7061357
0,5887224
0,5887224
0,5887224
0,3520922
0,2347392
0,2347392
0,2347392
0,1174846
0,05895543
0,05895543
1,267201E-22
1,26719E-22
1,26719E-22
1,267163E-22
1,267163E-22
2,382207E-44
2,382207E-44
2,382207E-44
2,382207E-44
1,401298E-44
1,401298E-44
1,401298E-44
1,401298E-44
0
0
0
0
0
0
0
0
0
0
0
0
0
0
0
0
0
0
0
0
0
0
0
0
0
0
0
0
0
0
0
0
0
0
0
0
0
0
0
0
0
0
0
0
0
0
0
0
0
0
0
0
0,05890267
0,05890267
0,05890267
0,1174043
0,1174043
0,1174043
0,1174043
0,1174043
0,175876
0,175876
0,175876
0,2345804
0,3526155
0,4701102
0,4701102
0,529218
0,6472744
0,7057959
0,7650354
0,7650354
0,7650354
0,7648401
0,7648401
0,7648401
0,7061357
0,5887224
0,5887224
0,5887224
0,3520922
0,2347392
0,2347392
0,2347392
0,05852922
1,267212E-22
1,267212E-22
1,267201E-22
1,26719E-22
1,26719E-22
1,267163E-22
1,267163E-22
2,382207E-44
2,382207E-44
2,382207E-44
2,382207E-44
1,401298E-44
1,401298E-44
1,401298E-44
1,401298E-44
0
0
0
0
0
0
0
0
0
0
0
0
0
0
0
0
0
0
0
0
0
0
0
0
0
0
0
0
0
0
0
0
0
0
0
0
0
0
0
0
0
0
0
0
0
0
0
0
0
0
0
0
0,05890267
0,05890267
0,05890267
0,1174043
0,1174043
0,1174043
0,1174043
0,1174043
0,175876
0,2347077
0,2347077
0,2934121
0,4114474
0,4701102
0,4701102
0,5884303
0,7064856
0,765008
0,7650354
0,7650354
0,7650354
0,7648401
0,7648401
0,7648401
0,7061357
0,5887224
0,5887224
0,5887224
0,3520922
0,2347392
0,2347392
0,2347392
0,05852922
1,267212E-22
1,267212E-22
1,267201E-22
1,26719E-22
1,26719E-22
1,267163E-22
1,267163E-22
2,382207E-44
2,382207E-44
2,382207E-44
2,382207E-44
1,401298E-44
1,401298E-44
1,401298E-44
1,401298E-44
0
0
0
0
0
0
0
0
0
0
0
0
0
0
0
0
0
0
0
0
0
0
0
0
0
0
0
0
0
0
0
0
0
0
0
0
0
0
0
0
0
0
0
0
0
0
0
0
0
0
0
0
0,05890267
0,05890267
0,05890267
0,1174043
0,1174043
0,1174043
0,1174043
0,1174043
0,175876
0,2347077
0,2347077
0,2934121
0,4114474
0,4701102
0,4701102
0,5884303
0,7064856
0,765008
0,7650354
0,7650354
0,7650354
0,7648401
0,7648401
0,7648401
0,7061357
0,5887224
0,5887224
0,5887224
0,3520922
0,2347392
0,2347392
0,2347392
0,05852922
1,267212E-22
1,267212E-22
1,267201E-22
1,26719E-22
1,26719E-22
1,267163E-22
1,267163E-22
2,382207E-44
2,382207E-44
2,382207E-44
2,382207E-44
1,401298E-44
1,401298E-44
1,401298E-44
1,401298E-44
0
0
0
0
0
0
0
0
0
0
0
0
0
0
0
0
0
0
0
0
0
0
0
0
0
0
0
0
0
0
0
0
0
0
0
0
0
0
0
0
0
0
0
0
0
0
0
0
0
0
0
0
0,05890267
0,05890267
0,05890267
0,1174043
0,1174043
0,1174043
0,1174043
0,1174043
0,175876
0,2347077
0,2347077
0,2934121
0,4114474
0,4701102
0,4701102
0,5884303
0,7064856
0,765008
0,7650354
0,7650354
0,7650354
0,7648401
0,7648401
0,7648401
0,7061357
0,5298899
0,4706789
0,4706789
0,2932605
0,2347392
0,2347392
0,2347392
0,05852922
1,267212E-22
1,267212E-22
1,267201E-22
1,26719E-22
1,26719E-22
1,267163E-22
1,267163E-22
2,382207E-44
2,382207E-44
2,382207E-44
2,382207E-44
1,401298E-44
1,401298E-44
1,401298E-44
1,401298E-44
0
0
0
0
0
0
0
0
0
0
0
0
0
0
0
0
0
0
0
0
0
0
0
0
0
0
0
0
0
0
0
0
0
0
0
0
0
0
0
0
0
0
0
0
0
0
0
0
0,05890267
0,05890267
0,05890267
0,05890267
0,05890267
0,05890267
0,05890267
0,1174043
0,1174043
0,1174043
0,1174043
0,1174043
0,2345804
0,2934121
0,2934121
0,2934121
0,4708098
0,588421
0,588421
0,6473772
0,7064856
0,765008
0,7650354
0,7650354
0,7650354
0,7648401
0,7648401
0,7648401
0,7061357
0,5298899
0,4706789
0,4706789
0,2932605
0,2347392
0,2347392
0,2347392
0,05852922
1,267212E-22
1,267212E-22
1,267201E-22
1,26719E-22
1,26719E-22
1,267163E-22
1,267163E-22
2,382207E-44
2,382207E-44
2,382207E-44
2,382207E-44
1,401298E-44
1,401298E-44
1,401298E-44
1,401298E-44
0
0
0
0
0
0
0
0
0
0
0
0
0
0
0
0
0
0
0
0
0
0
0
0
0
0
0
0
0
0
0
0
0
0
0
0
0
0
0
0
0
0
0
0
0
0
0
0
0,05890267
0,05890267
0,05890267
0,05890267
0,05890267
0,05890267
0,05890267
0,05890267
0,05890267
0,05890267
0,05890267
0,1174043
0,2345804
0,2934121
0,2934121
0,2934121
0,4114474
0,5290578
0,5290578
0,6473772
0,7064856
0,765008
0,7065058
0,7065058
0,7065058
0,6473556
0,7058846
0,7648401
0,7061357
0,5298899
0,4706789
0,4706789
0,2932605
0,2347392
0,2347392
0,2347392
0,05852922
1,267212E-22
1,267212E-22
1,267201E-22
2,877632E-27
2,877632E-27
3,082857E-44
3,082857E-44
2,382207E-44
2,382207E-44
2,382207E-44
2,382207E-44
1,401298E-44
1,401298E-44
1,401298E-44
1,401298E-44
0
0
0
0
0
0
0
0
0
0
0
0
0
0
0
0
0
0
0
0
0
0
0
0
0
0
0
0
0
0
0
0
0
0
0
0
0
0
0
0
0
0
0
0
0
0
0
0
0
0
0
0
0,05890267
0,05890267
0,05890267
0,05890267
0,05890267
0,05890267
0,05890267
0,1174043
0,1174043
0,1174043
0,1174043
0,2345804
0,2345804
0,2934121
0,3526954
0,4119072
0,5295172
0,5295172
0,5302269
0,6479846
0,7065058
0,5887505
0,6472791
0,7648401
0,7061357
0,5298899
0,4706789
0,4706789
0,2932605
0,2347392
0,2347392
0,2347392
0,05852922
1,267212E-22
1,267212E-22
1,267201E-22
2,877632E-27
2,877632E-27
3,082857E-44
3,082857E-44
2,382207E-44
1,401298E-44
1,401298E-44
1,401298E-44
1,401298E-44
1,401298E-44
1,401298E-44
1,401298E-44
0
0
0
0
0
1
