0
0
0
0
0
0
0
0
0
0
0
0,03468272
0,03468272
0,03468272
0,06904864
0,1379755
0,2071794
0,2417237
0,3104788
0,3447855
0,3789853
0,5167476
0,4134738
0,4135243
0,3791583
0,3791583
0,2760309
0,3100646
0,2066922
0,1725724
0,1724817
0,1377568
0,1376609
0,1030946
0,03450388
0,03450388
0,03450388
0
0
0
0
0
0
0
0
0
0
0
0
0
0
0
6,445973E-44
6,445973E-44
6,445973E-44
6,445973E-44
6,445973E-44
6,445973E-44
6,445973E-44
6,445973E-44
6,445973E-44
6,445973E-44
6,445973E-44
6,445973E-44
6,445973E-44
1,070388E-37
1,070388E-37
1,070388E-37
1,070388E-37
1,070388E-37
1,070388E-37
1,070388E-37
1,070388E-37
0
0
0
0
0
0
0
0
0
0
0
0
0
0
1,401298E-45
1,401298E-45
1,401298E-45
0,03446416
0,03446416
0,1039856
0,1039856
0,13853
0,13853
0,13853
0,13853
0,13853
0,03454421
0
0
0
0
0
0
0
0
0,03468272
0,03468272
0,03468272
0,03468272
0,06904864
0,172695
0,2418991
0,3454474
0,4143753
0,5179
0,5174367
0,6551979
0,5861128
0,6207082
0,6210602
0,5865169
0,5170069
0,5163236
0,4131971
0,3100646
0,241196
0,241196
0,2410594
0,2063347
0,1717808
0,1376609
0,103528
0,103528
0,06896189
0,0344579
0,0344579
0
0
0
0
0
0
6,445973E-44
6,445973E-44
6,445973E-44
6,445973E-44
6,445973E-44
6,445973E-44
6,445973E-44
6,445973E-44
6,445973E-44
6,445973E-44
6,445973E-44
1,070388E-37
1,070388E-37
1,070388E-37
1,070388E-37
1,070388E-37
1,070388E-37
1,070388E-37
1,070388E-37
1,070388E-37
1,070388E-37
1,070388E-37
1,070388E-37
1,070388E-37
1,070388E-37
1,070388E-37
1,070388E-37
1,070388E-37
1,070388E-37
1,070388E-37
1,070388E-37
1,070388E-37
1,070388E-37
1,070388E-37
1,070388E-37
1,070388E-37
1,070388E-37
0
1,401298E-45
1,401298E-45
1,401298E-45
1,401298E-45
1,401298E-45
0,03446416
0,06926612
0,1039856
0,1039856
0,13853
0,2075911
0,2075911
0,2075911
0,2075911
0,2075911
0,2075911
0,03454421
0
0
0
0
0
0
0
0
0,03468272
0,03468272
0,03468272
0,1038868
0,1382528
0,2418991
0,2418991
0,379795
0,4487226
0,5522178
0,5863498
0,7242565
0,6551717
0,6551717
0,6900897
0,689666
0,5855904
0,5507885
0,4476614
0,3445283
0,2756541
0,2756541
0,2410594
0,2063347
0,1717808
0,1030946
0,06896189
0,06896189
0,06896189
0,0344579
0,0344579
0
0
0
0
0
0
6,445973E-44
6,445973E-44
6,445973E-44
6,445973E-44
6,445973E-44
6,445973E-44
6,445973E-44
6,445973E-44
6,445973E-44
6,445973E-44
6,445973E-44
1,070388E-37
1,070388E-37
1,070388E-37
1,070388E-37
1,070388E-37
1,070388E-37
1,070388E-37
1,070388E-37
1,070388E-37
1,070388E-37
1,070388E-37
1,070388E-37
1,070388E-37
1,070388E-37
1,070388E-37
1,070388E-37
1,070388E-37
1,070388E-37
1,070388E-37
1,070388E-37
1,070388E-37
1,070388E-37
1,070388E-37
1,070388E-37
1,070388E-37
1,070388E-37
1,401298E-45
1,401298E-45
1,401298E-45
1,401298E-45
1,401298E-45
1,401298E-45
0,03446416
0,06926612
0,1732127
0,2075911
0,2419389
0,2763212
0,3108883
0,3108883
0,3108883
0,3108883
0,3108883
0,06911135
0
0
0
0
0
0
0
0
0,03468272
0,03468272
0,03468272
0,1729853
0,207351
0,2418991
0,276333
0,4834066
0,5521185
0,6210557
0,620968
0,7588126
0,6897268
0,6897268
0,7242222
0,7237994
0,5855904
0,5507885
0,4476614
0,3445283
0,2756541
0,2756541
0,2410594
0,2063347
0,1717808
0,1030946
0,06896189
0,06896189
0,06896189
0,0344579
0,0344579
6,445973E-44
6,445973E-44
6,445973E-44
6,445973E-44
6,445973E-44
6,445973E-44
6,445973E-44
6,445973E-44
1,070388E-37
1,070388E-37
1,070388E-37
1,070388E-37
1,070388E-37
1,070388E-37
1,070388E-37
1,070388E-37
1,070388E-37
1,070388E-37
1,070388E-37
1,070388E-37
1,070388E-37
1,070388E-37
1,070388E-37
1,070388E-37
1,070388E-37
1,070388E-37
1,070388E-37
1,070388E-37
1,070388E-37
1,070388E-37
1,070388E-37
1,070388E-37
1,070388E-37
1,070388E-37
1,070388E-37
1,070388E-37
1,070388E-37
1,070388E-37
1,070388E-37
1,070388E-37
1,070388E-37
1,070388E-37
1,070388E-37
1,070388E-37
1,070388E-37
1,070388E-37
1,070388E-37
0,03480199
0,03480199
0,06926612
0,06926612
0,2075951
0,2419739
0,2763212
0,3108692
0,3454369
0,3108883
0,3108883
0,3108883
0,3108883
0,06911135
0
0
0
0
0
0
0
0
0,03468272
0,03468272
0,03468272
0,1729853
0,207351
0,2418991
0,276333
0,4834066
0,5865822
0,6900876
0,6899997
0,7588126
0,6897268
0,6897268
0,7242222
0,7237994
0,5855904
0,5507885
0,4476614
0,3445283
0,2756541
0,2756541
0,2410594
0,1717685
0,1372144
0,1030946
0,06896189
0,06896189
0,06896189
0,0344579
0,0344579
6,445973E-44
6,445973E-44
6,445973E-44
6,445973E-44
6,445973E-44
6,445973E-44
6,445973E-44
6,445973E-44
1,070388E-37
1,070388E-37
1,070388E-37
1,070388E-37
1,070388E-37
1,070388E-37
1,070388E-37
1,070388E-37
1,070388E-37
1,070388E-37
1,070388E-37
1,070388E-37
1,070388E-37
1,070388E-37
1,070388E-37
1,070388E-37
1,070388E-37
1,070388E-37
1,070388E-37
1,070388E-37
1,070388E-37
1,070388E-37
1,070388E-37
1,070388E-37
1,070388E-37
1,070388E-37
1,070388E-37
1,070388E-37
1,070388E-37
1,070388E-37
1,070388E-37
1,070388E-37
1,070388E-37
1,070388E-37
1,070388E-37
1,070388E-37
1,070388E-37
1,070388E-37
1,070388E-37
0,03480199
0,03480199
0,1039856
0,1383332
0,2419427
0,2763212
0,3799462
0,4491145
0,4834315
0,4142635
0,4142635
0,4142635
0,4142635
0,1034288
0
0
0
0
0
0
0
0
0,03468272
0,03468272
0,03468272
0,1729853
0,2421528
0,3458167
0,3802505
0,5179
0,5865822
0,7246419
0,7245548
0,7588126
0,6897268
0,6546425
0,68914
0,6545951
0,5855904
0,5163088
0,4820035
0,3788705
0,2410594
0,2065056
0,2065056
0,1030946
0,06896189
0,06896189
0,06896189
0,06896189
0,03450388
6,445973E-44
6,445973E-44
6,445973E-44
6,445973E-44
6,445973E-44
6,445973E-44
1,070388E-37
1,070388E-37
1,070388E-37
1,070388E-37
1,070388E-37
1,070388E-37
1,070388E-37
1,070388E-37
1,070388E-37
1,070388E-37
1,070388E-37
1,070388E-37
1,070388E-37
1,070388E-37
1,070388E-37
1,070388E-37
1,070388E-37
1,070388E-37
1,070388E-37
1,070388E-37
1,070388E-37
1,070388E-37
0
0
0
0
0
0
0
6,445973E-44
1,070388E-37
1,070388E-37
1,070388E-37
1,070388E-37
1,070388E-37
1,070388E-37
1,070388E-37
1,070388E-37
1,070388E-37
1,070388E-37
1,070388E-37
1,070388E-37
0,03446416
0,1036136
0,1036136
0,1383332
0,172887
0,3455674
0,4491145
0,4834315
0,5523641
0,5523641
0,5179979
0,5179979
0,4831958
0,4486519
0,06888442
0
0
0
0
0
0
0
0
0,03468272
0,03468272
0,03468272
0,1729853
0,2421528
0,3458167
0,3802505
0,5522178
0,6209002
0,7246419
0,7245548
0,7244327
0,6900718
0,6549886
0,68914
0,6201625
0,5167809
0,3443671
0,3788705
0,3788705
0,2410594
0,2065056
0,2065056
0,1030946
0,06896189
0,06896189
0,06896189
0,06896189
0,03450388
6,445973E-44
6,445973E-44
6,445973E-44
6,445973E-44
0
0
1,070388E-37
1,070388E-37
1,070388E-37
1,070388E-37
1,070388E-37
1,070388E-37
1,070388E-37
1,070388E-37
1,070388E-37
1,070388E-37
1,070388E-37
1,070388E-37
1,070388E-37
1,070388E-37
1,070388E-37
1,070388E-37
1,070388E-37
1,070388E-37
1,070388E-37
1,070388E-37
1,070388E-37
1,070388E-37
0
0
0
0
0
0
0
1,401298E-45
1,070388E-37
1,070388E-37
1,070388E-37
1,070388E-37
1,070388E-37
1,070388E-37
1,070388E-37
1,070388E-37
1,070388E-37
1,070388E-37
1,070388E-37
1,070388E-37
0,03446416
0,1036136
0,1036136
0,2418083
0,2763619
0,4489993
0,5523641
0,5869586
0,5869586
0,5869586
0,5523641
0,5523641
0,517562
0,4830175
0,06888442
0
0
0
0
0
0
3,993207E-17
3,993207E-17
0,03468272
0,03468272
0,03468272
0,1729853
0,2421528
0,380199
0,4146328
0,5867862
0,6554688
0,7588996
0,7588126
0,7585659
0,7242044
0,6891228
0,68914
0,6891245
0,5857425
0,3788705
0,3788705
0,3788705
0,2410594
0,2065056
0,2065056
0,1030946
0,06896189
0,06896189
0,03450388
6,445973E-44
6,445973E-44
0
1,070388E-37
1,070388E-37
1,070388E-37
1,070388E-37
1,070388E-37
1,070388E-37
1,070388E-37
1,070388E-37
1,070388E-37
1,070388E-37
1,070388E-37
1,070388E-37
1,070388E-37
1,070388E-37
0
0
0
0
0
0
0
0
0
0
0
0
0
0
1,401298E-45
1,401298E-45
1,401298E-45
1,401298E-45
1,401298E-45
1,401298E-45
1,401298E-45
1,401298E-45
1,401298E-45
1,401298E-45
1,401298E-45
1,401298E-45
1,401298E-45
6,445973E-44
6,445973E-44
6,445973E-44
1,070388E-37
1,070388E-37
1,070388E-37
0,03446416
0,1036136
0,1036136
0,2418083
0,3109819
0,5181121
0,5868584
0,6555851
0,6898431
0,6898431
0,6552485
0,6552485
0,585728
0,5166169
0,03431734
0
0
0
0
0
0
3,993207E-17
3,993207E-17
0,06906144
0,1729853
0,1729853
0,2074187
0,2765864
0,4834736
0,4834736
0,6212499
0,6900625
0,7934948
0,7588126
0,7926852
0,758325
0,6891228
0,6197154
0,6196994
0,5509407
0,3443767
0,3443767
0,3098224
0,2065056
0,1376609
0,1376609
0,1030946
0,06896189
0,06896189
0,03450388
6,445973E-44
6,445973E-44
0
1,070388E-37
1,070388E-37
1,070388E-37
1,070388E-37
1,070388E-37
1,070388E-37
1,070388E-37
1,070388E-37
1,070388E-37
1,070388E-37
1,070388E-37
1,070388E-37
1,070388E-37
1,070388E-37
0
0
0
0
0
0
0
0
0
0
0
1,401298E-45
1,401298E-45
1,401298E-45
1,401298E-45
1,401298E-45
1,401298E-45
1,401298E-45
1,401298E-45
1,401298E-45
1,401298E-45
1,401298E-45
1,401298E-45
1,401298E-45
1,401298E-45
1,401298E-45
1,401298E-45
6,445973E-44
6,445973E-44
6,445973E-44
1,070388E-37
1,070388E-37
0,03480199
0,06926612
0,1381617
0,1381617
0,276302
0,413975
0,6212063
0,6898431
0,7587039
0,8271986
0,8271986
0,8271986
0,8271986
0,6543983
0,5852867
0,03431734
0
0
0
0
0
0
3,993207E-17
3,993207E-17
0,06906144
0,1729853
0,1729853
0,2074187
0,2765864
0,5176905
0,5176905
0,6900876
0,7246817
0,7934948
0,7588126
0,7926852
0,7928911
0,7236864
0,5853331
0,5510004
0,5166242
0,3101181
0,3101181
0,2755641
0,2065056
0,103528
0,103528
0,06896189
0,06896189
0,06896189
0,03450388
1,070388E-37
1,070388E-37
1,070388E-37
1,070388E-37
1,070388E-37
1,070388E-37
1,070388E-37
1,070388E-37
1,070388E-37
1,070388E-37
1,070388E-37
1,070388E-37
0
0
0
0
0
0
0
0
0
0
0
0
0
0
0
0
1,401298E-45
1,401298E-45
1,401298E-45
1,401298E-45
1,401298E-45
1,401298E-45
1,401298E-45
1,401298E-45
1,401298E-45
1,401298E-45
1,401298E-45
1,401298E-45
1,401298E-45
1,401298E-45
1,401298E-45
1,401298E-45
6,445973E-44
6,445973E-44
6,445973E-44
6,445973E-44
6,445973E-44
0,03480199
0,06926612
0,1381617
0,2068888
0,3795956
0,4831353
0,6900648
0,8271986
0,8271986
0,8965433
0,8965433
0,8965433
0,8620012
0,6545811
0,5856962
0
0
0
0
0
0
0
3,993207E-17
3,993207E-17
0,06906144
0,1729853
0,1729853
0,2419666
0,3111347
0,5520084
0,5520084
0,6900876
0,7246817
0,7591162
0,7591572
0,7582068
0,7236864
0,7237568
0,551028
0,4478379
0,4478379
0,2756541
0,2410594
0,1723857
0,1723857
0,103528
0,103528
0,06896189
0,03450388
1,070388E-37
1,070388E-37
1,070388E-37
1,070388E-37
1,070388E-37
1,070388E-37
1,070388E-37
1,070388E-37
1,070388E-37
1,070388E-37
0
0
0
0
0
0
0
0
0
0
0
0
0
0
0
0
0
1,401298E-45
1,401298E-45
1,401298E-45
1,401298E-45
1,401298E-45
1,401298E-45
1,401298E-45
1,401298E-45
1,401298E-45
1,401298E-45
1,401298E-45
1,401298E-45
1,401298E-45
1,401298E-45
1,401298E-45
1,401298E-45
1,401298E-45
1,401298E-45
1,401298E-45
6,445973E-44
6,445973E-44
6,445973E-44
6,445973E-44
6,445973E-44
0,03480199
0,06926612
0,1381617
0,2757589
0,5174081
0,6207032
0,7931837
0,8965433
0,9311083
0,9311083
0,8963088
0,8617563
0,7927501
0,5857477
0,5168633
0
0
0
0
0
3,993207E-17
3,993207E-17
0,03468272
0,03468272
0,06906144
0,2077869
0,2077869
0,2767688
0,3454818
0,5863568
0,6209094
0,7246419
0,7592358
0,7932476
0,7585711
0,7234878
0,7236864
0,7582166
0,5854852
0,4132177
0,4132177
0,2756541
0,2410594
0,1723857
0,1723857
0,103528
0,103528
0,06896189
0,03450388
1,070388E-37
1,070388E-37
1,070388E-37
1,070388E-37
1,070388E-37
1,070388E-37
1,070388E-37
1,070388E-37
1,070388E-37
1,070388E-37
0
0
0
0
0
0
0
0
0
0
0
0
0
0
1,401298E-45
1,401298E-45
1,401298E-45
1,401298E-45
1,401298E-45
1,401298E-45
1,401298E-45
1,401298E-45
1,401298E-45
1,401298E-45
1,401298E-45
1,401298E-45
1,401298E-45
1,401298E-45
1,401298E-45
1,401298E-45
1,401298E-45
1,401298E-45
1,401298E-45
1,401298E-45
1,401298E-45
1,401298E-45
6,445973E-44
6,445973E-44
6,445973E-44
6,445973E-44
3,993207E-17
0,03480199
0,1037599
0,2070382
0,3446352
0,5174081
0,6207032
0,7931837
0,8965433
0,9655411
0,9655411
0,9307401
0,8961922
0,7926159
0,5856141
0,5512975
0
0
0
0
0
3,993207E-17
3,993207E-17
0,03468272
0,06932331
0,103702
0,2077869
0,2077869
0,3453631
0,4140764
0,5863568
0,6209094
0,7588996
0,7934948
0,8273692
0,7926902
0,6889387
0,68914
0,6893487
0,5511668
0,4132177
0,4132177
0,2756541
0,2410594
0,1376609
0,1376609
0,06896189
0,0344579
0,0344579
1,070388E-37
1,070388E-37
1,070388E-37
1,070388E-37
1,070388E-37
1,070388E-37
0
0
0
0
0
0
0
0
0
0
0
0
0
0
0
0
1,401298E-45
1,401298E-45
1,401298E-45
1,401298E-45
1,401298E-45
1,401298E-45
1,401298E-45
1,401298E-45
1,401298E-45
1,401298E-45
1,401298E-45
1,401298E-45
1,401298E-45
1,401298E-45
1,401298E-45
1,401298E-45
1,401298E-45
1,401298E-45
1,401298E-45
1,401298E-45
1,401298E-45
1,401298E-45
1,401298E-45
1,401298E-45
1,401298E-45
1,401298E-45
1,401298E-45
1,401298E-45
1,401298E-45
3,993207E-17
0,1034829
0,2071603
0,2758903
0,4139956
0,5866712
0,7589471
0,9311649
0,9655411
0,9655411
0,9655411
0,9307401
0,8961922
0,7926159
0,4480075
0,4136899
0
0
0
0
0
3,993207E-17
3,993207E-17
0,03468272
0,06932331
0,103702
0,2077869
0,2422511
0,414145
0,4828579
0,6209234
0,6900724
0,7934948
0,8282186
0,8620952
0,8271953
0,7234435
0,7236423
0,6893487
0,5511668
0,4132177
0,378664
0,2411001
0,2065056
0,1376609
0,1376609
0,06896189
0,0344579
0,0344579
1,070388E-37
1,070388E-37
1,070388E-37
1,070388E-37
1,070388E-37
1,070388E-37
0
0
0
0
0
0
0
0
0
0
0
0
1,401298E-45
1,401298E-45
1,401298E-45
1,401298E-45
1,401298E-45
1,401298E-45
1,401298E-45
1,401298E-45
1,401298E-45
1,401298E-45
1,401298E-45
1,401298E-45
1,401298E-45
1,401298E-45
1,401298E-45
1,401298E-45
1,401298E-45
1,401298E-45
1,401298E-45
1,401298E-45
1,401298E-45
1,401298E-45
1,401298E-45
1,401298E-45
1,401298E-45
1,401298E-45
1,401298E-45
1,401298E-45
1,401298E-45
1,401298E-45
1,401298E-45
1,401298E-45
1,401298E-45
3,993207E-17
0,1378301
0,310378
0,3793804
0,4486155
0,6556079
0,7932642
0,9311649
0,9655411
0,9655411
0,9655411
0,9307401
0,8271072
0,7235315
0,3796296
0,3453116
0
0
0
0
0
3,993207E-17
3,993207E-17
0,06906144
0,103702
0,103702
0,2077869
0,276745
0,4486389
0,5173525
0,6209234
0,6900724
0,7588126
0,7588956
0,7927695
0,7925537
0,7235253
0,6889223
0,6201719
0,5168201
0,3446126
0,3100581
0,2069802
0,1723857
0,103528
0,06902414
0,0344579
1,070388E-37
1,070388E-37
1,070388E-37
1,070388E-37
1,070388E-37
1,070388E-37
1,070388E-37
1,070388E-37
0
0
0
0
0
0
0
0
0
0
0
0
1,401298E-45
1,401298E-45
1,401298E-45
1,401298E-45
1,401298E-45
1,401298E-45
1,401298E-45
1,401298E-45
1,401298E-45
1,401298E-45
1,401298E-45
1,401298E-45
1,401298E-45
1,401298E-45
1,401298E-45
1,401298E-45
1,401298E-45
1,401298E-45
1,401298E-45
1,401298E-45
1,401298E-45
1,401298E-45
1,401298E-45
1,401298E-45
1,401298E-45
1,401298E-45
1,401298E-45
1,401298E-45
1,401298E-45
1,401298E-45
1,401298E-45
0,03480199
0,03480199
0,03480199
0,1378301
0,344972
0,4139749
0,4827352
0,7241057
0,8276436
0,9655411
0,9655411
0,9655411
0,9654528
0,9306508
0,8271822
0,7236067
0,3101002
0,2757828
0
0
0
0
0
3,993207E-17
3,993207E-17
0,06906144
0,1385039
0,1385039
0,2077869
0,276745
0,4830211
0,551735
0,6554688
0,7246152
0,7588126
0,7588956
0,7927695
0,7925537
0,7235253
0,6547052
0,5859536
0,4481075
0,3101181
0,2408394
0,1722554
0,1376609
0,103528
0,06902414
0,0344579
1,070388E-37
1,070388E-37
1,070388E-37
1,070388E-37
1,070388E-37
1,070388E-37
1,070388E-37
1,070388E-37
0
0
0
0
0
0
0
0
0
0
0
0
1,401298E-45
1,401298E-45
1,401298E-45
1,401298E-45
1,401298E-45
1,401298E-45
1,401298E-45
1,401298E-45
1,401298E-45
1,401298E-45
1,401298E-45
1,401298E-45
1,401298E-45
1,401298E-45
1,401298E-45
1,401298E-45
1,401298E-45
1,401298E-45
1,401298E-45
1,401298E-45
1,401298E-45
1,401298E-45
1,401298E-45
1,401298E-45
1,401298E-45
1,401298E-45
1,401298E-45
1,401298E-45
1,401298E-45
1,401298E-45
3,993207E-17
0,03480199
0,03480199
0,03480199
0,1378301
0,344972
0,4485421
0,5862904
0,7930954
0,8620785
0,9655411
1
0,9999996
0,9654528
0,8621702
0,758702
0,620632
0,2412276
0,20691
0
0
0
0
0
3,993207E-17
3,993207E-17
0,06906144
0,1385039
0,1728803
0,2765965
0,3455544
0,5176162
0,586329
0,6900625
0,793474
0,8274106
0,8272738
0,8617305
0,8615803
0,7237725
0,5860049
0,5170037
0,3790764
0,2410594
0,1717808
0,1376609
0,1376609
0,103528
0,03456619
1,070388E-37
1,070388E-37
1,070388E-37
1,070388E-37
1,070388E-37
0
0
0
0
0
0
0
0
0
0
0
0
0
1,401298E-45
1,401298E-45
1,401298E-45
1,401298E-45
1,401298E-45
1,401298E-45
1,401298E-45
1,401298E-45
1,401298E-45
1,401298E-45
1,401298E-45
1,401298E-45
1,401298E-45
1,401298E-45
1,401298E-45
1,401298E-45
1,401298E-45
1,401298E-45
1,401298E-45
1,401298E-45
1,401298E-45
1,401298E-45
1,401298E-45
1,401298E-45
1,401298E-45
1,401298E-45
1,401298E-45
1,401298E-45
1,401298E-45
1,401298E-45
1,401298E-45
1,401298E-45
1,401298E-45
3,993207E-17
0,03480199
0,03480199
0,03480199
0,1378301
0,344972
0,4485421
0,6208531
0,827658
0,9311001
1
1
0,9999996
0,9310862
0,8278044
0,6895782
0,5171922
0,1723561
0,1723561
0
0
0
3,993207E-17
3,993207E-17
3,993207E-17
3,993207E-17
0,06906144
0,1385039
0,1728803
0,3108152
0,3797728
0,5176162
0,6551421
0,7588741
0,8277318
0,8274106
0,8272738
0,8617305
0,8615803
0,7237725
0,5860049
0,5170037
0,3790764
0,2410594
0,1717808
0,1376609
0,1376609
0,103528
0,03456619
1,070388E-37
0
0
0
0
0
0
0
0
0
0
0
0
0
1,401298E-45
1,401298E-45
1,401298E-45
1,401298E-45
1,401298E-45
1,401298E-45
1,401298E-45
1,401298E-45
1,401298E-45
1,401298E-45
1,401298E-45
1,401298E-45
1,401298E-45
1,401298E-45
1,401298E-45
1,401298E-45
1,401298E-45
1,401298E-45
1,401298E-45
1,401298E-45
1,401298E-45
1,401298E-45
1,401298E-45
1,401298E-45
1,401298E-45
1,401298E-45
1,401298E-45
1,401298E-45
1,401298E-45
1,401298E-45
1,401298E-45
1,401298E-45
1,401298E-45
1,401298E-45
1,401298E-45
1,401298E-45
1,401298E-45
3,993207E-17
0,03480199
0,06929596
0,1383813
0,2414097
0,344972
0,4831083
0,6554197
0,827658
0,9311001
1
1
0,9651981
0,8962845
0,7932355
0,5862955
0,4484767
0,1379226
0,1379226
0
0
0
3,993207E-17
3,993207E-17
3,993207E-17
3,993207E-17
0,06906144
0,1385039
0,207344
0,3795966
0,4484565
0,5519813
0,6551421
0,7588741
0,8277318
0,8274106
0,8272738
0,7925527
0,7579666
0,6545374
0,5515714
0,4136067
0,2756794
0,2069398
0,1376609
0,1376609
0,1031569
0,0344579
1,070388E-37
1,070388E-37
0
0
0
0
0
0
0
0
0
0
0
1,401298E-45
1,401298E-45
1,401298E-45
1,401298E-45
1,401298E-45
1,401298E-45
1,401298E-45
1,401298E-45
1,401298E-45
1,401298E-45
1,401298E-45
1,401298E-45
1,401298E-45
1,401298E-45
1,401298E-45
1,401298E-45
1,401298E-45
1,401298E-45
1,401298E-45
1,401298E-45
1,401298E-45
1,401298E-45
1,401298E-45
1,401298E-45
1,401298E-45
1,401298E-45
1,401298E-45
1,401298E-45
1,401298E-45
1,401298E-45
1,401298E-45
1,401298E-45
1,401298E-45
1,401298E-45
1,401298E-45
1,401298E-45
1,401298E-45
1,401298E-45
1,401298E-45
3,993207E-17
0,03480199
0,1379766
0,2759492
0,3102964
0,4134744
0,5172281
0,6554197
0,8965569
1
0,9999996
0,9999996
0,9651981
0,8962845
0,7932355
0,5862955
0,4484767
0,1379226
0,1379226
0
0
0
3,993207E-17
3,993207E-17
3,993207E-17
3,993207E-17
0,06906144
0,1385039
0,2418923
0,4484924
0,5173525
0,586329
0,6897614
0,7934948
0,896857
0,8619143
0,8272738
0,7925527
0,7237482
0,6203194
0,5515714
0,4136067
0,2409546
0,1722147
0,103528
0,06906999
0,03456619
0
0
0
0
0
0
0
0
1,401298E-45
1,401298E-45
1,401298E-45
1,401298E-45
1,401298E-45
1,401298E-45
1,401298E-45
1,401298E-45
1,401298E-45
1,401298E-45
1,401298E-45
1,401298E-45
1,401298E-45
1,401298E-45
1,401298E-45
1,401298E-45
1,401298E-45
1,401298E-45
1,401298E-45
1,401298E-45
1,401298E-45
1,401298E-45
1,401298E-45
1,401298E-45
1,401298E-45
1,401298E-45
1,401298E-45
1,401298E-45
1,401298E-45
1,401298E-45
1,401298E-45
1,401298E-45
1,401298E-45
1,401298E-45
1,401298E-45
1,401298E-45
1,401298E-45
1,401298E-45
1,401298E-45
1,401298E-45
1,401298E-45
1,401298E-45
1,401298E-45
1,401298E-45
1,401298E-45
3,993207E-17
0,03480199
0,1379766
0,2759492
0,3102964
0,4134744
0,5517724
0,6899642
0,8965569
1
0,9999996
0,9654528
0,9306508
0,8962845
0,7932355
0,5862955
0,4484767
0,06890114
0,06890114
0
0
0
3,993207E-17
3,993207E-17
3,993207E-17
3,993207E-17
0,1034375
0,1728803
0,2418923
0,4830865
0,5519465
0,586329
0,6897614
0,8276149
0,9309756
0,8963733
0,8617305
0,7925527
0,6893825
0,5859536
0,5515714
0,4136067
0,2064007
0,1376609
0,103528
0,06906999
0,03456619
0
0
0
0
0
1,401298E-45
1,401298E-45
1,401298E-45
1,401298E-45
1,401298E-45
1,401298E-45
1,401298E-45
1,401298E-45
1,401298E-45
1,401298E-45
1,401298E-45
1,401298E-45
1,401298E-45
1,401298E-45
1,401298E-45
1,401298E-45
1,401298E-45
1,401298E-45
1,401298E-45
1,401298E-45
1,401298E-45
1,401298E-45
1,401298E-45
1,401298E-45
1,401298E-45
1,401298E-45
1,401298E-45
1,401298E-45
1,401298E-45
1,401298E-45
1,401298E-45
1,401298E-45
1,401298E-45
1,401298E-45
1,401298E-45
1,401298E-45
1,401298E-45
1,401298E-45
1,401298E-45
1,401298E-45
1,401298E-45
1,401298E-45
1,401298E-45
1,401298E-45
1,401298E-45
1,401298E-45
1,401298E-45
1,401298E-45
3,993207E-17
0,03480199
0,1724411
0,310413
0,3447606
0,4479085
0,6208275
0,7593123
0,9312829
1
0,9999996
0,9310862
0,7929277
0,7929277
0,6894687
0,517186
0,4139108
0,03421839
0,03421839
0
0
0
3,993207E-17
3,993207E-17
0,1038634
0,1038634
0,1382395
0,1728803
0,2763866
0,5175803
0,5862049
0,6897751
0,7589501
0,8276149
0,9309756
0,9309374
0,8962988
0,7582536
0,6205171
0,55149
0,5171068
0,3104032
0,1376609
0,1376609
0,103528
0,06906999
0,03456619
0
1,401298E-45
1,401298E-45
1,401298E-45
1,401298E-45
1,401298E-45
1,401298E-45
1,401298E-45
1,401298E-45
1,401298E-45
1,401298E-45
1,401298E-45
1,401298E-45
1,401298E-45
1,401298E-45
1,401298E-45
1,401298E-45
1,401298E-45
1,401298E-45
1,401298E-45
1,401298E-45
1,401298E-45
1,401298E-45
1,401298E-45
1,401298E-45
1,401298E-45
1,401298E-45
1,401298E-45
1,401298E-45
1,401298E-45
1,401298E-45
1,401298E-45
1,401298E-45
1,401298E-45
1,401298E-45
1,401298E-45
1,401298E-45
1,401298E-45
1,401298E-45
1,401298E-45
1,401298E-45
1,401298E-45
1,401298E-45
1,401298E-45
1,401298E-45
1,401298E-45
1,401298E-45
1,401298E-45
1,401298E-45
1,401298E-45
1,401298E-45
3,993207E-17
3,993207E-17
3,993207E-17
0,03480199
0,1724411
0,310413
0,3447606
0,4479085
0,6208275
0,7593123
0,9312829
1
0,9999996
0,9310862
0,7929277
0,7244243
0,6209655
0,4478392
0,344564
0,03421839
0,03421839
0
0
0
3,993207E-17
3,993207E-17
0,1385039
0,1385039
0,1728803
0,2074434
0,3453324
0,5519638
0,6205882
0,6897751
0,793676
0,8623381
0,9309756
0,9309374
0,8962988
0,7582536
0,5859225
0,5168934
0,4481652
0,2760556
0,1376609
0,1031569
0,06902414
0,03456619
0,03456619
0
1,401298E-45
1,401298E-45
1,401298E-45
1,401298E-45
1,401298E-45
1,401298E-45
1,401298E-45
1,401298E-45
1,401298E-45
1,401298E-45
1,401298E-45
1,401298E-45
1,401298E-45
1,401298E-45
1,401298E-45
1,401298E-45
1,401298E-45
1,401298E-45
1,401298E-45
1,401298E-45
1,401298E-45
1,401298E-45
1,401298E-45
1,401298E-45
1,401298E-45
1,401298E-45
1,401298E-45
1,401298E-45
1,401298E-45
1,401298E-45
1,401298E-45
1,401298E-45
1,401298E-45
1,401298E-45
1,401298E-45
1,401298E-45
1,401298E-45
1,401298E-45
1,401298E-45
1,401298E-45
1,401298E-45
1,401298E-45
1,401298E-45
1,401298E-45
1,401298E-45
1,401298E-45
1,401298E-45
1,401298E-45
1,401298E-45
1,401298E-45
3,993207E-17
0,03413277
0,03413277
0,06893477
0,1724411
0,3450075
0,4139222
0,5171163
0,7241611
0,8280036
0,9312829
1
0,9999996
0,9310862
0,7929277
0,7244243
0,6209655
0,4478392
0,344564
0,03421839
0,03421839
0
0
0
3,993207E-17
3,993207E-17
0,1385039
0,1385039
0,2762514
0,3451325
0,4830211
0,5519638
0,6205882
0,7242802
0,8623109
0,8965953
0,8965953
0,8965606
0,8273581
0,7236904
0,5513587
0,4480694
0,3793394
0,2760556
0,1376609
0,06869899
0,03456619
0,03456619
0,03456619
1,401298E-45
1,401298E-45
1,401298E-45
1,401298E-45
1,401298E-45
1,401298E-45
1,401298E-45
1,401298E-45
1,401298E-45
1,401298E-45
1,401298E-45
1,401298E-45
1,401298E-45
1,401298E-45
1,401298E-45
1,401298E-45
1,401298E-45
1,401298E-45
1,401298E-45
1,401298E-45
1,401298E-45
1,401298E-45
1,401298E-45
1,401298E-45
1,401298E-45
1,401298E-45
1,401298E-45
1,401298E-45
1,401298E-45
1,401298E-45
1,401298E-45
1,401298E-45
1,401298E-45
1,401298E-45
1,401298E-45
1,401298E-45
1,401298E-45
1,401298E-45
1,401298E-45
1,401298E-45
1,401298E-45
1,401298E-45
1,401298E-45
1,401298E-45
1,401298E-45
1,401298E-45
1,401298E-45
1,401298E-45
1,401298E-45
1,401298E-45
1,401298E-45
3,993207E-17
0,06868086
0,1031848
0,1379867
0,2069447
0,3450075
0,4139222
0,5513347
0,7928372
0,8966806
0,9657425
1
0,9999996
0,9310862
0,7929277
0,7244243
0,586649
0,3447122
0,2757542
0,03421839
0,03421839
0
0
0
3,993207E-17
3,993207E-17
0,1385039
0,1385039
0,3108462
0,3797272
0,5176162
0,5865178
0,6551421
0,8274981
0,9654347
0,8963733
0,8617305
0,8271212
0,7578367
0,6889708
0,5169764
0,3791928
0,275499
0,1722147
0,103528
0,03456619
1,401298E-45
1,401298E-45
1,401298E-45
1,401298E-45
1,401298E-45
1,401298E-45
1,401298E-45
1,401298E-45
1,401298E-45
1,401298E-45
1,401298E-45
1,401298E-45
1,401298E-45
1,401298E-45
1,401298E-45
1,401298E-45
1,401298E-45
1,401298E-45
1,401298E-45
1,401298E-45
1,401298E-45
1,401298E-45
1,401298E-45
1,401298E-45
1,401298E-45
1,401298E-45
1,401298E-45
1,401298E-45
1,401298E-45
1,401298E-45
1,401298E-45
1,401298E-45
1,401298E-45
1,401298E-45
1,401298E-45
1,401298E-45
1,401298E-45
1,401298E-45
1,401298E-45
1,401298E-45
1,401298E-45
1,401298E-45
1,401298E-45
1,401298E-45
1,401298E-45
1,401298E-45
1,401298E-45
1,401298E-45
1,401298E-45
1,401298E-45
1,401298E-45
1,401298E-45
1,401298E-45
1,401298E-45
3,993207E-17
0,1034829
0,1379867
0,1723528
0,2413107
0,3791272
0,4825957
0,5858889
0,8616501
0,9309374
0,9999996
0,9658668
0,9313625
0,8624495
0,7929277
0,689961
0,5175437
0,2756077
0,2411134
6,445973E-44
6,445973E-44
0
0
0
3,993207E-17
3,993207E-17
0,1385039
0,1729681
0,3453099
0,4485388
0,5519638
0,5865178
0,6897614
0,8621184
0,9654347
0,9309374
0,8962988
0,7928037
0,6548681
0,6203194
0,5169764
0,3791928
0,275499
0,103253
0,03456619
0,03456619
1,401298E-45
1,401298E-45
1,401298E-45
1,401298E-45
1,401298E-45
1,401298E-45
1,401298E-45
1,401298E-45
1,401298E-45
1,401298E-45
1,401298E-45
1,401298E-45
1,401298E-45
1,401298E-45
1,401298E-45
1,401298E-45
1,401298E-45
1,401298E-45
1,401298E-45
1,401298E-45
1,401298E-45
1,401298E-45
1,401298E-45
1,401298E-45
1,401298E-45
1,401298E-45
1,401298E-45
1,401298E-45
1,401298E-45
1,401298E-45
1,401298E-45
1,401298E-45
1,401298E-45
1,401298E-45
1,401298E-45
1,401298E-45
1,401298E-45
1,401298E-45
1,401298E-45
1,401298E-45
1,401298E-45
1,401298E-45
0
0
0
1,401298E-45
1,401298E-45
1,401298E-45
1,401298E-45
1,401298E-45
1,401298E-45
1,401298E-45
1,401298E-45
1,401298E-45
3,993207E-17
0,1034829
0,1379867
0,2758024
0,3447606
0,4134744
0,4825957
0,5858889
0,8960276
0,9653165
0,9999996
0,9658668
0,9313625
0,8283298
0,6896461
0,6208004
0,4829499
0,2411495
0,2066555
6,445973E-44
6,445973E-44
0
0
0
3,993207E-17
3,993207E-17
0,1385039
0,1729681
0,3798585
0,4830865
0,5862207
0,6553421
0,7243279
0,8621184
0,9654347
0,9309374
0,8962988
0,7928037
0,6202734
0,5857249
0,5169764
0,3450728
0,2413787
0,103253
0,03456619
0,03456619
1,401298E-45
1,401298E-45
1,401298E-45
1,401298E-45
1,401298E-45
1,401298E-45
1,401298E-45
1,401298E-45
1,401298E-45
1,401298E-45
1,401298E-45
1,401298E-45
1,401298E-45
1,401298E-45
1,401298E-45
1,401298E-45
1,401298E-45
1,401298E-45
1,401298E-45
1,401298E-45
1,401298E-45
1,401298E-45
1,401298E-45
1,401298E-45
1,401298E-45
1,401298E-45
1,401298E-45
1,401298E-45
1,401298E-45
1,401298E-45
1,401298E-45
1,401298E-45
1,401298E-45
1,401298E-45
1,401298E-45
1,401298E-45
1,401298E-45
1,401298E-45
1,401298E-45
1,401298E-45
1,401298E-45
1,401298E-45
0
0
0
1,401298E-45
1,401298E-45
1,401298E-45
1,401298E-45
1,401298E-45
1,401298E-45
1,401298E-45
1,401298E-45
1,401298E-45
3,993207E-17
0,1034829
0,1379867
0,2758024
0,3447606
0,4134744
0,4825957
0,6204516
0,9305919
0,9653165
0,9654528
0,8969553
0,8280663
0,7939458
0,6552633
0,6208004
0,4829499
0,2068911
0,1723973
6,445973E-44
6,445973E-44
0
0
0
3,993207E-17
3,993207E-17
0,2074745
0,276256
0,4141759
0,4830865
0,5862207
0,6894766
0,793187
0,9309756
0,9654347
0,9309374
0,8962988
0,7928037
0,5858087
0,5169135
0,4481652
0,2070073
0,1376609
0,06869899
0,03456619
0,03456619
1,401298E-45
1,401298E-45
1,401298E-45
1,401298E-45
1,401298E-45
1,401298E-45
1,401298E-45
1,401298E-45
1,401298E-45
1,401298E-45
1,401298E-45
1,401298E-45
1,401298E-45
1,401298E-45
1,401298E-45
1,401298E-45
1,401298E-45
1,401298E-45
1,401298E-45
1,401298E-45
1,401298E-45
1,401298E-45
1,401298E-45
1,401298E-45
1,401298E-45
1,401298E-45
1,401298E-45
1,401298E-45
1,401298E-45
1,401298E-45
1,401298E-45
1,401298E-45
1,401298E-45
1,401298E-45
1,401298E-45
1,401298E-45
1,401298E-45
1,401298E-45
1,401298E-45
1,401298E-45
0
0
0
0
0
1,401298E-45
1,401298E-45
1,401298E-45
1,401298E-45
1,401298E-45
1,401298E-45
1,401298E-45
1,401298E-45
0,03413277
0,03413277
0,1724411
0,2069447
0,3447606
0,3447606
0,482127
0,5512477
0,6551769
0,9653165
0,9653165
0,9654528
0,862152
0,7585455
0,7244243
0,6552633
0,6208004
0,4138323
0,1033951
0,06890114
6,445973E-44
6,445973E-44
0
0
0
0,06918053
0,06918053
0,2419082
0,345184
0,4486699
0,5175803
0,6205882
0,7924647
0,8962679
0,9654347
0,9654347
0,9309374
0,8962988
0,7582536
0,5512598
0,448088
0,3446144
0,1722826
0,1376609
0,06869899
1,401298E-45
1,401298E-45
1,401298E-45
1,401298E-45
1,401298E-45
1,401298E-45
1,401298E-45
1,401298E-45
1,401298E-45
1,401298E-45
1,401298E-45
1,401298E-45
1,401298E-45
1,401298E-45
1,401298E-45
1,401298E-45
1,401298E-45
1,401298E-45
1,401298E-45
1,401298E-45
1,401298E-45
1,401298E-45
1,401298E-45
1,401298E-45
1,401298E-45
1,401298E-45
1,401298E-45
1,401298E-45
1,401298E-45
1,401298E-45
1,401298E-45
1,401298E-45
1,401298E-45
1,401298E-45
1,401298E-45
1,401298E-45
1,401298E-45
1,401298E-45
1,401298E-45
1,401298E-45
0
0
0
0
0
0
0
1,401298E-45
1,401298E-45
1,401298E-45
1,401298E-45
1,401298E-45
1,401298E-45
1,401298E-45
3,993207E-17
0,03413277
0,03413277
0,1724411
0,2069447
0,3447606
0,3447606
0,482127
0,6199407
0,7238717
0,9653165
0,9653165
0,9654528
0,862152
0,7585455
0,7244243
0,6209158
0,5517268
0,3791075
0,1033951
0,06890114
0
0
0
0
0
0,06918053
0,06918053
0,2419082
0,345184
0,483052
0,5519638
0,6553116
0,8617331
0,9308118
0,9656214
0,9656214
0,8965606
0,8619222
0,7582536
0,5512598
0,448088
0,3446144
0,1378246
0,1032028
0,06869899
1,401298E-45
1,401298E-45
1,401298E-45
1,401298E-45
1,401298E-45
1,401298E-45
1,401298E-45
1,401298E-45
1,401298E-45
1,401298E-45
1,401298E-45
1,401298E-45
1,401298E-45
1,401298E-45
1,401298E-45
1,401298E-45
1,401298E-45
1,401298E-45
1,401298E-45
1,401298E-45
1,401298E-45
1,401298E-45
1,401298E-45
1,401298E-45
1,401298E-45
1,401298E-45
1,401298E-45
1,401298E-45
1,401298E-45
1,401298E-45
1,401298E-45
1,401298E-45
1,401298E-45
1,401298E-45
1,401298E-45
1,401298E-45
1,401298E-45
1,401298E-45
1,401298E-45
1,401298E-45
0
0
0
0
0
0
0
1,401298E-45
1,401298E-45
1,401298E-45
1,401298E-45
1,401298E-45
1,401298E-45
1,401298E-45
3,993207E-17
0,03413277
0,03413277
0,1724411
0,2415394
0,4134744
0,4134744
0,5513142
0,6891298
0,7930598
0,9653165
0,9653165
0,9654528
0,862152
0,7585455
0,7244243
0,5864827
0,4829175
0,3102977
0,1033951
0,06890114
0
0
0
1,401298E-45
1,401298E-45
0,06918053
0,06918053
0,3111914
0,4144669
0,5176162
0,6210846
0,7590544
0,8963572
0,9654347
0,9656214
0,9656214
0,8622438
0,7930109
0,7236601
0,5168934
0,3796018
0,2759905
0,06918792
0,03456619
0,03456619
1,401298E-45
1,401298E-45
1,401298E-45
1,401298E-45
1,401298E-45
1,401298E-45
1,401298E-45
1,401298E-45
1,401298E-45
1,401298E-45
1,401298E-45
1,401298E-45
1,401298E-45
1,401298E-45
1,401298E-45
1,401298E-45
1,401298E-45
1,401298E-45
1,401298E-45
1,401298E-45
1,401298E-45
1,401298E-45
1,401298E-45
1,401298E-45
1,401298E-45
1,401298E-45
1,401298E-45
1,401298E-45
1,401298E-45
1,401298E-45
1,401298E-45
1,401298E-45
1,401298E-45
1,401298E-45
1,401298E-45
1,401298E-45
1,401298E-45
0
0
0
0
0
0
0
0
0
0
1,401298E-45
1,401298E-45
1,401298E-45
1,401298E-45
1,401298E-45
1,401298E-45
1,401298E-45
3,993207E-17
0,06868086
0,1031848
0,2069447
0,2415394
0,4134744
0,4480419
0,5858822
0,7582082
0,8621362
0,9653165
0,9311854
0,9313192
0,8280296
0,7244243
0,7244243
0,5864827
0,4137294
0,2411099
0,1033951
0,06890114
0
0
0
0
0
0,06918053
0,103498
0,3798563
0,4488145
0,6211928
0,690314
0,79356
0,8963572
0,9654347
0,9656214
0,9308193
0,8274423
0,7237738
0,6548442
0,413293
0,2414565
0,1723308
0,03456619
0,03456619
0,03456619
1,401298E-45
1,401298E-45
1,401298E-45
1,401298E-45
1,401298E-45
1,401298E-45
1,401298E-45
1,401298E-45
1,401298E-45
1,401298E-45
1,401298E-45
1,401298E-45
1,401298E-45
1,401298E-45
1,401298E-45
1,401298E-45
1,401298E-45
1,401298E-45
1,401298E-45
1,401298E-45
1,401298E-45
1,401298E-45
1,401298E-45
1,401298E-45
1,401298E-45
1,401298E-45
1,401298E-45
1,401298E-45
1,401298E-45
1,401298E-45
1,401298E-45
1,401298E-45
1,401298E-45
0
0
0
0
0
0
0
0
0
0
0
0
0
0
1,401298E-45
1,401298E-45
1,401298E-45
1,401298E-45
1,401298E-45
1,401298E-45
1,401298E-45
3,993207E-17
0,06868086
0,1031848
0,2413273
0,2759219
0,4134744
0,4826825
0,6205223
0,8273918
0,8966806
0,9653165
0,9311854
0,9313192
0,8280296
0,6553656
0,6553656
0,5177016
0,379412
0,2411099
0,1033951
0,06890114
0
0
0
1,401298E-45
1,401298E-45
0,06918053
0,103498
0,3798563
0,4488145
0,6554508
0,7932346
0,931302
0,9654347
0,9654347
0,9656214
0,9308193
0,7927248
0,6890557
0,5855561
0,3787263
0,2069024
0,1377768
0,03456619
1,401298E-45
1,401298E-45
1,401298E-45
1,401298E-45
1,401298E-45
1,401298E-45
1,401298E-45
1,401298E-45
1,401298E-45
1,401298E-45
1,401298E-45
1,401298E-45
1,401298E-45
1,401298E-45
1,401298E-45
1,401298E-45
1,401298E-45
1,401298E-45
1,401298E-45
1,401298E-45
1,401298E-45
1,401298E-45
1,401298E-45
1,401298E-45
1,401298E-45
1,401298E-45
1,401298E-45
1,401298E-45
1,401298E-45
1,401298E-45
1,401298E-45
1,401298E-45
0
0
0
0
0
0
0
0
0
0
0
0
0
0
0
0
0
1,401298E-45
1,401298E-45
1,401298E-45
1,401298E-45
1,401298E-45
1,401298E-45
1,401298E-45
3,993207E-17
0,06868086
0,1031848
0,2413273
0,2759219
0,4476929
0,5169004
0,655247
0,8621184
0,8966806
0,9307685
0,8621333
0,8968152
0,7935277
0,6208004
0,6208004
0,5177016
0,3447926
0,20649
0,1033951
0,06890114
0
0
0
1,401298E-45
1,401298E-45
0,1382392
0,1725567
0,448868
0,5179296
0,6900176
0,8273686
0,9999999
0,9999999
0,9999999
0,931304
0,8965015
0,7927248
0,6544906
0,5166464
0,3443786
0,1724447
0,1033189
0,03456619
1,401298E-45
1,401298E-45
1,401298E-45
1,401298E-45
1,401298E-45
1,401298E-45
1,401298E-45
1,401298E-45
1,401298E-45
1,401298E-45
1,401298E-45
1,401298E-45
1,401298E-45
1,401298E-45
1,401298E-45
1,401298E-45
1,401298E-45
1,401298E-45
1,401298E-45
1,401298E-45
1,401298E-45
1,401298E-45
1,401298E-45
1,401298E-45
1,401298E-45
1,401298E-45
1,401298E-45
1,401298E-45
1,401298E-45
1,401298E-45
1,401298E-45
1,401298E-45
0
0
0
0
0
0
0
0
0
0
0
0
0
0
0
0
0
1,401298E-45
1,401298E-45
1,401298E-45
1,401298E-45
1,401298E-45
1,401298E-45
1,401298E-45
0,03446416
0,1031449
0,1376488
0,3098134
0,3444076
0,4476929
0,5514641
0,6898102
0,8966806
0,8966806
0,9307685
0,8621333
0,8624325
0,7591435
0,6208004
0,6208004
0,448516
0,2411495
0,172032
0,1033951
0,06890114
0
0
0
1,401298E-45
0,03431734
0,2760496
0,2760496
0,483372
0,5524326
0,758841
0,8961926
0,9999999
0,9999999
0,9999999
0,931304
0,8965015
0,7927248
0,6197675
0,3789988
0,2069525
0,1033208
0,06869899
0,03456619
1,401298E-45
1,401298E-45
1,401298E-45
1,401298E-45
1,401298E-45
1,401298E-45
1,401298E-45
1,401298E-45
1,401298E-45
1,401298E-45
1,401298E-45
1,401298E-45
1,401298E-45
1,401298E-45
1,401298E-45
1,401298E-45
1,401298E-45
1,401298E-45
1,401298E-45
1,401298E-45
1,401298E-45
1,401298E-45
1,401298E-45
1,401298E-45
1,401298E-45
1,401298E-45
1,401298E-45
1,401298E-45
1,401298E-45
0
0
0
0
0
0
0
0
0
0
0
0
0
0
0
0
1,401298E-45
1,401298E-45
1,401298E-45
1,401298E-45
1,401298E-45
1,401298E-45
1,401298E-45
1,401298E-45
3,993207E-17
0,03413277
0,03413277
0,06859687
0,1031449
0,1376488
0,3098134
0,378975
0,4822602
0,6201581
0,758504
0,8966806
0,8966806
0,9307685
0,8621333
0,8624325
0,7591435
0,6208004
0,5860741
0,4137913
0,2411495
0,172032
0,06917679
0,03468272
0
0
0
0,03480199
0,06911933
0,2760496
0,2760496
0,5521451
0,621206
0,8280167
0,930813
0,9999999
0,9999999
0,9999999
0,827651
0,7928478
0,6891177
0,5507541
0,3445346
0,2069525
0,06918792
0,03456619
0,03456619
1,401298E-45
1,401298E-45
1,401298E-45
1,401298E-45
1,401298E-45
1,401298E-45
1,401298E-45
1,401298E-45
1,401298E-45
1,401298E-45
1,401298E-45
1,401298E-45
1,401298E-45
1,401298E-45
1,401298E-45
1,401298E-45
1,401298E-45
1,401298E-45
1,401298E-45
1,401298E-45
1,401298E-45
1,401298E-45
1,401298E-45
1,401298E-45
1,401298E-45
1,401298E-45
1,401298E-45
1,401298E-45
1,401298E-45
0
0
0
0
0
0
0
0
0
0
0
0
0
0
0
0
1,401298E-45
1,401298E-45
1,401298E-45
1,401298E-45
1,401298E-45
1,401298E-45
1,401298E-45
1,401298E-45
3,993207E-17
0,03413277
0,03413277
0,06859687
0,1031449
0,2069632
0,3791272
0,4481282
0,5166948
0,6891459
0,7930598
0,9310592
0,9310592
0,9307685
0,8621333
0,8624325
0,7591435
0,6208004
0,551698
0,344852
0,206586
0,172032
0,06917679
0,03468272
0
0
0
0,06918053
0,103498
0,3793947
0,4139613
0,690314
0,7589757
0,8966806
0,930813
0,9999999
0,9651981
0,9651981
0,7584141
0,7584141
0,6201171
0,4471292
0,2754767
0,1723984
0,06918792
1,401298E-45
1,401298E-45
1,401298E-45
1,401298E-45
1,401298E-45
1,401298E-45
1,401298E-45
1,401298E-45
1,401298E-45
1,401298E-45
1,401298E-45
1,401298E-45
1,401298E-45
1,401298E-45
1,401298E-45
1,401298E-45
1,401298E-45
1,401298E-45
1,401298E-45
1,401298E-45
1,401298E-45
1,401298E-45
1,401298E-45
1,401298E-45
1,401298E-45
1,401298E-45
1,401298E-45
0
0
0
0
0
0
0
0
0
0
0
0
0
0
0
0
0
0
0
0
1,401298E-45
1,401298E-45
1,401298E-45
1,401298E-45
1,401298E-45
1,401298E-45
1,401298E-45
1,401298E-45
3,993207E-17
0,03413277
0,06868086
0,1031449
0,1031449
0,2069632
0,3791272
0,4481282
0,5166948
0,6891459
0,7930598
0,9310592
0,9310592
0,9307685
0,793648
0,7592273
0,7244243
0,6208004
0,551698
0,3102977
0,1376534
0,1376534
0,06917679
0,03468272
0
0
0
0,103498
0,103498
0,3793947
0,4139613
0,7245722
0,7932346
0,9312475
0,9653806
0,9999999
0,9308806
0,9308806
0,7584141
0,7584141
0,5858985
0,378545
0,1724346
0,1379406
0,06918792
1,401298E-45
1,401298E-45
1,401298E-45
1,401298E-45
1,401298E-45
1,401298E-45
1,401298E-45
1,401298E-45
1,401298E-45
1,401298E-45
1,401298E-45
1,401298E-45
1,401298E-45
1,401298E-45
1,401298E-45
1,401298E-45
1,401298E-45
1,401298E-45
1,401298E-45
1,401298E-45
1,401298E-45
1,401298E-45
1,401298E-45
1,401298E-45
0
0
0
0
0
0
0
0
0
0
0
0
0
0
0
0
0
0
0
0
0
0
0
1,070388E-37
1,070388E-37
1,070388E-37
1,070388E-37
1,070388E-37
1,070388E-37
1,070388E-37
1,070388E-37
0,03446416
0,06859687
0,1031449
0,1376488
0,1376488
0,2411813
0,4476929
0,5166948
0,5166948
0,6891459
0,7930598
0,8969273
0,8969273
0,8966361
0,793648
0,7246605
0,6898589
0,5520489
0,4829476
0,3102977
0,1376534
0,1376534
0,06917679
0,03468272
0
0
0
0,103498
0,103498
0,4833182
0,5178858
0,8275284
0,8961926
0,9653806
0,9653806
0,9656214
0,8965015
0,8965015
0,6893433
0,5860124
0,3450161
0,2068925
0,1032468
0,06875268
1,401298E-45
1,401298E-45
1,401298E-45
1,401298E-45
1,401298E-45
1,401298E-45
1,401298E-45
1,401298E-45
1,401298E-45
1,401298E-45
1,401298E-45
1,401298E-45
1,401298E-45
1,401298E-45
1,401298E-45
1,401298E-45
1,401298E-45
1,401298E-45
1,401298E-45
1,401298E-45
1,401298E-45
1,401298E-45
1,401298E-45
1,401298E-45
1,401298E-45
0
0
0
0
0
0
0
0
0
0
0
0
0
0
0
0
0
0
0
0
0
0
0
1,070388E-37
1,070388E-37
1,070388E-37
1,070388E-37
1,070388E-37
1,070388E-37
1,070388E-37
1,070388E-37
0,03446416
0,06859687
0,1031449
0,1376488
0,2061511
0,309684
0,4476929
0,5166948
0,585986
0,792981
0,8276025
0,9311854
0,9311854
0,8966361
0,759051
0,690065
0,6552633
0,5520489
0,4829476
0,3102977
0,1031593
0,1031593
0,03468272
0,03468272
0
0
0
0,103498
0,1380652
0,5524387
0,5524387
0,8621502
0,930813
0,9999999
0,9656833
0,931304
0,8965015
0,8965015
0,6893433
0,5860124
0,3105221
0,1723984
0,06875268
0,06875268
1,401298E-45
1,401298E-45
1,401298E-45
1,401298E-45
1,401298E-45
1,401298E-45
1,401298E-45
1,401298E-45
1,401298E-45
1,401298E-45
1,401298E-45
1,401298E-45
1,401298E-45
1,401298E-45
1,401298E-45
1,401298E-45
1,401298E-45
1,401298E-45
1,401298E-45
1,401298E-45
1,401298E-45
1,401298E-45
0
0
0
0
0
0
0
0
0
0
0
0
0
0
0
0
0
0
0
0
0
0
0
0
0
0
1,070388E-37
1,070388E-37
1,070388E-37
1,070388E-37
1,070388E-37
1,070388E-37
1,070388E-37
1,070388E-37
0,03446416
0,06859687
0,1031449
0,1376488
0,2061511
0,3442509
0,5166373
0,5510702
0,6203607
0,8274377
0,8620622
0,8966361
0,8966361
0,8622531
0,7246699
0,690065
0,6205389
0,5173241
0,4829476
0,3102977
0,1031593
0,1031593
0,03468272
0,03468272
0
0
0
0,1723076
0,2068748
0,621206
0,6553243
0,9308345
0,9653806
0,9999999
0,9656833
0,931304
0,8965015
0,8965015
0,6200607
0,4822724
0,2415009
0,1038078
0,03461987
0,03461987
1,401298E-45
1,401298E-45
1,401298E-45
1,401298E-45
1,401298E-45
1,401298E-45
1,401298E-45
1,401298E-45
1,401298E-45
1,401298E-45
1,401298E-45
1,401298E-45
1,401298E-45
1,401298E-45
1,401298E-45
1,401298E-45
1,401298E-45
1,401298E-45
1,401298E-45
1,401298E-45
1,401298E-45
1,401298E-45
0
0
0
0
0
0
0
0
0
0
0
0
0
0
0
0
0
0
0
0
0
0
0
0
0
0
1,070388E-37
1,070388E-37
1,070388E-37
1,070388E-37
1,070388E-37
0,0343826
0,0343826
0,0343826
0,06884665
0,1029794
0,1375275
0,1720314
0,2061511
0,3442509
0,5166373
0,585633
0,6549246
0,8274377
0,8620622
0,8966361
0,8621333
0,8277496
0,7246699
0,6556888
0,551815
0,4140334
0,3795758
0,2412737
0,06890114
0,06890114
0,03468272
0,03468272
0
0
0
0,206655
0,2412222
0,621206
0,6898705
0,9653806
0,9653806
0,9999999
0,9656833
0,931304
0,8965015
0,8965015
0,5854208
0,4132657
0,1724946
0,1038078
0,03461987
0,03461987
1,401298E-45
1,401298E-45
1,401298E-45
1,401298E-45
1,401298E-45
1,401298E-45
1,401298E-45
1,401298E-45
1,401298E-45
1,401298E-45
1,401298E-45
1,401298E-45
1,401298E-45
1,401298E-45
1,401298E-45
1,401298E-45
1,401298E-45
1,401298E-45
0
0
0
0
0
0
0
0
0
0
0
0
0
0
0
0
0
0
0
0
0
0,0343826
0,0343826
0,0343826
0,0343826
0,0343826
0,0343826
0,0343826
0,0343826
0,0343826
0,0343826
0,0343826
0,0343826
0,0343826
0,0343826
0,06884665
0,06884665
0,1029794
0,1029794
0,1029794
0,1375275
0,1720314
0,2061511
0,3442509
0,5166373
0,6199512
0,6892408
0,8274377
0,8620622
0,8966361
0,8280125
0,7936314
0,7246699
0,621226
0,5173516
0,3449261
0,3104682
0,2412737
0,06890114
0,06890114
0,03468272
0,03468272
0
0
0
0,2411591
0,2757264
0,793652
0,8623143
0,9653806
0,9653806
0,9999999
0,9656833
0,896929
0,7931254
0,7931254
0,4479898
0,2412813
0,06875268
0,03461987
1,401298E-45
1,401298E-45
1,401298E-45
1,401298E-45
1,401298E-45
1,401298E-45
0,03450388
0,03450388
0,03450388
0,03450388
0,03450388
0,03450388
0,03450388
0,03450388
0,03450388
0,03450388
0,03450388
0,03450388
0,03450388
0,03450388
0,03450388
0,03450388
0,03450388
0,03450388
0,03450388
0,03450388
0,03450388
0,03450388
0,03450388
0,03450388
0,03450388
0,03450388
0,06888651
0,06888651
0,06888651
0,06888651
0,06888651
0,06888651
0,06888651
0,06888651
0,06888651
0,06888651
0,06888651
0,06888651
0,06888651
0,06888651
0,06888651
0,06888651
0,06888651
0,06888651
0,06888651
0,06888651
0,06888651
0,06888651
0,06888651
0,1033506
0,137698
0,2064714
0,1719676
0,1376201
0,1375275
0,241428
0,3099141
0,4134185
0,5166373
0,6545916
0,7238835
0,8274377
0,8620622
0,8966361
0,8280125
0,7590625
0,6901022
0,621226
0,5173516
0,3449261
0,3104682
0,2070553
0,03468272
0,03468272
0,03468272
0,03468272
0
0
0
0,379347
0,379347
0,793652
0,8623143
0,9999999
0,9999999
0,9999999
0,9999999
0,9312456
0,8620103
0,8275508
0,4826026
0,3446997
0,1721712
0,1380384
0,1034185
0,1034185
0,1034185
0,1034185
0,1034185
0,1034185
0,1034185
0,1034185
0,1034185
0,1034185
0,1034185
0,1034185
0,06907102
0,06907102
0,06907102
0,06907102
0,06907102
0,06907102
0,06907102
0,06907102
0,06907102
0,06907102
0,06907102
0,06907102
0,06907102
0,06907102
0,06907102
0,06907102
0,06907102
0,06907102
0,06907102
0,06907102
0,1034536
0,1034536
0,1034536
0,1034536
0,1034536
0,1034536
0,1380942
0,1380942
0,1380942
0,1380942
0,1380942
0,1380942
0,1380942
0,1380942
0,1724417
0,1724417
0,1724417
0,1724417
0,2067589
0,241561
0,241561
0,2067589
0,2067589
0,2412231
0,2412231
0,2753555
0,2753555
0,2753555
0,3099037
0,3792017
0,5166277
0,5513464
0,6205655
0,6893159
0,758504
0,8964402
0,931123
0,9313192
0,8626965
0,7590625
0,6901022
0,5869077
0,4830339
0,2757917
0,2413336
0,1725614
0,03468272
0,03468272
0,03468272
0,03468272
0
0
0
0,4481875
0,4481875
0,8621502
0,930813
0,9999999
0,9999999
0,9999999
0,9999999
0,9312456
0,8620103
0,7585683
0,4826566
0,4137367
0,2412081
0,2070753
0,1724554
0,1724554
0,1724554
0,1724554
0,1724554
0,1724554
0,138138
0,138138
0,138138
0,138138
0,138138
0,138138
0,1037905
0,1037905
0,138173
0,138173
0,138173
0,138173
0,138173
0,1034536
0,1034536
0,1034536
0,1034536
0,1034536
0,1034536
0,1034536
0,1034536
0,1034536
0,1034536
0,1034536
0,1034536
0,1034536
0,1034536
0,1034536
0,1034536
0,1377711
0,1377711
0,1377711
0,1724115
0,1724115
0,1724115
0,1724115
0,1724115
0,1724115
0,1724115
0,2066699
0,2410173
0,2751501
0,2751501
0,2751501
0,2751501
0,3099521
0,3445058
0,309704
0,309704
0,3441677
0,3441677
0,3441677
0,3441677
0,3441677
0,4128361
0,5511707
0,6891591
0,6893343
0,7239997
0,7239997
0,7931865
0,8969904
0,8969904
0,8967512
0,8281273
0,7937465
0,7247851
0,5869077
0,4830339
0,2757917
0,206955
0,1381827
0,03468272
0,03468272
0,03468272
0,03468272
0
0
0
0,5864161
0,6550804
0,9653806
0,9653806
0,9999999
0,9999999
0,9999999
0,9999999
0,9312456
0,8625935
0,7936109
0,5519778
0,4485997
0,3450757
0,3109426
0,2416398
0,2416398
0,2416398
0,2416398
0,2416398
0,2416398
0,2073227
0,2073227
0,2073227
0,2073227
0,2073227
0,2419631
0,2419631
0,2419631
0,2419631
0,2071613
0,2071613
0,2071613
0,2071613
0,1724417
0,1724417
0,1724417
0,1724417
0,1724417
0,1724417
0,1724417
0,1724417
0,1724417
0,2071665
0,2412993
0,2412993
0,2412993
0,2412993
0,2761011
0,3103597
0,3446767
0,3446767
0,3446767
0,3446767
0,3446767
0,3792406
0,3792406
0,3792406
0,3792406
0,3792406
0,3792406
0,3792406
0,3445158
0,3445158
0,3445158
0,3791986
0,3791986
0,413752
0,413752
0,413752
0,4482162
0,4482162
0,4482162
0,4827645
0,4479625
0,4820821
0,6549113
0,7236525
0,7580867
0,7582585
0,7582585
0,8274444
0,8969904
0,8969904
0,8967512
0,7591679
0,6556072
0,5864491
0,4829476
0,4486
0,2757917
0,206955
0,1381827
0,03468272
0,03468272
0,03468272
0,03468272
0
0
0
0,6552597
0,7582419
0,9653806
0,9653806
0,9999999
0,9999999
0,9999999
0,9999999
0,9312456
0,8625935
0,828227
0,6904057
0,5871942
0,5181341
0,5181341
0,4488297
0,4143659
0,4143659
0,379641
0,345087
0,345087
0,345087
0,345087
0,345087
0,345087
0,345087
0,3105389
0,3446712
0,3446712
0,379396
0,379396
0,379396
0,379396
0,379396
0,379396
0,379396
0,4139597
0,4139597
0,4139597
0,4139597
0,4139597
0,4139597
0,4139597
0,4139597
0,4139597
0,4139597
0,4139597
0,4139597
0,4139597
0,4139597
0,4139597
0,4139597
0,4139597
0,4139597
0,4139597
0,4139597
0,4139597
0,4485137
0,4485137
0,4485137
0,4485137
0,4141314
0,4486798
0,4486798
0,4486798
0,4833617
0,4833617
0,4833617
0,5178263
0,5178263
0,5178263
0,5178263
0,5178263
0,5178263
0,5174081
0,5515267
0,6896359
0,758377
0,7928118
0,7928239
0,8273674
0,8619913
0,8969904
0,8284859
0,8282496
0,690065
0,6208873
0,5517284
0,4829476
0,4486
0,2411699
0,1723334
0,103561
0,03468272
0,03468272
0,03468272
0,03468272
0
0
0
0,5864462
0,6896772
0,8967146
0,931033
0,9999999
0,9999999
0,9999999
0,9999999
0,9312456
0,8276735
0,793306
0,7249674
0,6562163
0,5871552
0,5871552
0,5871552
0,5871552
0,5871552
0,5524303
0,5524303
0,5524303
0,5179728
0,4833515
0,4833515
0,4833515
0,4833515
0,4488472
0,4482974
0,4138332
0,4485576
0,4485576
0,4485576
0,4485576
0,4485576
0,4485576
0,4485576
0,4485576
0,4485576
0,4485576
0,4485576
0,4485576
0,4485576
0,4485576
0,4485576
0,4485576
0,4485576
0,4485576
0,4831775
0,4831775
0,4487955
0,4487955
0,4487955
0,4487955
0,4487955
0,483478
0,483478
0,483478
0,483478
0,483478
0,483478
0,483478
0,483478
0,483478
0,483478
0,483478
0,483478
0,483478
0,483478
0,5179419
0,5524862
0,5524862
0,5524862
0,5524862
0,5870816
0,5866616
0,6207822
0,7588004
0,7929016
0,7927905
0,7928035
0,8964453
0,9310677
0,8970606
0,8285581
0,8282496
0,690065
0,6208873
0,5517284
0,4484034
0,4140556
0,2411699
0,1723334
0,103561
0,03468272
0,03468272
0,03468272
0,03468272
0
0
0
0,4134071
0,4820714
0,8278822
0,8278822
0,8622288
0,8622288
0,8622288
0,8622288
0,8278541
0,724478
0,6901113
0,6555468
0,6209251
0,6208144
0,6208144
0,6208144
0,6208144
0,5864358
0,5864358
0,5864358
0,5864358
0,5864358
0,551814
0,551814
0,551814
0,5175955
0,5175955
0,5175955
0,4831313
0,4831313
0,4486735
0,4486735
0,4486735
0,4142911
0,4142911
0,4142911
0,4142911
0,4142911
0,4142911
0,4142911
0,4142911
0,4489106
0,4489106
0,4489106
0,4489106
0,4489106
0,4489106
0,4489106
0,4489106
0,4489106
0,4489106
0,4489106
0,4489106
0,4489106
0,4489106
0,4489106
0,4489106
0,4489106
0,4489106
0,4489106
0,4489106
0,4489106
0,4831292
0,4831292
0,4831292
0,4831292
0,4831292
0,4488122
0,4832761
0,5178208
0,5178208
0,5178208
0,5178208
0,655845
0,689994
0,7241135
0,7589153
0,7930171
0,7927905
0,7928035
0,8964453
0,9310677
0,8970606
0,8285581
0,8282496
0,690065
0,6208873
0,5171655
0,4138396
0,3450342
0,2067118
0,1723334
0,103561
0,03468272
0,03468272
0,03468272
0,03468272
0
0
0
0,3439772
0,4126415
0,6893905
0,6893905
0,7238488
0,7238488
0,7930803
0,8278822
0,7935053
0,6902472
0,6558803
0,6556895
0,6210706
0,6211211
0,6211211
0,6211211
0,6211211
0,6211211
0,6211211
0,6210625
0,6210625
0,6210625
0,6210625
0,5866292
0,5866292
0,6209758
0,6209758
0,6209758
0,6209758
0,6209758
0,6209758
0,5863543
0,5863543
0,5863543
0,5863543
0,5863543
0,5863543
0,5863543
0,5863543
0,5519755
0,5519755
0,5865955
0,6210291
0,5865719
0,5520266
0,5520266
0,5520266
0,5520266
0,5520266
0,5861475
0,5861475
0,5861475
0,5861475
0,5518306
0,5518306
0,5518306
0,5518306
0,5518306
0,5171884
0,5171884
0,4826256
0,4826256
0,4826256
0,5171691
0,5171691
0,4829114
0,5175377
0,4834046
0,4834046
0,5175377
0,552031
0,4831094
0,5177304
0,5178566
0,5868059
0,6553015
0,7244527
0,7933798
0,7931545
0,7584825
0,8621272
0,8621272
0,8278107
0,7593087
0,7935674
0,6553818
0,5175402
0,4482516
0,3448661
0,3104081
0,2067118
0,1723334
0,103561
0,03468272
0,03468272
0,03468272
0,03468272
0
0
0
0,2405167
0,2750613
0,4818276
0,4818276
0,5510316
0,5510316
0,5856533
0,6202071
0,6546705
0,6200774
0,5857108
0,5511444
0,550984
0,5511705
0,5511705
0,5511705
0,5511705
0,5511705
0,5511705
0,5170523
0,5170523
0,5170523
0,5170523
0,5170523
0,5515996
0,5515996
0,5515996
0,5864027
0,6210216
0,6210216
0,6210216
0,5863821
0,6211005
0,6211005
0,6211005
0,6211005
0,6211005
0,6211005
0,5865361
0,5865361
0,5865361
0,5865361
0,5865361
0,6206577
0,6206577
0,6552519
0,6552519
0,6205273
0,6205273
0,5863941
0,5863941
0,5520183
0,5520183
0,5172173
0,4829577
0,4829577
0,4829577
0,4829577
0,4829577
0,4829577
0,5176827
0,5176827
0,5176827
0,5176827
0,5176827
0,5176827
0,4831342
0,4831342
0,5176286
0,5517608
0,5170774
0,5170774
0,5169057
0,585959
0,654892
0,6892669
0,758417
0,7586023
0,7583751
0,8277422
0,8969273
0,8969273
0,8278107
0,6902093
0,7244682
0,6553818
0,5175402
0,4482516
0,3448661
0,3104081
0,2067118
0,1723334
0,103561
0,03468272
0,03468272
0,03468272
0,03468272
0
0
0
0,3096808
0,3096808
0,3442477
0,3442477
0,4131895
0,4131895
0,4131895
0,4131895
0,4131895
0,4474079
0,4130417
0,3438811
0,3783392
0,4476135
0,4476135
0,4476135
0,4476135
0,4821676
0,5168922
0,4827725
0,4827725
0,4827725
0,4827725
0,4827725
0,5173207
0,5173207
0,5173207
0,552123
0,5867168
0,5867168
0,5867168
0,5519922
0,5519922
0,5519922
0,5519922
0,5519922
0,5519922
0,5519922
0,517428
0,517428
0,517428
0,517428
0,517428
0,5515494
0,5515494
0,5515494
0,5515494
0,5515494
0,5515494
0,5174156
0,5174156
0,5174156
0,5174156
0,4826138
0,4826138
0,4826138
0,4826138
0,4826138
0,4826138
0,4826138
0,4826138
0,4826138
0,4480602
0,4480602
0,4480602
0,4480602
0,4135117
0,4135117
0,4480059
0,4821384
0,4474561
0,4474561
0,4818384
0,5508903
0,6198239
0,6198239
0,7236911
0,7586023
0,7583751
0,8277422
0,8969273
0,8969273
0,8278107
0,6902093
0,6900921
0,5865428
0,4830757
0,4137871
0,3104869
0,2414751
0,1377791
0,1377791
0,103561
0,03468272
0,03468272
0,03468272
0,03468272
0
0
0
0,2756808
0,2756808
0,3442477
0,3442477
0,3442477
0,3442477
0,3442477
0,3442477
0,3098815
0,3098815
0,2753875
0,2408212
0,2408212
0,2408212
0,2408212
0,2408212
0,2408212
0,309754
0,309754
0,309754
0,3443753
0,3788333
0,3788333
0,3788333
0,3788333
0,4475161
0,4475161
0,4821989
0,4821989
0,4480658
0,4480658
0,4480658
0,4480658
0,4480658
0,4480658
0,4480658
0,4480658
0,4480658
0,4480658
0,4480658
0,4480658
0,4480658
0,4480658
0,4480658
0,4480658
0,4480658
0,4480658
0,4480658
0,4480658
0,4480658
0,4480658
0,4480658
0,4480658
0,4480658
0,4480658
0,4480658
0,4480658
0,4480658
0,4133834
0,4133834
0,4133834
0,4133834
0,3788292
0,3788292
0,3446108
0,3446108
0,3446108
0,3446108
0,3791049
0,4132378
0,4132378
0,4477855
0,4821682
0,4821274
0,55106
0,5856246
0,6894934
0,7244799
0,7933405
0,8627083
0,8627083
0,828424
0,7593087
0,655843
0,6557258
0,5518179
0,4483509
0,3793539
0,2760535
0,2070417
0,1377791
0,1377791
0,103561
0,03468272
0,03468272
0,03468272
0,03468272
0
0
0
0,2415611
0,2756808
0,2756808
0,2756808
0,2756808
0,2756808
0,2756808
0,2756808
0,2756808
0,2756808
0,2756808
0,2756808
0,2413148
0,2413148
0,2413148
0,1723725
0,1378786
0,1722547
0,1722547
0,1722547
0,2068764
0,2413099
0,2413099
0,2413099
0,2413099
0,2757746
0,2757746
0,2757746
0,2757746
0,2757746
0,3102324
0,3102324
0,3102324
0,3102324
0,3102324
0,3102324
0,3102324
0,3446108
0,3446108
0,3446108
0,3446108
0,3446108
0,3446108
0,3446108
0,3446108
0,3446108
0,3446108
0,3101772
0,3101772
0,3101772
0,3101772
0,3101772
0,2755575
0,2755575
0,2755575
0,2755575
0,2755575
0,2755575
0,2755575
0,2755575
0,2755575
0,2755575
0,3444169
0,3789833
0,3789833
0,3444169
0,3444169
0,3444169
0,3444169
0,3785495
0,4131157
0,4132855
0,413302
0,4132618
0,4821949
0,5167583
0,6550605
0,6898599
0,7587223
0,8280877
0,8280877
0,7938039
0,7246892
0,6212247
0,6557258
0,4828206
0,3793539
0,3793539
0,2760535
0,2070417
0,103561
0,103561
0,103561
0,03468272
0,03468272
0,03468272
0,03468272
0
0
0
0,1726407
0,2071849
0,2415611
0,2415611
0,2415611
0,2415611
0,2415611
0,2756808
0,2413047
0,2413047
0,2413047
0,2413047
0,2413047
0,2413047
0,2413047
0,2413047
0,2068108
0,1722665
0,1722665
0,1722665
0,1722665
0,1722665
0,1722665
0,1722665
0,1722665
0,1722665
0,1722665
0,1722665
0,1722665
0,2068882
0,2068882
0,2068882
0,2068882
0,2068882
0,2068882
0,2068882
0,2068882
0,2412668
0,2412668
0,2412668
0,2412668
0,2412668
0,2758111
0,3102693
0,3102693
0,2756488
0,2756488
0,2756488
0,2756488
0,2756488
0,2756488
0,3100255
0,3100255
0,2759054
0,2759054
0,2759054
0,2759054
0,2759054
0,2759054
0,2759054
0,2759054
0,2759054
0,3103991
0,3103991
0,3103991
0,3103991
0,3103991
0,275855
0,275855
0,3099881
0,3099881
0,3101575
0,379107
0,4821949
0,4821949
0,5167583
0,6550605
0,6898038
0,7586662
0,7589183
0,7589183
0,759256
0,7246892
0,6212247
0,6557258
0,4828206
0,3794928
0,3794928
0,2760535
0,2070417
0,103561
0,103561
0,103561
0,03468272
0,03468272
0,03468272
0,03468272
0
0
0
0,1034262
0,1034262
0,2070168
0,2070168
0,2070168
0,2070168
0,2070168
0,2411365
0,2067606
0,2067606
0,2067606
0,2067606
0,2067606
0,2067606
0,2067606
0,2067606
0,2067606
0,2067606
0,2067606
0,2067606
0,2067606
0,2067606
0,2067606
0,2067606
0,2067606
0,2067606
0,2067606
0,2067606
0,2067606
0,2067606
0,1721404
0,1721404
0,1721404
0,1721404
0,1721404
0,1721404
0,1721404
0,1721404
0,1721404
0,1721404
0,1721404
0,1721404
0,1721404
0,2065985
0,2065985
0,2065985
0,2065985
0,1720039
0,1720039
0,1720039
0,1720039
0,2063799
0,2063799
0,17226
0,17226
0,17226
0,17226
0,17226
0,17226
0,17226
0,17226
0,17226
0,17226
0,17226
0,17226
0,17226
0,17226
0,206393
0,206393
0,206393
0,206393
0,2755358
0,3444861
0,4475732
0,4819209
0,516484
0,6547568
0,7241212
0,7586662
0,7589183
0,6897571
0,6900935
0,6900935
0,6212247
0,6557258
0,4828206
0,3794928
0,344852
0,2414129
0,1724012
0,103561
0,103561
0,103561
0,03468272
0,03468272
0,03468272
0,03468272
0
0
0
0,1034262
0,1034262
0,138046
0,138046
0,138046
0,138046
0,138046
0,138046
0,138046
0,1726407
0,1726407
0,1726407
0,1726407
0,1726407
0,1726407
0,1726407
0,1726407
0,2067606
0,2067606
0,2067606
0,2067606
0,2067606
0,2067606
0,2067606
0,2067606
0,2067606
0,2067606
0,2067606
0,2067606
0,2067606
0,1721404
0,1721404
0,1721404
0,137546
0,137546
0,137546
0,137546
0,137546
0,137546
0,137546
0,137546
0,137546
0,137546
0,137546
0,137546
0,137546
0,137546
0,1034262
0,1034262
0,1034262
0,1034262
0,1034262
0,1034262
0,1034262
0,1034262
0,1034262
0,1034262
0,1034262
0,1034262
0,1034262
0,1034262
0,1034262
0,1034262
0,1034262
0,1034262
0,1034262
0,1034262
0,1375589
0,1375589
0,1375589
0,1375589
0,2408215
0,3097706
0,4131154
0,4474629
0,4820263
0,6202992
0,6896644
0,7586662
0,7589183
0,6897571
0,6900935
0,6900935
0,6212247
0,6213789
0,4484728
0,3794928
0,344852
0,2414129
0,1724012
0,103561
0,103561
0,103561
0,03468272
0,03468272
0
0
0
0
0
0,03449399
0,03449399
0,1034262
0,1034262
0,1034262
0,1034262
0,1034262
0,1034262
0,1034262
0,1380207
0,1380207
0,1380207
0,1380207
0,1380207
0,1380207
0,1380207
0,1380207
0,1380207
0,1380207
0,1380207
0,1380207
0,1380207
0,1380207
0,1380207
0,1380207
0,1380207
0,1380207
0,1380207
0,1380207
0,1380207
0,1380207
0,1380207
0,1380207
0,1034262
0,1034262
0,1034262
0,1034262
0,1034262
0,1034262
0,1034262
0,1034262
0,1034262
0,1034262
0,1034262
0,1034262
0,1034262
0,1034262
0,1034262
0,1034262
0,1034262
0,1034262
0,1034262
0,1034262
0,1034262
0,1034262
0,1034262
0,1034262
0,1034262
0,1034262
0,1034262
0,1034262
0,1034262
0,1034262
0,1034262
0,1034262
0,1034262
0,1034262
0,1375589
0,1375589
0,1375589
0,1719414
0,3097077
0,3442751
0,4131154
0,4474629
0,4820263
0,6202992
0,6899093
0,7589122
0,7247972
0,6556368
0,6900935
0,655717
0,5868476
0,6213789
0,4484728
0,3104682
0,2758277
0,206955
0,1724012
0,103561
0,103561
0,103561
0,03468272
0,03468272
0
0
0
0
0
0,03449399
0,03449399
0,03449399
0,03449399
0,03449399
0,03449399
0,03449399
0,03449399
0,03449399
0,03449399
0,03449399
0,03449399
0,06885988
0,06885988
0,06885988
0,1034262
0,1034262
0,1034262
0,1034262
0,1034262
0,1034262
0,1034262
0,1034262
0,1034262
0,1034262
0,1034262
0,1034262
0,1034262
0,1034262
0,1034262
0,1034262
0,1034262
0,1034262
0,1034262
0,1034262
0,1034262
0,1034262
0,1034262
0,1034262
0,1034262
0,1034262
0,1034262
0,1034262
0,1034262
0,1034262
0,1034262
0,1034262
0,1034262
0,1034262
0,1034262
0,1034262
0,1034262
0,1034262
0,1034262
0,1034262
0,1034262
0,1034262
0,1034262
0,1034262
0,1034262
0,1034262
0,1034262
0,1034262
0,1034262
0,1034262
0,1034262
0,06906019
0,1031929
0,06862681
0,06862681
0,1030094
0,2407757
0,3442723
0,3786188
0,4129658
0,4129658
0,6202767
0,7244557
0,7589122
0,7247972
0,6556368
0,6900935
0,6903389
0,6214681
0,5870618
0,4141555
0,2760896
0,2414488
0,206955
0,1724012
0,103561
0,103561
0,103561
0,03468272
0,03468272
0
0
0
0
0
0,03449399
0,03449399
0,03449399
0,03449399
0,03449399
0,03449399
0,03449399
0,03449399
0,03449399
0,03449399
6,445973E-44
6,445973E-44
0,03436593
0,06885988
0,06885988
0,1034262
0,1034262
0,1034262
0,1034262
0,1034262
0,1034262
0,1034262
0,1034262
0,1034262
0,1034262
0,1034262
0,1034262
0,1034262
0,1034262
0,1034262
0,1034262
0,1034262
0,1034262
0,1034262
0,1034262
0,1034262
0,1034262
0,1034262
0,1034262
0,1034262
0,1034262
0,1034262
0,1034262
0,1034262
0,1034262
0,1034262
0,1034262
0,1034262
0,1034262
0,1034262
0,1034262
0,1034262
0,1034262
0,1034262
0,1034262
0,1034262
0,1034262
0,1034262
0,1034262
0,1034262
0,1034262
0,1034262
0,1034262
0,1034262
0,1034262
0,1034262
0,06906019
0,1031929
0,06868086
0,06868086
0,1030635
0,2062819
0,3097785
0,3786188
0,4476852
0,4476852
0,6202767
0,7244557
0,7589122
0,6904157
0,5867491
0,6555914
0,6212714
0,5869046
0,5524984
0,4141555
0,2760896
0,2414488
0,206955
0,1724012
0,103561
0,06894103
0,06894103
0,03468272
0,03468272
0
0
0
0
0
0
0
6,445973E-44
6,445973E-44
6,445973E-44
6,445973E-44
6,445973E-44
6,445973E-44
6,445973E-44
6,445973E-44
6,445973E-44
6,445973E-44
6,445973E-44
6,445973E-44
6,445973E-44
6,445973E-44
6,445973E-44
6,445973E-44
6,445973E-44
6,445973E-44
6,445973E-44
1,070388E-37
1,070388E-37
1,070388E-37
1,070388E-37
1,070388E-37
1,070388E-37
1,070388E-37
1,070388E-37
1,070388E-37
6,445973E-44
6,445973E-44
6,445973E-44
6,445973E-44
6,445973E-44
6,445973E-44
6,445973E-44
0
0
0
0
0
0
0
0
0
0
0
0
0
0
0
0
0
0
0
0
0
1,401298E-45
1,401298E-45
1,401298E-45
1,401298E-45
1,401298E-45
1,401298E-45
1,401298E-45
1,401298E-45
3,993207E-17
0,03413277
0,1032755
0,1032755
0,1376581
0,2062819
0,3097785
0,4130519
0,5516456
0,5516456
0,6550021
0,7244557
0,7589122
0,6904157
0,5867491
0,6555914
0,6212714
0,5869046
0,5179536
0,3796118
0,2760896
0,2414488
0,206955
0,1724012
0,103561
0,06894103
0,06894103
0,03468272
0,03468272
0
0
0
0
0
0
0
6,445973E-44
6,445973E-44
6,445973E-44
6,445973E-44
6,445973E-44
6,445973E-44
6,445973E-44
6,445973E-44
6,445973E-44
6,445973E-44
6,445973E-44
6,445973E-44
6,445973E-44
6,445973E-44
6,445973E-44
6,445973E-44
6,445973E-44
6,445973E-44
6,445973E-44
1,070388E-37
1,070388E-37
1,070388E-37
1,070388E-37
1,070388E-37
1,070388E-37
1,070388E-37
1,070388E-37
1,070388E-37
0
0
0
0
0
0
0
0
0
0
0
0
0
0
0
0
0
0
0
0
0
0
0
0
0
0
0
0
1,401298E-45
1,401298E-45
1,401298E-45
1,401298E-45
1,401298E-45
1,401298E-45
3,993207E-17
3,993207E-17
3,993207E-17
0,03413277
0,1032755
0,1032755
0,1376581
0,2062819
0,3097785
0,4130519
0,5862127
0,5862127
0,6895691
0,6899063
0,7243643
0,6904157
0,5867491
0,6212247
0,5869046
0,55247
0,4835199
0,3796118
0,2760896
0,2414488
0,206955
0,1724012
0,103561
0,06894103
0,06894103
0,03468272
0,03468272
0
0
0
0
0
0
0
0
0
0
0
0
0
0
0
0
0
0
0
0
0
0
0
0
0
0
0
0
0
0
0
0
0
0
0
0
0
0
0
0
0
0
0
0
0
0
0
0
0
0
0
0
0
0
0
0
0
0
0
0
0
0
0
1,401298E-45
1,401298E-45
1,401298E-45
1,401298E-45
1,401298E-45
1,401298E-45
3,993207E-17
3,993207E-17
3,993207E-17
0,03413277
0,1032755
0,1373953
0,2409087
0,3097883
0,3441546
0,4130519
0,5862127
0,6205913
0,7239472
0,6899063
0,7243643
0,6904157
0,5867491
0,6212247
0,5869046
0,4830263
0,3792736
0,3448094
0,2760896
0,2414488
0,206955
0,1724012
0,103561
0,06894103
0,06894103
0,03468272
0,03468272
0
0
0
0
0
0
0
0
0
0
0
0
0
0
0
0
0
0
0
0
0
0
0
0
0
0
0
0
0
0
0
0
0
0
0
0
0
0
0
0
0
0
0
0
0
0
0
0
0
0
0
0
0
0
0
0
0
0
0
0
0
0
0
1,401298E-45
1,401298E-45
1,401298E-45
1,401298E-45
1,401298E-45
1,401298E-45
0,03413277
0,03413277
0,03413277
0,03413277
0,1376581
0,171778
0,2409087
0,3097883
0,3441546
0,4130519
0,5862127
0,6550482
0,7584052
0,7243643
0,6897693
0,65582
0,5521862
0,5866614
0,5869046
0,4830263
0,344895
0,3104312
0,2760896
0,2414488
0,206955
0,1724012
0,103561
0,06894103
0,06894103
0,03468272
0,03468272
0
0
0
0
0
0
0
0
0
0
0
0
0
0
0
0
0
0
0
0
0
0
0
0
0
0
0
0
0
0
0
0
0
0
0
0
0
0
0
0
0
0
0
0
0
0
0
0
0
0
0
0
0
0
0
0
0
0
0
0
0
0
0
1,401298E-45
1,401298E-45
1,401298E-45
1,401298E-45
1,401298E-45
1,401298E-45
0,03413277
0,03413277
0,03413277
0,03413277
0,1376581
0,171778
0,2409087
0,3441361
0,378502
0,4473997
0,5862127
0,7239119
0,7584052
0,6902444
0,6210821
0,5868771
0,51781
0,5522857
0,5869046
0,4484606
0,3103286
0,2758646
0,2760896
0,2414488
0,206955
0,1724012
0,103561
0,06894103
0,06894103
0,03468272
0,03468272
0
0
0
0
0
0
0
0
0
0
0
0
0
0
0
0
0
0
0
0
0
0
0
0
0
0
0
0
0
0
0
0
0
0
0
0
0
0
0
0
0
0
0
0
0
0
0
0
0
0
0
0
0
0
0
0
0
0
0
0
0
0
0
1,401298E-45
1,401298E-45
1,401298E-45
1,401298E-45
1,401298E-45
1,401298E-45
0,03413277
0,03413277
0,03413277
0,03413277
0,172162
0,2062819
0,2754124
0,3441361
0,378502
0,4473997
0,5862127
0,7239119
0,7584052
0,6558605
0,5866991
0,5868771
0,51781
0,5179369
0,5180128
0,3795684
0,3103286
0,2758646
0,2760896
0,2414488
0,206955
0,1724012
0,103561
0,06894103
0,06894103
0,03468272
0,03468272
0
0
0
0
0
0
0
0
0
0
0
0
0
0
0
0
0
0
0
0
0
0
0
0
0
0
0
0
0
0
0
0
0
0
0
0
0
0
0
0
0
0
0
0
0
0
0
0
0
0
0
0
0
0
0
0
0
0
0
0
0
0
0
1,401298E-45
1,401298E-45
1,401298E-45
1,401298E-45
1,401298E-45
1,401298E-45
0,03413277
0,03413277
0,06868086
0,06868086
0,172162
0,2062819
0,2754124
0,3441361
0,378502
0,4473997
0,5520798
0,6897768
0,7242711
0,6558605
0,5866991
0,5868771
0,51781
0,5179369
0,5180128
0,3795684
0,2758709
0,2414066
0,2760896
0,2414488
0,206955
0,1724012
0,103561
0,06894103
0,06894103
0,03468272
0,03468272
0
0
0
0
0
0
0
0
0
0
0
0
0
0
0
0
0
0
0
0
0
0
0
0
0
0
0
0
0
0
0
0
0
0
0
0
0
0
0
0
0
0
0
0
0
0
0
0
0
0
0
0
0
0
0
0
0
0
0
0
0
0
0
1,401298E-45
1,401298E-45
1,401298E-45
3,993207E-17
3,993207E-17
3,993207E-17
0,03413277
0,03413277
0,06868086
0,06868086
0,2067254
0,2408452
0,2754124
0,3785695
0,4129356
0,4473997
0,5520798
0,6897768
0,7242711
0,6904157
0,6209678
0,5865926
0,5520275
0,5179369
0,4836955
0,3452514
0,2758709
0,2414066
0,2760896
0,2414488
0,206955
0,1724012
0,103561
0,06894103
0,06894103
0,03468272
0,03468272
0
0
0
0
0
0
0
0
0
0
0
0
0
0
0
0
0
0
0
0
0
0
0
0
0
0
0
0
0
0
0
0
0
0
0
0
0
0
0
0
0
0
0
0
0
0
0
0
0
0
0
0
0
0
0
0
0
0
0
0
0
0
0
1,401298E-45
1,401298E-45
1,401298E-45
3,993207E-17
3,993207E-17
3,993207E-17
0,03413277
0,03413277
0,06868086
0,06868086
0,2412926
0,2754124
0,3097785
0,4129356
0,4475015
0,481966
0,5520798
0,6898694
0,7243643
0,6558512
0,586405
0,5520275
0,5175958
0,4835034
0,4835199
0,3795095
0,2758709
0,2414066
0,2760896
0,2414488
0,1727365
0,1381827
0,103561
0,06894103
0,06894103
0,03468272
0,03468272
0
0
0
0
0
0
0
0
0
0
0
0
0
0
0
0
0
0
0
0
0
0
0
0
0
0
0
0
0
0
0
0
0
0
0
0
0
0
0
0
0
0
0
0
0
0
0
0
0
0
0
0
0
0
0
0
0
0
0
0
0
0
0
1,401298E-45
1,401298E-45
1,401298E-45
3,993207E-17
3,993207E-17
3,993207E-17
0,03413277
0,06851537
0,1030635
0,1371833
0,2754124
0,2754124
0,3097785
0,4129356
0,4475015
0,5508888
0,6210023
0,6898694
0,7243643
0,6558512
0,586405
0,5520275
0,5175958
0,4489371
0,4489542
0,3795095
0,2758709
0,2414066
0,2760896
0,2068951
0,1381827
0,1381827
0,103561
0,06894103
0,06894103
0,03468272
0,03468272
0
0
0
0
0
0
0
0
0
0
0
0
0
0
0
0
0
0
0
0
0
0
0
0
0
0
0
0
0
0
0
0
0
0
0
0
0
0
0
0
0
0
0
0
0
0
0
0
0
0
0
0
0
0
0
0
0
0
0
0
0
0
0
1,401298E-45
1,401298E-45
1,401298E-45
3,993207E-17
3,993207E-17
3,993207E-17
0,03413277
0,06851537
0,1030635
0,1371833
0,3097883
0,3097883
0,3441546
0,4477377
0,4823038
0,5856906
0,5866195
0,655488
0,6554151
0,6212848
0,586405
0,5522857
0,483307
0,4143932
0,414575
0,3451307
0,2758709
0,2067662
0,2414488
0,2068951
0,1381827
0,1381827
0,103561
0,03468272
0,03468272
0,03468272
0,03468272
0
0
0
0
0
0
0
0
0
0
0
0
0
0
0
0
0
0
0
0
0
0
0
0
0
0
0
0
0
0
0
0
0
0
0
0
0
0
0
0
0
0
0
0
0
0
0
0
0
0
0
0
0
0
0
0
0
0
0
0
0
0
0
1,401298E-45
1,401298E-45
1,401298E-45
3,993207E-17
3,993207E-17
3,993207E-17
0,03413277
0,06851537
0,1376581
0,171778
0,3097883
0,3097883
0,3441546
0,4477377
0,517029
0,6204153
0,5866195
0,655488
0,6554151
0,6212848
0,586405
0,5522857
0,483307
0,4143932
0,414575
0,3798136
0,3105535
0,2414488
0,2414488
0,2068951
0,103561
0,103561
0,103561
0,03468272
0,03468272
0,03468272
0,03468272
0
0
0
0
0
0
0
0
0
0
0
0
0
0
0
0
0
0
0
0
0
0
0
0
0
0
0
0
0
0
0
0
0
0
0
0
0
0
0
0
0
0
0
0
0
0
0
0
0
0
0
0
0
0
0
0
0
0
0
0
0
0
0
1,401298E-45
1,401298E-45
1,401298E-45
3,993207E-17
0,03413277
0,03413277
0,03413277
0,1030788
0,2067254
0,2408452
0,3441361
0,3441361
0,378502
0,4477377
0,517029
0,654873
0,6210766
0,6213677
0,5866991
0,5866898
0,586405
0,5522857
0,483307
0,4143932
0,414575
0,3798136
0,3105535
0,2414488
0,2414488
0,2068951
0,103561
0,103561
0,103561
0,03468272
0,03468272
1,401298E-45
1,401298E-45
0
0
0
0
0
0
0
0
0
0
0
0
0
0
0
0
0
0
0
0
0
0
0
0
0
0
0
0
0
0
0
0
0
0
0
0
0
0
0
0
0
0
0
0
0
0
0
0
0
0
0
0
0
0
0
0
0
0
0
1,401298E-45
1,401298E-45
1,401298E-45
1,401298E-45
1,401298E-45
1,401298E-45
1,401298E-45
3,993207E-17
0,03413277
0,03413277
0,06868086
0,1376272
0,2067254
0,2408452
0,3441361
0,3441361
0,378502
0,4821161
0,5514073
0,654873
0,6210766
0,5868049
0,5521363
0,5523149
0,5520275
0,5179369
0,4489594
0,3448658
0,3450482
0,3450118
0,3105535
0,2414488
0,2414488
0,2068951
0,103561
0,103561
0,103561
0,03468272
0,03468272
1,401298E-45
0
0
0
0
0
0
0
0
0
0
0
0
0
0
0
0
0
0
0
0
0
0
0
0
0
0
0
0
0
0
0
0
0
0
0
0
0
0
0
0
0
0
0
0
0
0
0
0
0
0
0
0
0
0
0
0
0
0
0
0
1,401298E-45
1,401298E-45
1,401298E-45
1,401298E-45
1,401298E-45
1,401298E-45
1,401298E-45
3,993207E-17
0,03413277
0,03413277
0,06868086
0,1376272
0,2412926
0,2754124
0,3785695
0,3785695
0,4475015
0,5512263
0,5518183
0,6205097
0,6208475
0,5868049
0,5521363
0,5523149
0,5520275
0,5179369
0,4835791
0,3794861
0,3450482
0,3450118
0,3105535
0,2414488
0,2414488
0,2068951
0,103561
0,103561
0,103561
0,03468272
0,03468272
1,401298E-45
0
0
0
0
0
0
0
0
0
0
0
0
0
0
0
0
0
0
0
0
0
0
0
0
0
0
0
0
0
0
0
0
0
0
0
0
0
0
0
0
0
0
0
0
0
0
0
0
0
0
0
0
0
0
0
0
0
0
0
0
1,401298E-45
1,401298E-45
1,401298E-45
1,401298E-45
1,401298E-45
1,401298E-45
1,401298E-45
3,993207E-17
0,03413277
0,06869626
0,1032444
0,1376272
0,2412926
0,2754124
0,3785695
0,3785695
0,4475015
0,5512263
0,5518183
0,6205097
0,5862802
0,5522373
0,5176335
0,51781
0,5175958
0,4491248
0,4148828
0,31079
0,3105904
0,3105535
0,3105535
0,2414488
0,2414488
0,2068951
0,103561
0,103561
0,103561
0,03468272
0,03468272
1,401298E-45
0
0
0
0
0
0
0
0
0
0
0
0
0
0
0
0
0
0
0
0
0
0
0
0
0
0
0
0
0
0
0
0
0
0
0
0
0
0
0
0
0
0
0
0
0
0
0
0
0
0
0
0
0
0
0
0
0
0
0
0
1,401298E-45
1,401298E-45
1,401298E-45
1,401298E-45
1,401298E-45
1,401298E-45
1,401298E-45
3,993207E-17
0,03413277
0,1030788
0,1376272
0,1376272
0,2412926
0,2754124
0,4129356
0,4129356
0,481966
0,5856906
0,5517191
0,5859468
0,5517162
0,5522373
0,5518516
0,5520275
0,5175958
0,4491248
0,4148828
0,31079
0,3105904
0,3105535
0,3105535
0,2414488
0,2414488
0,2068951
0,103561
0,103561
0,103561
0,03468272
0,03468272
1,401298E-45
0
0
0
0
0
0
0
0
0
0
0
0
0
0
0
0
0
0
0
0
0
0
0
0
0
0
0
0
0
0
0
0
0
0
0
0
0
0
0
0
0
0
0
0
0
0
0
0
0
0
0
0
0
0
0
0
0
0
0
0
1,401298E-45
1,401298E-45
1,401298E-45
1,401298E-45
1,401298E-45
1,401298E-45
1,401298E-45
3,993207E-17
0,03413277
0,1030788
0,1376272
0,1717469
0,3097596
0,3097596
0,4129356
0,4129356
0,481966
0,5856906
0,5517191
0,5859468
0,5517162
0,5522373
0,5518516
0,5520275
0,4830512
0,380014
0,414575
0,3450482
0,3105904
0,3105535
0,3105535
0,2072305
0,2072305
0,1726767
0,103561
0,06894103
0,06894103
0,03468272
0,03468272
1,401298E-45
0
0
0
0
0
0
0
0
0
0
0
0
0
0
0
0
0
0
0
0
0
0
0
0
0
0
0
0
0
0
0
0
0
0
0
0
0
0
0
0
0
0
0
0
0
0
0
0
0
0
0
0
0
0
0
0
1,401298E-45
1,401298E-45
1,401298E-45
1,401298E-45
1,401298E-45
1,401298E-45
1,401298E-45
1,401298E-45
1,401298E-45
3,993207E-17
3,993207E-17
3,993207E-17
0,03413277
0,1030788
0,206698
0,2408175
0,3097596
0,3097596
0,4129356
0,4129356
0,481966
0,5856906
0,5173361
0,551565
0,5517162
0,5522373
0,5518516
0,5176625
0,4486852
0,380014
0,414575
0,3450482
0,3105904
0,3105535
0,3105535
0,2072305
0,2072305
0,1726767
0,103561
0,06894103
0,06894103
0,03468272
0,03468272
1,401298E-45
0
0
0
0
0
0
0
0
0
0
0
0
0
0
0
0
0
0
0
0
0
0
0
0
0
0
0
0
0
0
0
0
0
0
0
0
0
0
0
0
0
0
0
0
0
0
0
0
0
0
0
0
0
0
0
0
1,401298E-45
1,401298E-45
1,401298E-45
1,401298E-45
1,401298E-45
1,401298E-45
1,401298E-45
1,401298E-45
1,401298E-45
3,993207E-17
3,993207E-17
3,993207E-17
0,06868086
0,1376272
0,2412926
0,2754124
0,3441361
0,3441361
0,4477377
0,4477377
0,5167668
0,5856906
0,5173361
0,551565
0,5517162
0,5522373
0,5175036
0,4833156
0,4143375
0,380014
0,414575
0,3450482
0,2761262
0,2760896
0,2760896
0,2072305
0,2072305
0,1726767
0,103561
0,06894103
0,06894103
0,03468272
0,03468272
1,401298E-45
0
0
0
0
0
0
0
0
0
0
0
0
0
0
0
0
0
0
0
0
0
0
0
0
0
0
0
0
0
0
0
0
0
0
0
0
0
0
0
0
0
0
0
0
0
0
0
0
0
0
0
0
0
0
0
0
1,401298E-45
1,401298E-45
1,401298E-45
1,401298E-45
1,401298E-45
1,401298E-45
1,401298E-45
1,401298E-45
1,401298E-45
3,993207E-17
0,03456348
0,03456348
0,1032444
0,1376272
0,2412926
0,2754124
0,3441361
0,3441361
0,4821161
0,4821161
0,5511462
0,5856906
0,4827698
0,4828771
0,517596
0,5522373
0,5175036
0,4833156
0,4143375
0,3452122
0,3797734
0,3450482
0,2761262
0,2760896
0,2760896
0,2072305
0,2072305
0,1726767
0,103561
0,03468272
0,03468272
0,03468272
0,03468272
1,401298E-45
0
0
0
0
0
0
0
0
0
0
0
0
0
0
0
0
0
0
0
0
0
0
0
0
0
0
0
0
0
0
0
0
0
0
0
0
0
0
0
0
0
0
0
0
0
0
0
0
0
0
0
0
0
0
0
0
1,401298E-45
1,401298E-45
1,401298E-45
1,401298E-45
1,401298E-45
1,401298E-45
1,401298E-45
1,401298E-45
1,401298E-45
3,993207E-17
0,03456348
0,03456348
0,1378115
0,1721942
0,2412926
0,2754124
0,3785695
0,3785695
0,5166824
0,5512263
0,5511279
0,5165797
0,4482212
0,4137786
0,4484981
0,4831389
0,5175036
0,4835583
0,4145807
0,3452122
0,3797734
0,3797315
0,310809
0,2760896
0,2760896
0,2072305
0,2072305
0,1726767
0,103561
0,03468272
0,03468272
0,03468272
0,03468272
1,401298E-45
0
0
0
0
0
0
0
0
0
0
0
0
0
0
0
0
0
0
0
0
0
0
0
0
0
0
0
0
0
0
0
0
0
0
0
0
0
0
0
0
0
0
0
0
0
0
0
0
0
0
0
0
0
1,401298E-45
1,401298E-45
1,401298E-45
1,401298E-45
1,401298E-45
1,401298E-45
1,401298E-45
1,401298E-45
1,401298E-45
1,401298E-45
1,401298E-45
1,401298E-45
0,03413277
0,06869626
0,06869626
0,1378115
0,1721942
0,2412926
0,2754124
0,3785695
0,3785695
0,5166824
0,5512263
0,5858518
0,551303
0,4482212
0,4137786
0,4830527
0,4833166
0,483137
0,4144482
0,380014
0,3452122
0,3797734
0,3797315
0,310809
0,2760896
0,2760896
0,2072305
0,2072305
0,1726767
0,103561
0,03468272
1,401298E-45
1,401298E-45
1,401298E-45
1,401298E-45
0
0
0
0
0
0
0
0
0
0
0
0
0
0
0
0
0
0
0
0
0
0
0
0
0
0
0
0
0
0
0
0
0
0
0
0
0
0
0
0
0
0
0
0
0
0
0
0
0
0
0
0
0
1,401298E-45
1,401298E-45
1,401298E-45
1,401298E-45
1,401298E-45
1,401298E-45
1,401298E-45
1,401298E-45
1,401298E-45
1,401298E-45
1,401298E-45
1,401298E-45
0,03413277
0,06869626
0,1032001
0,1723155
0,206698
0,2412926
0,2754124
0,3785695
0,3785695
0,5166824
0,5512263
0,5858518
0,551303
0,4482212
0,4137786
0,4830527
0,4833166
0,4487034
0,380014
0,380014
0,3452122
0,3797734
0,3797315
0,310809
0,2760896
0,2760896
0,2072305
0,1726089
0,1380548
0,103561
0,03468272
1,401298E-45
1,401298E-45
1,401298E-45
1,401298E-45
0
0
0
0
0
0
0
0
0
0
0
0
0
0
0
0
0
0
0
0
0
0
0
0
0
0
0
0
0
0
0
0
0
0
0
0
0
0
0
0
0
0
0
0
0
0
0
0
0
0
0
0
0
1,401298E-45
1,401298E-45
1,401298E-45
1,401298E-45
1,401298E-45
1,401298E-45
1,401298E-45
1,401298E-45
1,401298E-45
1,070388E-37
1,070388E-37
1,070388E-37
0,03413277
0,06869626
0,1375826
0,206698
0,206698
0,2412926
0,2754124
0,4477377
0,4477377
0,5166824
0,5512263
0,5512842
0,5167362
0,4828621
0,4484192
0,5176922
0,4833166
0,4487034
0,380014
0,4142727
0,3447458
0,3450482
0,3797315
0,310809
0,2760896
0,2760896
0,2072305
0,1726089
0,1380548
0,103561
0,03468272
1,401298E-45
1,401298E-45
1,401298E-45
1,401298E-45
0
0
0
0
0
0
0
0
0
0
1,070388E-37
1,070388E-37
1,070388E-37
1,070388E-37
0
0
0
0
0
0
0
0
0
0
0
0
0
0
0
0
0
0
0
0
0
0
0
0
0
0
0
0
0
0
0
0
0
0
0
0
0
0
0
1,401298E-45
1,401298E-45
1,401298E-45
1,401298E-45
1,401298E-45
1,070388E-37
1,070388E-37
1,070388E-37
1,070388E-37
1,070388E-37
1,070388E-37
0,03456348
0,1032444
0,1032444
0,2067254
0,2412926
0,2412926
0,2412926
0,2754124
0,4477377
0,4477377
0,5166824
0,5170949
0,4827698
0,4137176
0,4483582
0,4484192
0,5176922
0,4833166
0,4487034
0,380014
0,4142727
0,3447458
0,3450482
0,3797315
0,2761685
0,2414488
0,2068951
0,1726767
0,1380548
0,1380548
0,103561
0,03468272
1,401298E-45
1,401298E-45
0
0
0
0
0
0
0
0
0
0
0
0
1,070388E-37
1,070388E-37
1,070388E-37
1,070388E-37
0
0
0
0
0
0
0
0
0
0
0
0
0
0
0
0
0
0
0
0
0
0
0
0
0
0
0
0
0
0
0
0
0
0
0
0
0
0
0
1,401298E-45
1,401298E-45
1,401298E-45
1,401298E-45
1,401298E-45
1,070388E-37
1,070388E-37
1,070388E-37
1,070388E-37
1,070388E-37
1,070388E-37
0,03456348
0,1032444
0,1378115
0,2412926
0,2412926
0,2412926
0,2412926
0,3099786
0,4823038
0,5168477
0,5512263
0,5170949
0,4827698
0,4481758
0,4828162
0,4484192
0,5175461
0,483169
0,4143375
0,380014
0,4142727
0,3447458
0,3450482
0,3797315
0,2761685
0,2414488
0,2068951
0,1726767
0,1037967
0,1037967
0,06930257
0,03468272
1,401298E-45
1,401298E-45
0
0
0
0
0
0
0
0
0
1,070388E-37
1,070388E-37
1,070388E-37
1,070388E-37
1,070388E-37
1,070388E-37
1,070388E-37
1,070388E-37
1,070388E-37
1,070388E-37
1,070388E-37
0
0
0
0
0
0
0
0
0
0
0
0
0
0
0
0
0
0
0
0
0
0
0
0
0
0
0
0
0
0
0
0
0
0
0
1,401298E-45
1,401298E-45
1,401298E-45
1,401298E-45
1,401298E-45
1,070388E-37
1,070388E-37
1,070388E-37
1,070388E-37
1,070388E-37
1,070388E-37
0,03456348
0,1377484
0,1723155
0,2412926
0,2412926
0,2412926
0,2757259
0,3444123
0,5166824
0,5512263
0,4821149
0,4479823
0,4482212
0,4481758
0,4828162
0,4484192
0,5175461
0,483169
0,3795355
0,3452122
0,3794706
0,3794288
0,3797315
0,3797315
0,2761685
0,2072305
0,1726767
0,1726767
0,1037967
0,1037967
0,06930257
0,03468272
1,401298E-45
1,401298E-45
0
0
0
0
0
0
0
0
0
1,070388E-37
1,070388E-37
1,070388E-37
1,070388E-37
1,070388E-37
1,070388E-37
1,070388E-37
1,070388E-37
1,070388E-37
1,070388E-37
1,070388E-37
0
0
0
0
0
0
0
0
0
0
0
0
0
0
0
0
0
0
0
0
0
0
0
0
0
0
0
0
0
0
0
0
0
0
0
1,401298E-45
1,401298E-45
1,401298E-45
1,401298E-45
1,401298E-45
1,070388E-37
1,070388E-37
1,070388E-37
1,070388E-37
1,070388E-37
1,070388E-37
0,03456348
0,1377484
0,1723155
0,2412926
0,2412926
0,2412926
0,2757259
0,3444123
0,5166824
0,5512263
0,4821149
0,4479823
0,4482212
0,4135809
0,4482216
0,4484192
0,5175461
0,4486249
0,3795355
0,3452122
0,3794706
0,3794288
0,3452734
0,3452734
0,2761685
0,2072305
0,1726767
0,1726767
0,1037967
0,1037967
0,03461987
1,401298E-45
1,401298E-45
1,401298E-45
0
0
0
0
0
0
0
0
6,445973E-44
6,445973E-44
6,445973E-44
6,445973E-44
1,070388E-37
1,070388E-37
1,070388E-37
1,070388E-37
1,070388E-37
1,070388E-37
1,070388E-37
1,070388E-37
0
0
0
0
0
0
0
0
0
0
0
0
0
0
0
0
0
0
0
0
0
0
0
0
0
0
0
0
0
0
0
0
0
0
0
1,070388E-37
1,070388E-37
1,070388E-37
1,070388E-37
1,070388E-37
1,070388E-37
1,070388E-37
1,070388E-37
1,070388E-37
1,070388E-37
1,070388E-37
0,03456348
0,1377484
0,1723155
0,2412926
0,2412926
0,2754124
0,3442223
0,3787883
0,5166824
0,5512263
0,4130439
0,378911
0,4137176
0,4135809
0,4482216
0,4139856
0,4831669
0,3798676
0,3452122
0,3452122
0,3794706
0,3794288
0,3452734
0,3452734
0,2761685
0,2072305
0,1726767
0,1726767
0,1037967
0,1037967
0,03461987
1,401298E-45
1,401298E-45
1,401298E-45
0
0
0
0
0
0
0
0
6,445973E-44
6,445973E-44
6,445973E-44
6,445973E-44
1,070388E-37
1,070388E-37
1,070388E-37
1,070388E-37
1,070388E-37
1,070388E-37
1,070388E-37
1,070388E-37
0
0
0
0
0
0
0
0
0
0
0
0
0
0
0
0
0
0
0
0
0
0
0
0
0
0
0
0
0
0
0
0
0
0
0
1,070388E-37
1,070388E-37
1,070388E-37
1,070388E-37
1,070388E-37
1,070388E-37
1,070388E-37
1,070388E-37
0,03456348
0,06906733
0,1036154
0,1379979
0,1721309
0,206698
0,2412926
0,2412926
0,3102144
0,4133902
0,447956
0,5166824
0,5512263
0,4130439
0,378911
0,4137176
0,3794612
0,4141018
0,4139856
0,4831669
0,3798676
0,3452122
0,3452122
0,3794706
0,3794288
0,3452734
0,3452734
0,2761685
0,2072305
0,1726767
0,1726767
0,1037967
0,1037967
0,03461987
1,401298E-45
1,401298E-45
1,401298E-45
0
0
0
0
0
0
0
0
6,445973E-44
6,445973E-44
6,445973E-44
6,445973E-44
1,070388E-37
1,070388E-37
1,070388E-37
1,070388E-37
1,070388E-37
1,070388E-37
1,070388E-37
1,070388E-37
1,070388E-37
1,070388E-37
1,070388E-37
1,070388E-37
1,070388E-37
0
0
0
0
0
0
0
0
0
0
0
0
0
0
0
0
0
0
0
0
0
0
0
0
0
0
1,070388E-37
1,070388E-37
1,070388E-37
1,070388E-37
1,070388E-37
1,070388E-37
1,070388E-37
1,070388E-37
1,070388E-37
1,070388E-37
1,070388E-37
1,070388E-37
0,03456348
0,06906733
0,1036154
0,1725651
0,206698
0,206698
0,2412926
0,2412926
0,3102144
0,4133902
0,4825006
0,5512263
0,5512263
0,4130439
0,378911
0,4137176
0,4137786
0,4484192
0,3796092
0,4487908
0,3798676
0,3452122
0,3452122
0,3794706
0,3794288
0,3452734
0,3452734
0,2761685
0,2072305
0,1726767
0,1726767
0,1037967
0,1037967
0,03461987
1,401298E-45
1,401298E-45
1,401298E-45
0
0
0
0
0
0
0
0
0
0
6,445973E-44
6,445973E-44
6,445973E-44
6,445973E-44
6,445973E-44
6,445973E-44
1,070388E-37
1,070388E-37
1,070388E-37
1,070388E-37
1,070388E-37
1,070388E-37
1,070388E-37
1,070388E-37
1,070388E-37
1,070388E-37
1,070388E-37
1,070388E-37
1,070388E-37
0
0
0
0
0
0
0
0
0
0
0
0
0
0
0
0
0
1,070388E-37
1,070388E-37
1,070388E-37
1,070388E-37
1,070388E-37
1,070388E-37
1,070388E-37
1,070388E-37
1,070388E-37
1,070388E-37
1,070388E-37
1,070388E-37
1,070388E-37
1,070388E-37
6,445973E-44
6,445973E-44
6,445973E-44
0,03456348
0,06906733
0,1036154
0,1725651
0,206698
0,206698
0,2412926
0,2412926
0,3102144
0,4133902
0,4825006
0,5166783
0,5166783
0,3786614
0,344529
0,4137176
0,4137786
0,4484192
0,3796092
0,4487908
0,4141259
0,3794706
0,3794706
0,3797734
0,3797315
0,3452734
0,3452734
0,2761685
0,1726089
0,1380548
0,1380548
0,1037967
0,1037967
0,03461987
1,401298E-45
1,401298E-45
1,401298E-45
0
0
0
0
0
0
0
0
0
0
6,445973E-44
6,445973E-44
6,445973E-44
6,445973E-44
6,445973E-44
6,445973E-44
1,070388E-37
1,070388E-37
1,070388E-37
1,070388E-37
1,070388E-37
1,070388E-37
1,070388E-37
1,070388E-37
1,070388E-37
1,070388E-37
1,070388E-37
1,070388E-37
1,070388E-37
0
0
0
0
0
0
0
0
0
0
0
0
0
0
0
0
0
1,070388E-37
1,070388E-37
1,070388E-37
1,070388E-37
1,070388E-37
1,070388E-37
1,070388E-37
1,070388E-37
1,070388E-37
1,070388E-37
1,070388E-37
1,070388E-37
1,070388E-37
1,070388E-37
6,445973E-44
6,445973E-44
0,03450388
0,06906733
0,06906733
0,1377484
0,206698
0,2412926
0,2412926
0,2757259
0,2757259
0,3792143
0,447956
0,4479366
0,447611
0,447611
0,4133861
0,3792536
0,4137176
0,4137786
0,4140533
0,3106991
0,3794447
0,3793241
0,3794706
0,3794706
0,3797734
0,3797315
0,3452734
0,3452734
0,2761685
0,1726089
0,1037967
0,1037967
0,1037967
0,1037967
0,03461987
1,401298E-45
1,401298E-45
1,401298E-45
0
0
0
0
0
0
0
0
0
0
0
0
0
0
6,445973E-44
6,445973E-44
1,070388E-37
1,070388E-37
1,070388E-37
1,070388E-37
1,070388E-37
1,070388E-37
1,070388E-37
1,070388E-37
1,070388E-37
1,070388E-37
1,070388E-37
1,070388E-37
1,070388E-37
1,070388E-37
1,070388E-37
1,070388E-37
1,070388E-37
1,070388E-37
1,070388E-37
1,070388E-37
1,070388E-37
1,070388E-37
1,070388E-37
1,070388E-37
1,070388E-37
1,070388E-37
1,070388E-37
1,070388E-37
1,070388E-37
1,070388E-37
1,070388E-37
1,070388E-37
1,070388E-37
1,070388E-37
1,070388E-37
1,070388E-37
1,070388E-37
1,070388E-37
1,070388E-37
6,445973E-44
6,445973E-44
6,445973E-44
6,445973E-44
6,445973E-44
6,445973E-44
6,445973E-44
0,03450388
0,06906733
0,06906733
0,1377484
0,206698
0,2412926
0,2412926
0,2757259
0,2757259
0,3792143
0,447956
0,4479366
0,4130439
0,4130439
0,4133861
0,3792536
0,4137176
0,4137786
0,4140533
0,3106991
0,3794447
0,3793241
0,3794706
0,4141534
0,4144561
0,3797315
0,3452734
0,3452734
0,2761685
0,1726089
0,1037967
0,1037967
0,06917679
0,06917679
1,401298E-45
1,401298E-45
1,401298E-45
1,401298E-45
0
0
0
0
0
0
0
0
0
0
0
0
0
0
0
0
1,070388E-37
1,070388E-37
1,070388E-37
1,070388E-37
1,070388E-37
1,070388E-37
1,070388E-37
1,070388E-37
1,070388E-37
1,070388E-37
1,070388E-37
1,070388E-37
1,070388E-37
1,070388E-37
1,070388E-37
1,070388E-37
1,070388E-37
1,070388E-37
1,070388E-37
1,070388E-37
1,070388E-37
1,070388E-37
1,070388E-37
1,070388E-37
1,070388E-37
1,070388E-37
1,070388E-37
1,070388E-37
1,070388E-37
1,070388E-37
1,070388E-37
1,070388E-37
1,070388E-37
1,070388E-37
1,070388E-37
1,070388E-37
1,070388E-37
1,070388E-37
1,070388E-37
6,445973E-44
6,445973E-44
6,445973E-44
6,445973E-44
6,445973E-44
1,401298E-45
1,401298E-45
0,03450388
0,1036154
0,1381826
0,1723155
0,206698
0,2412926
0,2412926
0,2757259
0,3101025
0,4481346
0,4823751
0,4478122
0,4130439
0,4130439
0,4133861
0,3792536
0,4137176
0,3793453
0,3796193
0,3106991
0,3794447
0,3793241
0,3794706
0,3794288
0,3797315
0,3797315
0,3452734
0,3452734
0,310809
0,2072494
0,1384372
0,1037967
0,06917679
0,06917679
1,401298E-45
1,401298E-45
1,401298E-45
1,401298E-45
0
0
0
0
0
0
0
0
0
0
0
0
0
0
0
0
0
0
6,445973E-44
6,445973E-44
1,070388E-37
1,070388E-37
1,070388E-37
1,070388E-37
1,070388E-37
1,070388E-37
1,070388E-37
1,070388E-37
1,070388E-37
1,070388E-37
1,070388E-37
1,070388E-37
1,070388E-37
1,070388E-37
1,070388E-37
1,070388E-37
1,070388E-37
1,070388E-37
1,070388E-37
1,070388E-37
1,070388E-37
1,070388E-37
1,070388E-37
1,070388E-37
1,070388E-37
1,070388E-37
1,070388E-37
1,070388E-37
1,070388E-37
1,070388E-37
1,070388E-37
6,445973E-44
6,445973E-44
6,445973E-44
6,445973E-44
6,445973E-44
6,445973E-44
6,445973E-44
6,445973E-44
6,445973E-44
0,03450388
0,03450388
0,03450388
0,1036154
0,1725651
0,206698
0,206698
0,2412926
0,2412926
0,2757259
0,3101025
0,4481346
0,4478271
0,4132636
0,4130439
0,378911
0,3791231
0,3791231
0,3791231
0,3793453
0,3796746
0,3452489
0,4139386
0,4138184
0,3794706
0,3794288
0,3797315
0,3797315
0,3452734
0,3452734
0,310809
0,2072494
0,1384372
0,1037967
0,03449399
0,03449399
1,401298E-45
1,401298E-45
1,401298E-45
1,401298E-45
0
0
0
0
0
0
0
0
0
0
0
0
0
0
0
0
0
0
0
0
1,070388E-37
1,070388E-37
1,070388E-37
1,070388E-37
1,070388E-37
1,070388E-37
1,070388E-37
1,070388E-37
1,070388E-37
1,070388E-37
1,070388E-37
1,070388E-37
1,070388E-37
1,070388E-37
1,070388E-37
1,070388E-37
1,070388E-37
1,070388E-37
1,070388E-37
1,070388E-37
1,070388E-37
1,070388E-37
1,070388E-37
1,070388E-37
1,070388E-37
1,070388E-37
1,070388E-37
1,070388E-37
1,070388E-37
1,070388E-37
1,070388E-37
6,445973E-44
6,445973E-44
6,445973E-44
6,445973E-44
6,445973E-44
6,445973E-44
1,401298E-45
1,401298E-45
1,401298E-45
0,03450388
0,03450388
0,03450388
0,1036154
0,1725651
0,206698
0,206698
0,2412926
0,2412926
0,3443904
0,3787661
0,4481346
0,4132599
0,3786969
0,4130439
0,378911
0,3791231
0,4478988
0,4478988
0,3448008
0,345044
0,3451621
0,3792979
0,4138184
0,3794706
0,3794288
0,3797315
0,3797315
0,3452734
0,3106513
0,2761874
0,2072494
0,1384372
0,1037967
0,03449399
0,03449399
1,401298E-45
1,401298E-45
1,401298E-45
0
0
0
0
0
0
0
0
0
0
0
0
0
0
0
0
0
0
0
0
0
0
0
0
0
0
0
0
0
0
1,070388E-37
1,070388E-37
1,070388E-37
1,070388E-37
1,070388E-37
1,070388E-37
1,070388E-37
1,070388E-37
1,070388E-37
1,070388E-37
1,070388E-37
1,070388E-37
1,070388E-37
6,445973E-44
6,445973E-44
6,445973E-44
6,445973E-44
6,445973E-44
6,445973E-44
6,445973E-44
0
0
1,401298E-45
1,401298E-45
1,401298E-45
1,401298E-45
1,401298E-45
1,401298E-45
1,401298E-45
1,401298E-45
1,401298E-45
0,03450388
0,06906733
0,06906733
0,1036154
0,1725651
0,1725651
0,1725651
0,2756684
0,2756684
0,3446466
0,3446466
0,3787661
0,3095257
0,309529
0,4130439
0,378911
0,3791231
0,4478988
0,4478988
0,3104247
0,2761144
0,2417358
0,275706
0,3446046
0,3794706
0,3794288
0,3451111
0,3451111
0,3452734
0,3106513
0,2761874
0,2072494
0,1384372
0,06930257
1,401298E-45
1,401298E-45
1,401298E-45
1,401298E-45
1,401298E-45
0
0
0
0
0
0
0
0
0
0
0
0
0
0
0
0
0
0
0
0
0
0
0
0
0
0
0
0
0
0
1,070388E-37
1,070388E-37
1,070388E-37
1,070388E-37
1,070388E-37
1,070388E-37
1,070388E-37
1,070388E-37
1,070388E-37
1,070388E-37
1,070388E-37
1,070388E-37
1,070388E-37
6,445973E-44
6,445973E-44
6,445973E-44
6,445973E-44
6,445973E-44
6,445973E-44
6,445973E-44
0
0
0
0
0
0
1,401298E-45
1,401298E-45
1,401298E-45
1,401298E-45
1,401298E-45
1,401298E-45
1,401298E-45
0,03450388
0,06906733
0,10345
0,1379979
0,1725651
0,241074
0,241074
0,2755984
0,2755984
0,3442623
0,3095257
0,2751459
0,3443138
0,3101813
0,3446586
0,3446586
0,3791231
0,3104247
0,2414925
0,2071137
0,275706
0,275706
0,3105718
0,3104872
0,3104284
0,3106471
0,310809
0,2761874
0,2761874
0,2072494
0,1384372
0,06930257
1,401298E-45
1,401298E-45
1,401298E-45
0
0
0
0
0
0
0
0
0
0
0
4
